2683 1215 1862
1215 1862 2683
1862 1215 2683
1526 606 2196
606 1526 2196
2196 606 1526
744 440 1724
1724 440 744
440 744 1724
480 1991 2691
1991 480 2691
2691 480 1991
2980 1345 1731
1731 1345 2980
1345 1731 2980
2379 385 525
525 385 2379
385 525 2379
1878 326 1426
326 1426 1878
1426 326 1878
2181 1845 2886
1845 2181 2886
2886 1845 2181
1881 672 1922
672 1881 1922
1922 672 1881
153 1157 2654
2654 153 1157
1157 153 2654
1858 1623 1997
1997 1623 1858
1623 1858 1997
2472 286 1597
1597 286 2472
286 1597 2472
421 1543 1626
1626 421 1543
1543 421 1626
1196 2348 2643
2348 1196 2643
2643 1196 2348
1059 1106 2658
1106 1059 2658
2658 1059 1106
2098 694 2531
2531 694 2098
694 2098 2531
2301 275 1873
275 1873 2301
1873 275 2301
1734 612 991
612 991 1734
991 612 1734
820 1837 2510
2510 820 1837
1837 820 2510
1310 344 689
689 344 1310
344 689 1310
619 737 2657
737 619 2657
2657 619 737
1122 328 1868
328 1122 1868
1868 328 1122
1987 2230 2487
2487 1987 2230
2230 1987 2487
582 727 2180
727 582 2180
2180 582 727
2624 973 2187
2187 973 2624
973 2187 2624
967 2073 2338
2338 967 2073
2073 967 2338
594 2200 2859
2200 594 2859
2859 594 2200
458 131 2402
131 458 2402
2402 131 458
2446 35 2583
2583 35 2446
35 2446 2583
2644 1218 1441
1218 1441 2644
1441 1218 2644
1495 805 1366
1366 805 1495
805 1366 1495
2191 149 459
149 459 2191
459 149 2191
481 2078 2776
2078 481 2776
2776 481 2078
656 311 939
311 656 939
939 311 656
905 653 2490
653 905 2490
2490 653 905
104 756 1885
756 104 1885
1885 104 756
2924 116 1028
116 1028 2924
1028 116 2924
2072 806 2590
2590 806 2072
806 2072 2590
1883 7 1476
7 1476 1883
1476 7 1883
26 1063 1870
1870 26 1063
1063 26 1870
2753 1568 2807
2807 1568 2753
1568 2753 2807
1158 1326 2150
1326 1158 2150
2150 1158 1326
2241 1990 2869
1990 2241 2869
2869 1990 2241
65 1627 2495
1627 65 2495
2495 65 1627
640 29 1394
29 640 1394
1394 29 640
1617 929 2940
2940 929 1617
929 1617 2940
649 1550 1590
1550 649 1590
1590 649 1550
2688 169 541
541 169 2688
169 541 2688
2988 723 1036
1036 723 2988
723 1036 2988
1268 1764 2471
2471 1268 1764
1764 1268 2471
1810 1693 2591
2591 1693 1810
1693 1810 2591
802 1434 1448
1448 802 1434
1434 802 1448
2960 952 1147
1147 952 2960
952 1147 2960
511 490 1707
490 511 1707
1707 490 511
968 1918 2434
2434 968 1918
1918 968 2434
1710 584 2051
2051 584 1710
584 1710 2051
2729 498 873
498 873 2729
873 498 2729
1928 519 1923
1923 519 1928
519 1923 1928
1486 562 858
562 858 1486
858 562 1486
1690 1015 2373
1015 1690 2373
2373 1015 1690
2836 1216 1682
1682 1216 2836
1216 1682 2836
2690 703 971
703 971 2690
971 703 2690
1754 249 2794
249 1754 2794
2794 249 1754
2445 273 2068
273 2068 2445
2068 273 2445
1229 1799 2660
1799 1229 2660
2660 1229 1799
145 1078 2637
2637 145 1078
1078 145 2637
2491 923 1925
923 1925 2491
1925 923 2491
2188 962 1327
962 1327 2188
1327 962 2188
1286 1802 1950
1950 1286 1802
1802 1286 1950
2569 477 816
816 477 2569
477 816 2569
2888 743 1619
1619 743 2888
743 1619 2888
2054 2449 2502
2502 2054 2449
2449 2054 2502
1813 2680 2771
2771 1813 2680
2680 1813 2771
2473 601 2640
2640 601 2473
601 2473 2640
2306 944 1506
944 1506 2306
1506 944 2306
1267 177 1277
1277 177 1267
177 1267 1277
2699 1520 2514
1520 2514 2699
2514 1520 2699
722 661 1656
1656 661 722
661 722 1656
143 49 2298
2298 49 143
49 143 2298
1054 243 1815
243 1054 1815
1815 243 1054
2670 322 2358
2358 322 2670
322 2358 2670
2121 1368 1575
1368 1575 2121
1575 1368 2121
567 579 1663
1663 567 579
579 567 1663
1017 1551 2145
1551 1017 2145
2145 1017 1551
2021 1042 1471
1042 1471 2021
1471 1042 2021
2553 2006 2103
2103 2006 2553
2006 2103 2553
1906 2821 2952
2821 1906 2952
2952 1906 2821
763 994 2718
2718 763 994
994 763 2718
1559 1421 1902
1902 1421 1559
1421 1559 1902
1598 1788 2562
2562 1598 1788
1788 1598 2562
822 452 2895
2895 452 822
452 822 2895
1899 2322 2387
2322 1899 2387
2387 1899 2322
948 1951 2666
1951 948 2666
2666 948 1951
2813 48 2798
2798 48 2813
48 2798 2813
449 1946 2357
1946 449 2357
2357 449 1946
46 1644 1659
1659 46 1644
1644 46 1659
1585 1089 1803
1089 1585 1803
1803 1089 1585
1355 636 1843
1843 636 1355
636 1355 1843
2661 2368 2667
2368 2661 2667
2667 2368 2661
189 641 2790
2790 189 641
641 189 2790
1890 284 910
910 284 1890
284 910 1890
403 1019 1097
1019 403 1097
1097 403 1019
25 281 405
281 25 405
405 25 281
2221 457 1974
1974 457 2221
457 1974 2221
111 58 673
673 58 111
58 111 673
2508 982 1377
982 1377 2508
1377 982 2508
688 183 2207
2207 183 688
183 688 2207
2724 1070 2466
1070 2466 2724
2466 1070 2724
1026 1443 2335
1443 1026 2335
2335 1026 1443
1666 1840 1982
1840 1666 1982
1982 1666 1840
1910 508 2950
2950 508 1910
508 1910 2950
2814 739 2944
739 2814 2944
2944 739 2814
1733 1715 2272
2272 1715 1733
1715 1733 2272
2755 171 1745
1745 171 2755
171 1745 2755
388 961 2347
2347 388 961
961 388 2347
854 1417 1753
1417 854 1753
1753 854 1417
2240 1111 1439
1111 1439 2240
1439 1111 2240
2019 12 2998
2998 12 2019
12 2019 2998
2010 483 2631
483 2010 2631
2631 483 2010
512 218 610
218 512 610
610 218 512
1980 27 871
27 871 1980
871 27 1980
290 1579 1678
1678 290 1579
1579 290 1678
2801 800 927
800 927 2801
927 800 2801
180 812 2649
812 180 2649
2649 180 812
2084 1396 2492
2492 1396 2084
1396 2084 2492
2953 444 1289
444 1289 2953
1289 444 2953
2889 1861 2634
1861 2634 2889
2634 1861 2889
1797 318 1860
1860 318 1797
318 1797 1860
1502 1757 1853
1757 1502 1853
1853 1502 1757
740 45 2484
45 740 2484
2484 45 740
2039 729 1405
1405 729 2039
729 1405 2039
2023 501 2069
2069 501 2023
501 2023 2069
918 1040 2709
2709 918 1040
1040 918 2709
701 339 838
339 701 838
838 339 701
1329 2477 2865
2477 1329 2865
2865 1329 2477
2092 491 1125
1125 491 2092
491 1125 2092
1006 1528 1725
1725 1006 1528
1528 1006 1725
252 105 870
870 105 252
105 252 870
2673 47 1256
1256 47 2673
47 1256 2673
2829 2235 2989
2235 2829 2989
2989 2235 2829
150 1068 2721
1068 150 2721
2721 150 1068
2609 1983 2213
1983 2213 2609
2213 1983 2609
502 1536 2707
1536 502 2707
2707 502 1536
1341 1798 2594
2594 1341 1798
1798 1341 2594
777 88 1695
1695 88 777
88 777 1695
2832 969 2290
2290 969 2832
969 2290 2832
1069 1874 2291
2291 1069 1874
1874 1069 2291
2309 370 1591
370 1591 2309
1591 370 2309
2668 1076 2296
1076 2296 2668
2296 1076 2668
972 1658 2420
2420 972 1658
1658 972 2420
1848 647 1219
647 1219 1848
1219 647 1848
151 1965 2460
1965 151 2460
2460 151 1965
1529 2199 2497
2199 1529 2497
2497 1529 2199
2423 139 2677
139 2423 2677
2677 139 2423
657 856 1388
1388 657 856
856 657 1388
2282 1427 1444
1444 1427 2282
1427 1444 2282
1050 191 1007
191 1007 1050
1007 191 1050
1995 412 2516
412 1995 2516
2516 412 1995
2475 551 2684
2684 551 2475
551 2475 2684
2919 224 374
224 374 2919
374 224 2919
2433 92 780
92 780 2433
780 92 2433
2264 638 1253
638 1253 2264
1253 638 2264
2268 1516 2359
1516 2268 2359
2359 1516 2268
2439 109 2826
2826 109 2439
109 2439 2826
2552 1047 1648
1047 1648 2552
1648 1047 2552
445 1844 2409
1844 445 2409
2409 445 1844
379 623 1262
623 379 1262
1262 379 623
1411 2079 2293
2079 1411 2293
2293 1411 2079
2422 989 1181
1181 989 2422
989 1181 2422
1614 443 1416
1416 443 1614
443 1416 1614
2397 791 2645
791 2397 2645
2645 791 2397
1403 1103 2482
1103 1403 2482
2482 1103 1403
63 1163 2560
2560 63 1163
1163 63 2560
1025 2528 2981
2528 1025 2981
2981 1025 2528
2593 781 2226
781 2226 2593
2226 781 2593
432 375 2459
375 432 2459
2459 375 432
2062 1477 1603
1477 1603 2062
1603 1477 2062
1193 235 1188
1188 235 1193
235 1188 1193
2314 734 908
908 734 2314
734 908 2314
1570 1149 1826
1826 1149 1570
1149 1570 1826
713 1161 1437
1161 713 1437
1437 713 1161
1092 1362 2907
1362 1092 2907
2907 1092 1362
2830 563 958
563 958 2830
958 563 2830
2806 439 1379
1379 439 2806
439 1379 2806
1510 73 1864
1864 73 1510
73 1510 1864
2028 1011 1389
1389 1011 2028
1011 1389 2028
1008 1283 2229
1283 1008 2229
2229 1008 1283
2149 2120 2214
2120 2149 2214
2214 2120 2149
2925 804 925
925 804 2925
804 925 2925
542 1740 2101
2101 542 1740
1740 542 2101
2737 912 2201
2201 912 2737
912 2201 2737
1999 2244 2607
2607 1999 2244
2244 1999 2607
1989 557 708
708 557 1989
557 708 1989
1544 1048 2935
1048 1544 2935
2935 1048 1544
753 192 1184
192 753 1184
1184 192 753
1801 637 1823
1823 637 1801
637 1801 1823
2280 1462 1713
1462 1713 2280
1713 1462 2280
132 1348 2754
1348 132 2754
2754 132 1348
1037 1493 2703
2703 1037 1493
1493 1037 2703
979 378 1515
378 979 1515
1515 378 979
2126 1895 2547
1895 2126 2547
2547 1895 2126
746 510 2128
510 746 2128
2128 510 746
919 2052 2415
2415 919 2052
2052 919 2415
1423 1789 2097
1789 1423 2097
2097 1423 1789
1947 1574 2501
2501 1574 1947
1574 1947 2501
1041 714 2900
2900 714 1041
714 1041 2900
1743 144 492
492 144 1743
144 492 1743
2939 1748 1876
1748 1876 2939
1876 1748 2939
2382 1832 2522
1832 2382 2522
2522 1832 2382
522 785 1087
785 522 1087
1087 522 785
2009 955 1410
1410 955 2009
955 1410 2009
1994 2159 2371
2159 1994 2371
2371 1994 2159
2757 1962 2258
2258 1962 2757
1962 2258 2757
2065 364 1688
364 1688 2065
1688 364 2065
2194 1825 2140
1825 2140 2194
2140 1825 2194
1020 272 2840
272 1020 2840
2840 272 1020
1749 371 1077
1077 371 1749
371 1077 1749
886 732 2020
2020 732 886
732 886 2020
1455 1334 1686
1334 1455 1686
1686 1334 1455
1207 2738 2745
2745 1207 2738
2738 1207 2745
1778 239 1300
1300 239 1778
239 1300 1778
228 1316 1419
1316 228 1419
1419 228 1316
1828 956 1384
1384 956 1828
956 1384 1828
2686 1178 2388
2388 1178 2686
1178 2388 2686
988 809 2129
809 988 2129
2129 809 988
1116 1206 2922
1206 1116 2922
2922 1116 1206
43 220 826
826 43 220
220 43 826
1168 2155 2587
2155 1168 2587
2587 1168 2155
692 448 745
745 448 692
448 692 745
1809 754 1684
754 1684 1809
1684 754 1809
853 1714 2911
1714 853 2911
2911 853 1714
1425 1148 1655
1148 1425 1655
1655 1148 1425
2025 1018 2303
1018 2025 2303
2303 1018 2025
1236 1119 2474
1119 1236 2474
2474 1119 1236
860 13 1328
13 860 1328
1328 13 860
931 1632 2087
2087 931 1632
1632 931 2087
2598 1677 2985
1677 2598 2985
2985 1677 2598
1971 2186 2323
2186 1971 2323
2323 1971 2186
2524 1375 1560
1560 1375 2524
1375 1560 2524
381 201 980
201 381 980
980 201 381
1058 1616 1930
1930 1058 1616
1616 1058 1930
911 2372 2870
2372 911 2870
2870 911 2372
2333 1349 2520
1349 2333 2520
2520 1349 2333
2166 1052 1752
1052 1752 2166
1752 1052 2166
1190 196 2219
196 1190 2219
2219 196 1190
1636 134 803
134 803 1636
803 134 1636
833 1760 2930
2930 833 1760
1760 833 2930
1297 1768 2494
1768 1297 2494
2494 1297 1768
2891 52 2748
2748 52 2891
52 2748 2891
1202 288 1556
288 1202 1556
1556 288 1202
1045 176 285
176 285 1045
285 176 1045
1608 885 2383
2383 885 1608
885 1608 2383
1114 324 398
324 398 1114
398 324 1114
89 901 1226
901 89 1226
1226 89 901
1696 141 2968
141 1696 2968
2968 141 1696
2340 1584 2161
1584 2161 2340
2161 1584 2340
1968 698 2599
698 1968 2599
2599 698 1968
538 2248 2582
2582 538 2248
2248 538 2582
1599 2408 2726
2726 1599 2408
2408 1599 2726
768 470 892
892 470 768
470 768 892
395 707 709
709 395 707
707 395 709
345 260 338
338 260 345
260 338 345
1514 581 775
775 581 1514
581 775 1514
2618 1712 2879
1712 2618 2879
2879 1712 2618
984 22 779
22 779 984
779 22 984
1182 1159 2254
1159 1182 2254
2254 1159 1182
1 2392 2805
2392 1 2805
2805 1 2392
2167 2300 2542
2300 2167 2542
2542 2167 2300
61 2626 2992
2992 61 2626
2626 61 2992
233 2378 2905
2905 233 2378
2378 233 2905
2938 353 2929
353 2929 2938
2929 353 2938
2506 1988 2890
1988 2506 2890
2890 1988 2506
2614 1650 2676
1650 2614 2676
2676 1650 2614
248 38 2236
2236 38 248
38 248 2236
2175 254 893
893 254 2175
254 893 2175
1938 842 2138
842 1938 2138
2138 842 1938
2480 2091 2205
2205 2091 2480
2091 2205 2480
1735 1146 1428
1428 1146 1735
1146 1428 1735
1820 365 1849
365 1820 1849
1849 365 1820
182 2158 2669
2158 182 2669
2669 182 2158
2698 2061 2218
2218 2061 2698
2061 2218 2698
2915 1118 2903
2903 1118 2915
1118 2903 2915
818 271 2354
2354 271 818
271 818 2354
2536 307 900
900 307 2536
307 900 2536
349 1039 2991
1039 349 2991
2991 349 1039
2622 629 1105
1105 629 2622
629 1105 2622
2029 2758 2860
2860 2029 2758
2758 2029 2860
1292 1485 2421
1485 1292 2421
2421 1292 1485
2106 1318 2627
1318 2106 2627
2627 1318 2106
2568 1299 1450
1299 1450 2568
1450 1299 2568
2620 1461 2818
1461 2620 2818
2818 1461 2620
863 1554 1992
1554 863 1992
1992 863 1554
1668 156 659
659 156 1668
156 659 1668
1746 547 2430
2430 547 1746
547 1746 2430
2828 1071 2675
1071 2675 2828
2675 1071 2828
1210 599 1435
599 1210 1435
1435 599 1210
2819 1787 1921
1921 1787 2819
1787 1921 2819
2417 2416 2580
2416 2417 2580
2580 2416 2417
152 645 932
932 152 645
645 152 932
1194 2746 2936
2746 1194 2936
2936 1194 2746
1240 159 1956
159 1240 1956
1956 159 1240
175 1578 1718
1578 175 1718
1718 175 1578
1630 415 1972
415 1630 1972
1972 415 1630
2320 1258 2089
2089 1258 2320
1258 2089 2320
41 301 2882
2882 41 301
301 41 2882
195 350 1272
1272 195 350
350 195 1272
69 1104 2174
2174 69 1104
1104 69 2174
2576 242 1937
1937 242 2576
242 1937 2576
259 724 2031
2031 259 724
724 259 2031
1793 430 2554
430 1793 2554
2554 430 1793
658 1134 1276
1134 658 1276
1276 658 1134
369 2405 2647
2405 369 2647
2647 369 2405
874 362 1576
1576 362 874
362 874 1576
110 834 876
834 110 876
876 110 834
21 402 591
402 21 591
591 21 402
1250 1293 1915
1915 1250 1293
1293 1250 1915
1827 1867 2324
1867 1827 2324
2324 1827 1867
2 705 1390
1390 2 705
705 2 1390
386 2367 2986
2986 386 2367
2367 386 2986
1469 1261 2864
1261 1469 2864
2864 1261 1469
2464 2555 2847
2555 2464 2847
2847 2464 2555
2523 126 2400
126 2400 2523
2400 126 2523
1303 566 1523
1523 566 1303
566 1303 1523
1698 1314 1569
1569 1314 1698
1314 1569 1698
2586 530 2182
2182 530 2586
530 2182 2586
1392 786 2154
2154 786 1392
786 1392 2154
668 1351 2008
1351 668 2008
2008 668 1351
2361 407 1127
407 1127 2361
1127 407 2361
1467 1082 1530
1082 1467 1530
1530 1082 1467
2316 267 1432
1432 267 2316
267 1432 2316
2057 587 1339
1339 587 2057
587 1339 2057
1822 758 2671
2671 758 1822
758 1822 2671
2917 82 631
82 631 2917
631 82 2917
592 2157 2651
2157 592 2651
2651 592 2157
761 1112 2232
1112 761 2232
2232 761 1112
1758 516 845
516 845 1758
845 516 1758
590 460 1784
1784 460 590
460 590 1784
2365 1332 1814
1814 1332 2365
1332 1814 2365
2274 1278 1295
1278 1295 2274
1295 1278 2274
78 1372 2007
1372 78 2007
2007 78 1372
1697 450 577
450 577 1697
577 450 1697
1242 1660 2719
1660 1242 2719
2719 1242 1660
718 1605 2810
1605 718 2810
2810 718 1605
1031 997 2308
997 1031 2308
2308 997 1031
965 823 2465
2465 823 965
823 965 2465
2519 2570 2804
2570 2519 2804
2804 2519 2570
1747 2227 2884
2227 1747 2884
2884 1747 2227
1001 168 1621
168 1001 1621
1621 168 1001
320 926 1430
1430 320 926
926 320 1430
1669 1637 2596
2596 1637 1669
1637 1669 2596
382 367 828
367 382 828
828 367 382
2611 1338 2137
2137 1338 2611
1338 2137 2611
2083 230 1553
1553 230 2083
230 1553 2083
2641 937 2363
2363 937 2641
937 2363 2641
1400 738 1765
738 1400 1765
1765 738 1400
2334 553 2325
553 2325 2334
2325 553 2334
1382 1838 1945
1945 1382 1838
1838 1382 1945
1850 1115 2857
2857 1115 1850
1115 1850 2857
906 203 2817
2817 203 906
203 906 2817
2042 2027 2792
2027 2042 2792
2792 2027 2042
1133 632 2750
2750 632 1133
632 1133 2750
1458 1531 2696
1531 1458 2696
2696 1458 1531
618 549 1222
549 618 1222
1222 549 618
2689 2067 2185
2185 2067 2689
2067 2185 2689
1672 2036 2058
2036 1672 2058
2058 1672 2036
2716 292 1239
1239 292 2716
292 1239 2716
188 1269 2413
1269 188 2413
2413 188 1269
340 895 2412
2412 340 895
895 340 2412
2486 99 2262
99 2262 2486
2262 99 2486
1307 675 2996
675 1307 2996
2996 675 1307
2144 428 1235
1235 428 2144
428 1235 2144
64 794 1224
1224 64 794
794 64 1224
2704 202 1549
202 1549 2704
1549 202 2704
2546 67 77
67 77 2546
77 67 2546
1941 1586 1819
1586 1819 1941
1819 1586 1941
1311 393 625
393 625 1311
625 393 1311
11 1600 2485
2485 11 1600
1600 11 2485
84 862 2946
2946 84 862
862 84 2946
1481 1645 1913
1645 1481 1913
1913 1481 1645
493 539 2612
2612 493 539
539 493 2612
1407 1108 2538
2538 1108 1407
1108 1407 2538
2943 748 2108
2108 748 2943
748 2108 2943
2623 2142 2966
2966 2142 2623
2142 2623 2966
1625 793 1061
793 1061 1625
1061 793 1625
1397 2247 2700
2247 1397 2700
2700 1397 2247
2192 165 2511
165 2192 2511
2511 165 2192
296 2918 2973
2918 296 2973
2973 296 2918
2242 136 2330
2330 136 2242
136 2242 2330
1900 1322 2974
1322 1900 2974
2974 1322 1900
2912 291 799
291 799 2912
799 291 2912
1842 442 2267
2267 442 1842
442 1842 2267
865 1422 1932
1932 865 1422
1422 865 1932
2527 179 835
179 835 2527
835 179 2527
1075 1088 1887
1887 1075 1088
1088 1075 1887
1487 750 836
750 836 1487
836 750 1487
1629 532 2170
532 1629 2170
2170 532 1629
1034 465 662
662 465 1034
465 662 1034
2418 1782 2822
1782 2418 2822
2822 1782 2418
827 1337 1380
1380 827 1337
1337 827 1380
2784 1818 2255
1818 2255 2784
2255 1818 2784
1640 1294 1398
1398 1294 1640
1294 1398 1640
2795 313 2260
313 2260 2795
2260 313 2795
399 343 2266
343 399 2266
2266 343 399
1391 217 2352
2352 217 1391
217 1391 2352
391 1893 1986
1893 391 1986
1986 391 1893
844 488 2512
2512 488 844
488 844 2512
197 1762 1882
1882 197 1762
1762 197 1882
2778 1859 2032
1859 2032 2778
2032 1859 2778
514 1700 2384
1700 514 2384
2384 514 1700
2636 93 1223
1223 93 2636
93 1223 2636
2878 524 2261
2261 524 2878
524 2261 2878
1446 14 2342
2342 14 1446
14 1446 2342
1800 309 2646
309 1800 2646
2646 309 1800
1475 1643 2489
1643 1475 2489
2489 1475 1643
706 1129 2455
2455 706 1129
1129 706 2455
1083 1681 2808
2808 1083 1681
1681 1083 2808
890 87 454
87 454 890
454 87 890
1491 1038 2504
2504 1038 1491
1038 1491 2504
2619 392 1812
392 1812 2619
1812 392 2619
1150 667 2022
2022 667 1150
667 1150 2022
1288 360 903
903 360 1288
360 903 1288
558 1602 1852
1602 558 1852
1852 558 1602
148 1057 1673
1673 148 1057
1057 148 1673
354 401 2050
401 354 2050
2050 354 401
676 487 810
487 676 810
810 487 676
2733 2426 2855
2855 2426 2733
2426 2733 2855
1473 2440 2777
2440 1473 2777
2777 1473 2440
72 53 489
489 53 72
53 72 489
2024 719 2951
2951 719 2024
719 2024 2951
1807 902 1767
902 1767 1807
1767 902 1807
685 44 1703
1703 44 685
44 685 1703
2615 1429 2425
2425 1429 2615
1429 2425 2615
341 232 1917
1917 232 341
232 341 1917
1227 2307 2874
2307 1227 2874
2874 1227 2307
2398 1029 1464
1029 1464 2398
1464 1029 2398
2450 1773 2134
2134 1773 2450
1773 2134 2450
1320 1265 2147
2147 1265 1320
1265 1320 2147
2774 2468 2867
2468 2774 2867
2867 2468 2774
427 128 359
128 359 427
359 128 427
1907 778 1646
1646 778 1907
778 1646 1907
679 410 513
410 513 679
513 410 679
1654 226 2781
2781 226 1654
226 1654 2781
2100 1030 1545
1545 1030 2100
1030 1545 2100
2956 137 2173
2173 137 2956
137 2173 2956
807 244 2046
2046 244 807
244 807 2046
2655 2203 2999
2999 2203 2655
2203 2655 2999
1093 1221 2898
2898 1093 1221
1221 1093 2898
1563 56 2411
56 1563 2411
2411 56 1563
2715 2498 2842
2498 2715 2842
2842 2498 2715
2711 1170 2396
2396 1170 2711
1170 2396 2711
1903 246 2581
2581 246 1903
246 1903 2581
2444 114 2743
114 2444 2743
2743 114 2444
1759 1386 2390
2390 1386 1759
1386 1759 2390
91 1009 2204
1009 91 2204
2204 91 1009
1615 950 977
977 950 1615
950 977 1615
859 1949 2902
2902 859 1949
1949 859 2902
1124 2104 2993
2993 1124 2104
2104 1124 2993
798 1723 1936
1723 798 1936
1936 798 1723
2223 95 2652
2652 95 2223
95 2223 2652
2543 1393 2403
1393 2403 2543
2403 1393 2543
1595 2876 2899
2899 1595 2876
2876 1595 2899
2558 1824 2435
1824 2435 2558
2435 1824 2558
2344 1143 1940
1940 1143 2344
1143 1940 2344
298 333 1504
333 298 1504
1504 298 333
1470 1604 2503
2503 1470 1604
1604 1470 2503
1079 499 665
665 499 1079
499 665 1079
2040 229 1399
229 1399 2040
1399 229 2040
2934 987 2629
2629 987 2934
987 2629 2934
1415 304 1884
1884 304 1415
304 1415 1884
2664 2410 2708
2410 2664 2708
2708 2410 2664
1592 626 2055
2055 626 1592
626 1592 2055
1022 700 1811
1811 700 1022
700 1022 1811
330 1618 2319
1618 330 2319
2319 330 1618
1214 1102 2852
1102 1214 2852
2852 1102 1214
1424 162 2190
162 1424 2190
2190 162 1424
1577 1002 1385
1002 1385 1577
1385 1002 1577
315 213 1641
213 315 1641
1641 213 315
1978 264 500
264 500 1978
500 264 1978
2115 107 2251
2251 107 2115
107 2115 2251
1141 2237 2389
2389 1141 2237
2237 1141 2389
1790 2712 2845
2845 1790 2712
2712 1790 2845
2094 1167 1709
1709 1167 2094
1167 1709 2094
174 1298 2311
2311 174 1298
1298 174 2311
1361 181 2858
181 1361 2858
2858 181 1361
1165 852 2037
852 1165 2037
2037 852 1165
2687 571 2252
2252 571 2687
571 2252 2687
2540 1589 2312
2312 1589 2540
1589 2312 2540
2548 51 1869
1869 51 2548
51 1869 2548
1488 406 2732
2732 406 1488
406 1488 2732
565 119 2747
119 565 2747
2747 119 565
1164 1401 2395
1401 1164 2395
2395 1164 1401
949 423 1433
1433 423 949
423 949 1433
1449 872 2632
872 1449 2632
2632 872 1449
306 54 1924
54 306 1924
1924 54 306
2775 867 935
935 867 2775
867 935 2775
1676 368 1309
368 1309 1676
1309 368 1676
702 639 2766
2766 639 702
639 702 2766
1324 710 1973
1973 710 1324
710 1324 1973
2786 1121 1383
1383 1121 2786
1121 1383 2786
1671 207 2476
2476 207 1671
207 1671 2476
2310 1863 2369
2369 1863 2310
1863 2310 2369
4 1511 1738
1738 4 1511
1511 4 1738
2831 1565 2603
2603 1565 2831
1565 2603 2831
674 138 2674
2674 138 674
138 674 2674
2616 1381 2762
2762 1381 2616
1381 2616 2762
186 351 849
351 186 849
849 186 351
1830 787 1594
1594 787 1830
787 1594 1830
2351 2362 2967
2967 2351 2362
2362 2351 2967
2193 329 907
329 907 2193
907 329 2193
1808 1679 1736
1736 1679 1808
1679 1736 1808
681 166 1271
1271 166 681
166 681 1271
1180 690 736
690 736 1180
736 690 1180
2315 155 1296
155 1296 2315
1296 155 2315
868 210 2275
2275 210 868
210 868 2275
712 909 1777
909 712 1777
1777 712 909
2803 526 1225
526 1225 2803
1225 526 2803
2075 1340 1904
1904 1340 2075
1340 1904 2075
142 274 2706
2706 142 274
274 142 2706
1132 898 2507
898 1132 2507
2507 898 1132
1243 1581 2893
1581 1243 2893
2893 1243 1581
896 425 479
479 425 896
425 479 896
648 864 1857
864 648 1857
1857 648 864
1060 561 1101
1101 561 1060
561 1060 1101
600 1067 2846
2846 600 1067
1067 600 2846
2331 652 1232
1232 652 2331
652 1232 2331
1533 295 422
422 295 1533
295 422 1533
1412 103 250
250 103 1412
103 250 1412
2567 830 2625
830 2567 2625
2625 830 2567
616 1431 2305
2305 616 1431
1431 616 2305
2156 1353 2796
1353 2156 2796
2796 1353 2156
755 2026 2292
2292 755 2026
2026 755 2292
855 2004 2811
2811 855 2004
2004 855 2811
2496 1254 2077
1254 2077 2496
2077 1254 2496
2665 463 1352
463 1352 2665
1352 463 2665
678 795 1198
795 678 1198
1198 678 795
790 1266 1588
1588 790 1266
1266 790 1588
2269 30 819
30 819 2269
819 30 2269
550 1091 1744
1744 550 1091
1091 550 1744
1117 1197 1501
1501 1117 1197
1197 1117 1501
552 2294 2429
2294 552 2429
2429 552 2294
2517 101 1959
1959 101 2517
101 1959 2517
2337 766 2220
766 2220 2337
2220 766 2337
2856 212 1290
212 1290 2856
1290 212 2856
83 247 1145
247 83 1145
1145 83 247
2263 1246 2441
1246 2263 2441
2441 1246 2263
825 1273 2197
2197 825 1273
1273 825 2197
506 419 2760
2760 419 506
419 506 2760
920 2113 2178
2113 920 2178
2178 920 2113
2793 537 2406
537 2406 2793
2406 537 2793
2663 564 2179
564 2179 2663
2179 564 2663
1189 801 2034
801 1189 2034
2034 801 1189
1359 178 2141
2141 178 1359
178 1359 2141
355 140 620
140 355 620
620 140 355
1479 1304 2923
1304 1479 2923
2923 1304 1479
102 1772 2789
1772 102 2789
2789 102 1772
317 15 2350
2350 15 317
15 317 2350
1880 2076 2768
2768 1880 2076
2076 1880 2768
2233 66 2045
66 2045 2233
2045 66 2233
2070 796 2462
2462 796 2070
796 2070 2462
548 17 2326
2326 17 548
17 548 2326
231 843 1172
843 231 1172
1172 231 843
1376 429 1274
429 1274 1376
1274 429 1376
762 234 1010
234 762 1010
1010 234 762
1879 731 2648
2648 731 1879
731 1879 2648
1847 1043 1306
1306 1043 1847
1043 1306 1847
2360 1489 2276
1489 2276 2360
2276 1489 2360
1877 1177 1519
1519 1177 1877
1177 1519 1877
433 1776 2143
1776 433 2143
2143 433 1776
276 1387 2043
2043 276 1387
1387 276 2043
34 1113 2713
1113 34 2713
2713 34 1113
2820 1016 2414
1016 2414 2820
2414 1016 2820
1732 1836 2208
1836 1732 2208
2208 1732 1836
57 380 2217
2217 57 380
380 57 2217
1497 1003 2638
1003 1497 2638
2638 1003 1497
2908 953 1856
1856 953 2908
953 1856 2908
2556 256 2971
2971 256 2556
256 2556 2971
1557 985 1205
985 1205 1557
1205 985 1557
2769 2281 2823
2823 2281 2769
2281 2769 2823
431 266 2697
266 431 2697
2697 266 431
556 2452 2861
2861 556 2452
2452 556 2861
1096 461 2049
2049 461 1096
461 1096 2049
1468 1005 2731
1005 1468 2731
2731 1005 1468
520 595 2772
595 520 2772
2772 520 595
2833 251 1499
1499 251 2833
251 1499 2833
2977 236 1954
1954 236 2977
236 1954 2977
2105 346 666
346 666 2105
666 346 2105
1234 518 2659
2659 518 1234
518 1234 2659
2942 1402 2493
2493 1402 2942
1402 2493 2942
2424 771 1976
1976 771 2424
771 1976 2424
1542 76 240
240 76 1542
76 240 1542
1447 643 686
643 686 1447
686 643 1447
437 33 1065
33 437 1065
1065 33 437
2114 788 2470
788 2114 2470
2470 788 2114
2656 1719 2515
2515 1719 2656
1719 2515 2656
1187 2136 2195
2195 1187 2136
2136 1187 2195
133 1886 1911
1911 133 1886
1886 133 1911
300 269 2997
269 300 2997
2997 269 300
2438 2014 2710
2710 2014 2438
2014 2438 2710
32 521 2579
2579 32 521
521 32 2579
1342 970 2816
2816 970 1342
970 1342 2816
2595 1665 1955
1665 1955 2595
1955 1665 2595
1558 426 1689
426 1558 1689
1689 426 1558
1330 1109 2443
1109 1330 2443
2443 1109 1330
1667 129 1264
1264 129 1667
129 1264 1667
2957 293 1739
1739 293 2957
293 1739 2957
2770 302 1478
1478 302 2770
302 1478 2770
2799 1033 1779
1779 1033 2799
1033 1779 2799
2285 507 1152
507 1152 2285
1152 507 2285
1199 1321 2442
1321 1199 2442
2442 1199 1321
327 928 1095
1095 327 928
928 327 1095
2910 1804 1817
1804 1817 2910
1817 1804 2910
146 1208 1622
1208 146 1622
1622 146 1208
2041 173 1201
1201 173 2041
173 1201 2041
2002 70 1711
70 1711 2002
1711 70 2002
938 221 2773
2773 221 938
221 938 2773
2849 941 1939
941 1939 2849
1939 941 2849
2270 397 651
651 397 2270
397 651 2270
424 1532 1609
1609 424 1532
1532 424 1609
2165 478 1013
1013 478 2165
478 1013 2165
981 297 2146
2146 297 981
297 981 2146
486 840 2074
2074 486 840
840 486 2074
523 1555 2090
2090 523 1555
1555 523 2090
1664 1203 2717
1203 1664 2717
2717 1203 1664
1783 1780 2635
2635 1780 1783
1780 1783 2635
199 596 983
983 199 596
596 199 983
1851 118 2206
2206 118 1851
118 1851 2206
1610 1369 2339
2339 1369 1610
1369 1610 2339
2892 583 2119
583 2119 2892
2119 583 2892
2883 1490 1572
1490 1572 2883
1572 1490 2883
866 467 1336
467 866 1336
1336 467 866
2376 160 1841
1841 160 2376
160 1841 2376
1833 1894 2954
2954 1833 1894
1894 1833 2954
2955 711 1970
1970 711 2955
711 1970 2955
2131 1049 1482
1049 1482 2131
1482 1049 2131
2705 535 848
848 535 2705
535 848 2705
241 187 2725
2725 187 241
187 241 2725
1727 1333 2080
2080 1333 1727
1333 1727 2080
1245 2377 2685
2377 1245 2685
2685 1245 2377
883 603 2537
603 883 2537
2537 603 883
2332 1541 2130
1541 2130 2332
2130 1541 2332
1154 730 2714
2714 730 1154
730 1154 2714
2909 1074 1192
1192 1074 2909
1074 1192 2909
1084 113 2407
2407 113 1084
113 1084 2407
2088 1963 2549
2549 1963 2088
1963 2088 2549
915 728 1356
1356 728 915
728 915 1356
2787 258 2763
258 2763 2787
2763 258 2787
2736 683 1871
683 1871 2736
1871 683 2736
1453 475 1721
475 1453 1721
1721 475 1453
624 960 1313
960 624 1313
1313 624 960
2447 170 2107
170 2107 2447
2107 170 2447
1238 1889 2123
1889 1238 2123
2123 1238 1889
2529 568 2521
2521 568 2529
568 2521 2529
2005 1312 2364
2364 1312 2005
1312 2005 2364
899 435 1509
1509 435 899
435 899 1509
466 1360 2283
2283 466 1360
1360 466 2283
123 316 2483
316 123 2483
2483 123 316
1935 585 2318
2318 585 1935
585 1935 2318
2588 784 1524
784 1524 2588
1524 784 2588
485 1741 1953
1741 485 1953
1953 485 1741
308 1364 2600
1364 308 2600
2600 308 1364
2779 305 642
305 642 2779
642 305 2779
879 1062 2701
1062 879 2701
2701 879 1062
1445 80 1821
1821 80 1445
80 1445 1821
2597 1786 1958
1786 1958 2597
1958 1786 2597
1285 1090 1153
1153 1090 1285
1090 1153 1285
544 420 704
704 420 544
420 544 704
1055 630 1933
630 1055 1933
1933 630 1055
462 6 1230
1230 6 462
6 462 1230
411 261 363
261 363 411
363 261 411
2513 227 881
227 881 2513
881 227 2513
81 20 1573
20 81 1573
1573 20 81
1466 394 2117
394 1466 2117
2117 394 1466
24 1209 2224
1209 24 2224
2224 24 1209
2428 1513 2557
2557 1513 2428
1513 2428 2557
106 42 184
184 42 106
42 106 184
1280 2399 2871
2399 1280 2871
2871 1280 2399
331 2169 2837
2169 331 2837
2837 331 2169
2791 1494 2797
2797 1494 2791
1494 2791 2797
789 1534 1593
1593 789 1534
1534 789 1593
2815 1085 2642
1085 2642 2815
2642 1085 2815
2941 725 749
749 725 2941
725 749 2941
2853 1729 1966
1966 1729 2853
1729 1966 2853
1044 1420 1620
1420 1044 1620
1620 1044 1420
1251 453 471
471 453 1251
453 471 1251
79 1137 1763
1137 79 1763
1763 79 1137
1176 613 2127
2127 613 1176
613 1176 2127
783 742 2959
2959 742 783
742 783 2959
2102 1701 2110
1701 2102 2110
2110 1701 2102
117 2168 2633
2168 117 2633
2633 117 2168
2148 130 312
130 312 2148
312 130 2148
2048 505 1914
1914 505 2048
505 1914 2048
527 2809 2887
2809 527 2887
2887 527 2809
1408 1796 1846
1796 1408 1846
1846 1408 1796
2744 813 2535
813 2535 2744
2535 813 2744
2545 990 2525
990 2525 2545
2525 990 2545
975 814 1409
1409 814 975
814 975 1409
2375 121 811
121 811 2375
811 121 2375
1785 1737 2605
2605 1737 1785
1737 1785 2605
2995 2011 2838
2838 2011 2995
2011 2838 2995
839 1929 2273
2273 839 1929
1929 839 2273
1934 1525 1580
1580 1525 1934
1525 1580 1934
441 757 1259
757 441 1259
1259 441 757
2880 829 2081
2081 829 2880
829 2081 2880
588 887 1436
1436 588 887
887 588 1436
646 2060 2653
2653 646 2060
2060 646 2653
1792 1358 1795
1795 1358 1792
1358 1792 1795
2066 2228 2723
2228 2066 2723
2723 2066 2228
1948 257 894
257 894 1948
894 257 1948
1908 534 2035
534 1908 2035
2035 534 1908
821 2734 2749
2734 821 2749
2749 821 2734
154 917 2509
2509 154 917
917 154 2509
265 1653 1728
1728 265 1653
1653 265 1728
2095 418 1547
418 1547 2095
1547 418 2095
1984 684 1916
684 1916 1984
1916 684 1984
2972 1888 1960
1888 1960 2972
1960 1888 2972
409 545 2401
545 409 2401
2401 409 545
1571 335 1708
335 1571 1708
1708 335 1571
576 321 1855
1855 321 576
321 576 1855
1601 1628 2802
2802 1601 1628
1628 1601 2802
2994 108 216
108 216 2994
216 108 2994
773 1110 2692
2692 773 1110
1110 773 2692
654 323 2393
323 654 2393
2393 323 654
2561 277 2788
277 2561 2788
2788 277 2561
2563 770 930
770 930 2563
930 770 2563
214 850 1302
850 214 1302
1302 214 850
764 71 1000
1000 71 764
71 764 1000
1606 1247 2386
2386 1247 1606
1247 1606 2386
2243 373 2297
373 2243 2297
2297 373 2243
2751 1460 2277
2277 1460 2751
1460 2277 2751
570 1357 2139
1357 570 2139
2139 570 1357
622 2017 2920
2017 622 2920
2920 622 2017
735 2851 2963
2963 735 2851
2851 735 2963
2151 1687 2453
1687 2151 2453
2453 1687 2151
2225 337 1518
1518 337 2225
337 1518 2225
2374 390 720
390 720 2374
720 390 2374
2602 1831 2183
2183 1831 2602
1831 2183 2602
2969 50 96
50 96 2969
96 50 2969
1755 447 1722
1722 447 1755
447 1722 1755
699 1370 2962
2962 699 1370
1370 699 2962
2610 2391 2984
2984 2391 2610
2391 2610 2984
2488 1066 1263
1263 1066 2488
1066 1263 2488
2702 253 2427
253 2427 2702
2427 253 2702
2209 37 2604
37 2209 2604
2604 37 2209
995 851 2328
851 995 2328
2328 851 995
2044 682 772
682 772 2044
772 682 2044
1716 1373 1454
1454 1373 1716
1373 1454 1716
2355 2212 2965
2965 2212 2355
2212 2355 2965
726 2184 2463
2184 726 2463
2463 726 2184
438 74 2202
2202 74 438
74 438 2202
2948 255 2457
255 2457 2948
2457 255 2948
1981 914 1582
914 1582 1981
1582 914 1981
2585 2189 2906
2189 2585 2906
2906 2189 2585
2885 1347 1781
1347 1781 2885
1781 1347 2885
314 857 904
904 314 857
857 314 904
621 1346 1892
1346 621 1892
1892 621 1346
2800 2124 2730
2124 2730 2800
2730 2124 2800
55 693 2467
2467 55 693
693 55 2467
2533 446 2606
446 2533 2606
2606 446 2533
1720 299 2621
299 1720 2621
2621 299 1720
1492 1905 2728
2728 1492 1905
1905 1492 2728
1652 572 841
572 841 1652
841 572 1652
2741 1457 1522
1522 1457 2741
1457 1522 2741
2454 569 2894
569 2454 2894
2894 569 2454
279 536 2739
536 279 2739
2739 279 536
2394 222 1612
222 1612 2394
1612 222 2394
1898 1275 2000
2000 1275 1898
1275 1898 2000
209 817 2033
2033 209 817
817 209 2033
2505 869 1699
869 1699 2505
1699 869 2505
1985 100 1140
1140 100 1985
100 1140 1985
2153 913 2926
2926 913 2153
913 2153 2926
580 503 2897
503 580 2897
2897 503 580
1406 1484 2284
2284 1406 1484
1484 1406 2284
2456 496 1943
1943 496 2456
496 1943 2456
219 605 1287
1287 219 605
605 219 1287
614 1931 2679
1931 614 2679
2679 614 1931
1363 573 2458
2458 573 1363
573 1363 2458
2947 1014 2404
2404 1014 2947
1014 2404 2947
2216 660 1053
1053 660 2216
660 1053 2216
635 1186 2047
2047 635 1186
1186 635 2047
404 94 1151
1151 94 404
94 404 1151
211 627 1639
627 211 1639
1639 211 627
608 464 1538
1538 464 608
464 608 1538
2133 1344 1685
1685 1344 2133
1344 1685 2133
387 282 1537
282 387 1537
1537 282 387
1919 90 2030
90 1919 2030
2030 90 1919
1438 497 1979
1979 497 1438
497 1438 1979
2764 671 1691
1691 671 2764
671 1691 2764
889 2461 2877
2877 889 2461
2461 889 2877
1354 124 1317
1317 124 1354
124 1317 1354
1834 204 262
204 262 1834
262 204 1834
1742 289 413
413 289 1742
289 413 1742
2317 2288 2573
2288 2317 2573
2573 2288 2317
2617 2336 2566
2566 2336 2617
2336 2566 2617
964 747 2366
2366 747 964
747 964 2366
633 574 2356
2356 574 633
574 633 2356
2329 2431 2964
2431 2329 2964
2964 2329 2431
125 769 1694
769 125 1694
1694 125 769
2848 434 831
434 831 2848
831 434 2848
1651 880 1706
880 1651 1706
1706 880 1651
2096 167 2164
167 2096 2164
2164 167 2096
310 1567 2539
1567 310 2539
2539 310 1567
1343 1459 2171
1459 1343 2171
2171 1343 1459
319 1191 1365
1365 319 1191
1191 319 1365
741 1120 1926
1120 741 1926
1926 741 1120
2752 495 1969
1969 495 2752
495 1969 2752
946 194 1404
1404 194 946
194 946 1404
1839 270 2177
270 1839 2177
2177 270 1839
1647 546 2353
2353 546 1647
546 1647 2353
1138 947 1977
947 1138 1977
1977 947 1138
2756 482 1674
1674 482 2756
482 1674 2756
2099 1270 2038
1270 2038 2099
2038 1270 2099
670 1107 2608
1107 670 2608
2608 670 1107
1750 494 1213
1213 494 1750
494 1213 1750
578 2304 2978
2978 578 2304
2304 578 2978
891 1517 2499
2499 891 1517
1517 891 2499
2812 208 1166
208 1166 2812
1166 208 2812
1126 1561 2928
1561 1126 2928
2928 1126 1561
2866 1281 2245
2245 1281 2866
1281 2245 2866
1217 1546 1631
1631 1217 1546
1546 1217 1631
1185 2693 2783
2783 1185 2693
2693 1185 2783
120 677 2436
2436 120 677
677 120 2436
1027 1705 1805
1705 1027 1805
1805 1027 1705
268 28 752
28 268 752
752 28 268
543 921 1241
1241 543 921
921 543 1241
1503 2532 2843
2532 1503 2843
2843 1503 2532
1204 1094 1866
1094 1204 1866
1866 1094 1204
954 36 669
669 36 954
36 669 954
1751 509 1865
1865 509 1751
509 1751 1865
1442 943 1195
943 1195 1442
1195 943 1442
2913 237 1927
237 1927 2913
1927 237 2913
2979 695 1374
695 1374 2979
1374 695 2979
875 1130 2210
1130 875 2210
2210 875 1130
2844 1171 2451
1171 2451 2844
2451 1171 2844
936 531 1024
531 936 1024
1024 531 936
1035 1237 1854
1854 1035 1237
1237 1035 1854
59 1212 2122
2122 59 1212
1212 59 2122
1562 1891 2639
2639 1562 1891
1891 1562 2639
372 1944 2901
2901 372 1944
1944 372 2901
963 951 2574
2574 951 963
951 963 2574
414 68 824
824 68 414
68 414 824
200 473 1142
1142 200 473
473 200 1142
2530 792 2916
792 2530 2916
2916 792 2530
2437 1139 1692
1139 1692 2437
1692 1139 2437
664 476 2550
2550 476 664
476 664 2550
303 1174 1875
1174 303 1875
1875 303 1174
2961 86 1123
1123 86 2961
86 1123 2961
1901 602 2572
2572 602 1901
602 1901 2572
158 846 1704
846 158 1704
1704 158 846
1587 2085 2086
2085 1587 2086
2086 1587 2085
2982 655 2678
655 2678 2982
2678 655 2982
1395 1291 2071
1291 1395 2071
2071 1291 1395
2575 2349 2541
2541 2349 2575
2349 2541 2575
2370 3 1350
3 1350 2370
1350 3 2370
2578 23 691
23 691 2578
691 23 2578
1131 357 3000
3000 357 1131
357 1131 3000
2500 31 1829
31 1829 2500
1829 31 2500
1771 1474 1500
1500 1474 1771
1474 1500 1771
2239 884 2694
884 2239 2694
2694 884 2239
1638 1169 1539
1539 1169 1638
1169 1539 1638
347 504 916
916 347 504
504 347 916
586 225 2116
225 586 2116
2116 225 586
2448 198 283
283 198 2448
198 283 2448
716 1162 2551
1162 716 2551
2551 716 1162
287 334 2526
2526 287 334
334 287 2526
1730 1527 2945
2945 1527 1730
1527 1730 2945
2650 163 2215
163 2215 2650
2215 163 2650
1726 1136 2827
2827 1136 1726
1136 1726 2827
1335 8 1596
1596 8 1335
8 1335 1596
115 1072 1769
1072 115 1769
1769 115 1072
2313 193 2735
2735 193 2313
193 2313 2735
1964 922 1816
1816 922 1964
922 1816 1964
2299 1200 1308
1200 1308 2299
1308 1200 2299
2112 62 2056
62 2056 2112
2056 62 2112
760 383 2249
2249 383 760
383 760 2249
1942 776 1670
1670 776 1942
776 1670 1942
280 389 2824
2824 280 389
389 280 2824
1642 122 555
122 555 1642
555 122 1642
1135 2253 2970
2253 1135 2970
2970 1135 2253
1233 575 2341
2341 575 1233
575 1233 2341
1282 1463 1649
1463 1282 1649
1649 1282 1463
172 416 1080
1080 172 416
416 172 1080
1702 767 1144
767 1144 1702
1144 767 1702
19 861 882
882 19 861
861 19 882
294 2246 2875
2875 294 2246
2246 294 2875
2559 1896 2975
1896 2559 2975
2975 1896 2559
2592 877 2742
2742 877 2592
877 2592 2742
5 2584 2782
2782 5 2584
2584 5 2782
1635 1507 2289
2289 1507 1635
1507 1635 2289
2862 206 617
206 617 2862
617 206 2862
1465 185 1051
1051 185 1465
185 1051 1465
2053 1023 2740
2740 1023 2053
1023 2053 2740
2931 721 2873
721 2873 2931
2873 721 2931
1675 2093 2565
2565 1675 2093
2093 1675 2565
348 366 687
687 348 366
366 348 687
1683 1367 1756
1367 1683 1756
1756 1367 1683
2720 342 782
782 342 2720
342 782 2720
1315 2013 2419
2013 1315 2419
2419 1315 2013
2003 484 2564
2564 484 2003
484 2003 2564
959 455 1607
455 959 1607
1607 455 959
1961 560 1761
1761 560 1961
560 1761 1961
1175 765 1255
1255 765 1175
765 1175 1255
40 2481 2990
2990 40 2481
2481 40 2990
1657 1774 2759
2759 1657 1774
1774 1657 2759
1179 384 1440
384 1179 1440
1440 384 1179
808 2063 2469
2063 808 2469
2469 808 2063
2163 1301 2016
1301 2016 2163
2016 1301 2163
1794 1521 1952
1521 1794 1952
1952 1521 1794
39 597 2914
2914 39 597
597 39 2914
18 456 1996
456 18 1996
1996 18 456
1680 1456 1512
1512 1456 1680
1456 1512 1680
924 615 2381
615 924 2381
2381 615 924
2868 2835 2927
2835 2868 2927
2927 2835 2868
157 352 2287
2287 157 352
352 157 2287
2327 998 1472
998 1472 2327
1472 998 2327
1155 400 2257
400 1155 2257
2257 400 1155
469 607 1535
607 469 1535
1535 469 607
1248 472 2346
472 1248 2346
2346 472 1248
2825 451 2059
451 2059 2825
2059 451 2825
1967 533 696
696 533 1967
533 696 1967
2839 2082 2577
2577 2082 2839
2082 2577 2839
1775 897 2118
2118 897 1775
897 1775 2118
2231 604 1279
1279 604 2231
604 1279 2231
75 996 1418
1418 75 996
996 75 1418
528 164 1634
164 528 1634
1634 164 528
942 650 1331
1331 650 942
650 942 1331
1717 1100 2662
2662 1100 1717
1100 1717 2662
976 974 2176
974 976 2176
2176 974 976
2250 1231 2949
1231 2250 2949
2949 1231 2250
2601 598 2571
598 2571 2601
2571 598 2601
2125 1835 2727
1835 2125 2727
2727 1835 2125
215 2841 2863
2841 215 2863
2863 215 2841
2628 837 2259
2259 837 2628
837 2259 2628
2785 715 2015
715 2015 2785
2015 715 2785
1662 1912 2722
2722 1662 1912
1912 1662 2722
1073 680 1323
680 1073 1323
1323 680 1073
2987 2132 2234
2234 2132 2987
2132 2234 2987
1548 1371 2904
2904 1371 1548
1371 1548 2904
1220 815 992
992 815 1220
815 992 1220
1228 717 1260
717 1228 1260
1260 717 1228
1480 1099 1319
1319 1099 1480
1099 1319 1480
759 1284 2976
2976 759 1284
1284 759 2976
2518 2018 2630
2630 2018 2518
2018 2518 2630
1770 1046 1414
1414 1046 1770
1046 1414 1770
436 1975 2432
2432 436 1975
1975 436 2432
1305 1583 2012
2012 1305 1583
1583 1305 2012
474 10 663
10 474 663
663 10 474
1993 98 2152
2152 98 1993
98 1993 2152
2921 332 888
332 888 2921
888 332 2921
2279 2001 2321
2001 2279 2321
2321 2001 2279
2932 733 774
733 774 2932
774 733 2932
993 1004 1257
1257 993 1004
1004 993 1257
468 634 1156
634 468 1156
1156 468 634
1766 205 278
278 205 1766
205 278 1766
9 559 1173
559 9 1173
1173 9 559
2850 611 2983
611 2850 2983
2983 611 2850
245 1661 2681
1661 245 2681
2681 245 1661
2761 529 1613
1613 529 2761
529 1613 2761
1909 540 940
940 540 1909
540 940 1909
697 878 2172
878 697 2172
2172 697 878
16 127 2767
2767 16 127
