712 524 1489
524 712 1489
1489 524 712
661 708 1027
708 661 1027
1027 661 708
1834 973 2002
2002 973 1834
973 1834 2002
1941 406 2575
406 1941 2575
2575 406 1941
14 444 2941
2941 14 444
444 14 2941
1868 1234 1817
1817 1234 1868
1234 1817 1868
2645 914 2813
914 2645 2813
2813 914 2645
1804 1183 1312
1183 1312 1804
1312 1183 1804
1926 1017 1581
1017 1581 1926
1581 1017 1926
2390 261 2905
2905 261 2390
261 2390 2905
1152 1687 1831
1687 1152 1831
1831 1152 1687
1636 2025 2139
2139 1636 2025
2025 1636 2139
2079 1395 1553
1395 1553 2079
1553 1395 2079
1084 214 2096
214 1084 2096
2096 214 1084
2423 91 428
428 91 2423
91 428 2423
145 1723 1861
1723 145 1861
1861 145 1723
2936 924 1309
924 1309 2936
1309 924 2936
1510 368 2510
368 1510 2510
2510 368 1510
2892 319 1290
319 1290 2892
1290 319 2892
803 687 2377
2377 687 803
687 803 2377
1966 541 2691
541 1966 2691
2691 541 1966
1661 853 2247
853 1661 2247
2247 853 1661
2587 1002 1696
1002 1696 2587
1696 1002 2587
897 1371 1398
1371 897 1398
1398 897 1371
2166 969 1790
1790 969 2166
969 1790 2166
1564 2392 2825
2392 1564 2825
2825 1564 2392
2056 1531 1975
1531 1975 2056
1975 1531 2056
2141 2022 2613
2613 2022 2141
2022 2141 2613
182 1878 2209
2209 182 1878
1878 182 2209
648 2312 2412
2312 648 2412
2412 648 2312
522 2072 2753
2072 522 2753
2753 522 2072
566 716 2703
2703 566 716
716 566 2703
983 886 2200
886 983 2200
2200 886 983
852 1125 1259
1259 852 1125
1125 852 1259
1561 2766 2980
2766 1561 2980
2980 1561 2766
738 1514 2909
2909 738 1514
1514 738 2909
1282 356 2984
2984 356 1282
356 1282 2984
2236 792 1578
1578 792 2236
792 1578 2236
2861 345 2903
2903 345 2861
345 2861 2903
1174 2313 2441
2441 1174 2313
2313 1174 2441
2805 308 2043
2043 308 2805
308 2043 2805
683 550 1646
1646 550 683
550 683 1646
1552 660 2393
2393 660 1552
660 1552 2393
2508 762 2734
2734 762 2508
762 2508 2734
2906 2401 2922
2922 2401 2906
2401 2906 2922
783 1100 2879
2879 783 1100
1100 783 2879
2436 1314 2732
2732 1314 2436
1314 2436 2732
891 1979 2094
1979 891 2094
2094 891 1979
1318 2202 2780
2202 1318 2780
2780 1318 2202
1256 239 894
239 894 1256
894 239 1256
2210 799 2447
799 2210 2447
2447 799 2210
519 1308 1943
1308 519 1943
1943 519 1308
2709 720 2188
2188 720 2709
720 2188 2709
2678 840 2998
840 2678 2998
2998 840 2678
299 618 2071
618 299 2071
2071 299 618
2224 1164 1633
1633 1164 2224
1164 1633 2224
823 1911 2428
2428 823 1911
1911 823 2428
2819 1703 2276
2276 1703 2819
1703 2276 2819
1973 1172 1238
1238 1172 1973
1172 1238 1973
2741 157 312
157 312 2741
312 157 2741
1105 1275 1749
1275 1105 1749
1749 1105 1275
789 2494 2852
2494 789 2852
2852 789 2494
2415 1047 1281
1281 1047 2415
1047 1281 2415
1230 946 2644
2644 946 1230
946 1230 2644
2137 325 1364
1364 325 2137
325 1364 2137
578 87 1280
87 578 1280
1280 87 578
763 1674 2973
2973 763 1674
1674 763 2973
2475 184 2666
184 2475 2666
2666 184 2475
2920 593 2667
2667 593 2920
593 2667 2920
856 680 2747
2747 680 856
680 856 2747
158 1712 2507
2507 158 1712
1712 158 2507
1806 2658 2738
2738 1806 2658
2658 1806 2738
5 1839 2419
2419 5 1839
1839 5 2419
2330 765 2352
765 2330 2352
2352 765 2330
790 2388 2887
2887 790 2388
2388 790 2887
1423 501 1266
501 1266 1423
1266 501 1423
2531 165 1276
1276 165 2531
165 1276 2531
2607 896 2138
896 2138 2607
2138 896 2607
246 448 961
448 246 961
961 246 448
951 362 1352
362 951 1352
1352 362 951
1750 478 2883
478 1750 2883
2883 478 1750
133 2556 2863
2863 133 2556
2556 133 2863
2657 903 2897
2897 903 2657
903 2657 2897
1321 2381 2982
2982 1321 2381
2381 1321 2982
1311 857 2319
2319 857 1311
857 1311 2319
484 1231 1516
1231 484 1516
1516 484 1231
2686 1669 2241
1669 2241 2686
2241 1669 2686
1854 2000 2939
2939 1854 2000
2000 1854 2939
1471 691 1443
1443 691 1471
691 1443 1471
240 2033 2363
2033 240 2363
2363 240 2033
2744 337 1618
337 1618 2744
1618 337 2744
2334 365 1709
365 1709 2334
1709 365 2334
2854 1683 2975
1683 2854 2975
2975 1683 2854
787 1528 2434
1528 787 2434
2434 787 1528
577 1439 1807
1807 577 1439
1439 577 1807
2082 138 2333
2333 138 2082
138 2082 2333
514 505 2005
2005 505 514
505 514 2005
2616 2060 2379
2060 2379 2616
2379 2060 2616
1209 1495 1742
1742 1209 1495
1495 1209 1742
2231 1526 2917
1526 2231 2917
2917 1526 2231
216 1600 2281
2281 216 1600
1600 216 2281
1457 79 1277
79 1277 1457
1277 79 1457
998 223 1910
1910 223 998
223 998 1910
722 1046 1409
1409 722 1046
1046 722 1409
1707 814 2968
2968 814 1707
814 1707 2968
1599 813 1240
1240 813 1599
813 1240 1599
2249 7 730
730 7 2249
7 730 2249
1126 210 1004
210 1004 1126
1004 210 1126
1120 1175 2701
1175 1120 2701
2701 1120 1175
739 229 812
229 739 812
812 229 739
2943 423 635
635 423 2943
423 635 2943
335 640 2834
2834 335 640
640 335 2834
1431 1793 1899
1899 1431 1793
1793 1431 1899
2904 1204 1381
1204 1381 2904
1381 1204 2904
111 616 929
929 111 616
616 111 929
454 11 1257
11 454 1257
1257 11 454
521 314 1921
314 521 1921
1921 314 521
510 1334 2641
1334 510 2641
2641 510 1334
546 480 612
612 480 546
480 546 612
636 2395 2729
2729 636 2395
2395 636 2729
290 1114 1605
1605 290 1114
1114 290 1605
29 679 2080
679 29 2080
2080 29 679
2204 1048 2849
1048 2204 2849
2849 1048 2204
1743 869 1847
869 1743 1847
1847 869 1743
2369 633 1639
633 1639 2369
1639 633 2369
2107 888 1573
1573 888 2107
888 1573 2107
602 114 1187
1187 114 602
114 602 1187
2816 744 758
744 758 2816
758 744 2816
1656 2 2847
2 1656 2847
2847 2 1656
748 883 1956
1956 748 883
883 748 1956
1883 1041 1119
1119 1041 1883
1041 1119 1883
2626 2277 2898
2898 2277 2626
2277 2626 2898
1662 318 1201
318 1201 1662
1201 318 1662
2292 230 915
915 230 2292
230 915 2292
2821 654 2833
2833 654 2821
654 2821 2833
2347 62 2190
62 2190 2347
2190 62 2347
1840 822 1506
822 1506 1840
1506 822 1840
531 1351 2631
1351 531 2631
2631 531 1351
2865 1112 1330
1330 1112 2865
1112 1330 2865
421 2687 2692
2692 421 2687
2687 421 2692
1748 1654 2621
2621 1654 1748
1654 1748 2621
2846 2109 2910
2109 2846 2910
2910 2109 2846
1532 572 1203
572 1203 1532
1203 572 1532
697 169 540
540 169 697
169 540 697
15 387 2032
387 15 2032
2032 15 387
576 2053 2256
2053 576 2256
2256 576 2053
571 861 1603
861 571 1603
1603 571 861
1693 257 1931
1931 257 1693
257 1693 1931
959 1438 2076
2076 959 1438
1438 959 2076
2227 1681 2212
2212 1681 2227
1681 2212 2227
1045 1032 1188
1188 1032 1045
1032 1045 1188
1841 557 1881
557 1841 1881
1881 557 1841
2413 834 2234
2234 834 2413
834 2234 2413
2248 328 2895
328 2248 2895
2895 328 2248
919 567 2462
567 919 2462
2462 567 919
1623 736 2832
2832 736 1623
736 1623 2832
2552 1994 2426
2426 1994 2552
1994 2426 2552
440 978 1076
978 440 1076
1076 440 978
1731 780 1996
780 1731 1996
1996 780 1731
1964 53 922
922 53 1964
53 922 1964
2646 595 1572
1572 595 2646
595 1572 2646
2349 197 1658
197 1658 2349
1658 197 2349
568 1138 1274
1274 568 1138
1138 568 1274
1064 125 2924
125 1064 2924
2924 125 1064
1285 1476 2364
2364 1285 1476
1476 1285 2364
1416 1885 2354
2354 1416 1885
1885 1416 2354
2537 222 483
222 483 2537
483 222 2537
885 1946 1953
1953 885 1946
1946 885 1953
2559 1541 1927
1927 1541 2559
1541 1927 2559
1509 1487 2497
1487 1509 2497
2497 1487 1509
2111 348 1932
1932 348 2111
348 1932 2111
2642 694 895
895 694 2642
694 895 2642
135 1967 2387
2387 135 1967
1967 135 2387
2731 1161 1714
1161 1714 2731
1714 1161 2731
1916 2618 2835
2618 1916 2835
2835 1916 2618
1162 561 2981
561 1162 2981
2981 561 1162
1801 862 1647
862 1647 1801
1647 862 1801
1960 699 1094
699 1094 1960
1094 699 1960
1517 1918 2528
1918 1517 2528
2528 1517 1918
1798 719 1087
1087 719 1798
719 1087 1798
1767 1344 2346
2346 1344 1767
1344 1767 2346
2222 1972 2822
1972 2222 2822
2822 1972 2222
2672 1228 1496
1496 1228 2672
1228 1496 2672
2546 116 516
516 116 2546
116 516 2546
2671 191 2380
2380 191 2671
191 2380 2671
68 1167 1592
1592 68 1167
1167 68 1592
1366 414 2797
414 1366 2797
2797 414 1366
1622 1301 2778
2778 1301 1622
1301 1622 2778
1414 1065 1694
1694 1065 1414
1065 1414 1694
1560 1425 2752
1425 1560 2752
2752 1425 1560
760 931 1653
1653 760 931
931 760 1653
2214 528 585
528 585 2214
585 528 2214
1289 1263 2373
2373 1263 1289
1263 1289 2373
2399 774 2754
774 2399 2754
2754 774 2399
1952 990 2684
990 1952 2684
2684 990 1952
2437 1432 2771
1432 2437 2771
2771 1432 2437
2433 874 2192
874 2192 2433
2192 874 2433
2761 71 2307
2307 71 2761
71 2307 2761
1730 1460 1904
1460 1730 1904
1904 1460 1730
2389 279 631
279 631 2389
631 279 2389
102 527 2673
527 102 2673
2673 102 527
2173 2114 2331
2114 2173 2331
2331 2114 2173
2487 131 2681
2681 131 2487
131 2487 2681
2485 1998 2517
2517 1998 2485
1998 2485 2517
2325 244 293
293 244 2325
244 293 2325
2181 677 742
742 677 2181
677 742 2181
212 1322 2061
2061 212 1322
1322 212 2061
1664 2225 2727
2727 1664 2225
2225 1664 2727
247 1052 2927
1052 247 2927
2927 247 1052
2605 320 685
320 685 2605
685 320 2605
254 2460 2976
2460 254 2976
2976 254 2460
1789 1345 2469
1345 1789 2469
2469 1345 1789
1875 1185 1944
1185 1875 1944
1944 1185 1875
2668 1328 2566
1328 2566 2668
2566 1328 2668
1737 700 1268
1268 700 1737
700 1268 1737
1800 1494 2638
2638 1494 1800
1494 1800 2638
766 189 1863
189 766 1863
1863 189 766
1030 670 2467
2467 670 1030
670 1030 2467
1421 134 1984
134 1421 1984
1984 134 1421
2548 373 1477
373 1477 2548
1477 373 2548
539 1040 2660
1040 539 2660
2660 539 1040
1587 711 1625
1625 711 1587
711 1587 1625
1617 1970 2208
2208 1617 1970
1970 1617 2208
215 301 466
466 215 301
301 215 466
25 543 1155
1155 25 543
543 25 1155
664 668 2405
668 664 2405
2405 664 668
1896 988 1606
1606 988 1896
988 1606 1896
930 811 2499
811 930 2499
2499 811 930
2724 248 2308
248 2308 2724
2308 248 2724
588 2446 2594
2446 588 2594
2594 588 2446
2341 1717 1963
1717 1963 2341
1963 1717 2341
2203 794 2372
2372 794 2203
794 2203 2372
798 1713 2261
2261 798 1713
1713 798 2261
154 674 1628
674 154 1628
1628 154 674
2051 90 1336
90 1336 2051
1336 90 2051
2997 1642 2637
2637 1642 2997
1642 2637 2997
1089 146 2912
2912 146 1089
146 1089 2912
656 35 1679
1679 35 656
35 656 1679
1479 369 2464
2464 369 1479
369 1479 2464
2972 268 2232
2232 268 2972
268 2232 2972
489 187 1319
187 489 1319
1319 187 489
907 2018 2088
2018 907 2088
2088 907 2018
309 1575 2046
1575 309 2046
2046 309 1575
1608 878 2038
878 1608 2038
2038 878 1608
2636 1820 2596
2596 1820 2636
1820 2596 2636
1502 1736 2306
2306 1502 1736
1736 1502 2306
1962 968 1171
968 1171 1962
1171 968 1962
893 1243 1850
1850 893 1243
1243 893 1850
617 796 2050
2050 617 796
796 617 2050
1836 1486 1613
1486 1613 1836
1613 1486 1836
457 2329 2889
2889 457 2329
2329 457 2889
1548 377 2258
2258 377 1548
377 1548 2258
2119 2179 2218
2179 2119 2218
2218 2119 2179
526 391 2104
2104 391 526
391 526 2104
1988 2403 2885
2403 1988 2885
2885 1988 2403
556 1333 1846
1333 556 1846
1846 556 1333
2749 858 1303
1303 858 2749
858 1303 2749
1842 438 989
438 989 1842
989 438 1842
2810 233 1417
233 1417 2810
1417 233 2810
603 943 2652
2652 603 943
943 603 2652
2468 1637 2659
2659 1637 2468
1637 2468 2659
909 2534 2651
2651 909 2534
2534 909 2651
2474 2113 2445
2113 2445 2474
2445 2113 2474
1117 1565 2417
2417 1117 1565
1565 1117 2417
2628 252 2185
252 2185 2628
2185 252 2628
754 383 506
506 383 754
383 506 754
507 2271 2858
2858 507 2271
2271 507 2858
1134 159 374
374 159 1134
159 374 1134
24 1467 1955
1467 24 1955
1955 24 1467
1794 1169 2862
1169 1794 2862
2862 1169 1794
469 534 1404
534 469 1404
1404 469 534
2375 198 2824
2824 198 2375
198 2375 2824
2942 2493 2714
2714 2493 2942
2493 2714 2942
1491 242 2099
242 1491 2099
2099 242 1491
1278 1469 2612
1469 1278 2612
2612 1278 1469
2893 282 2663
2663 282 2893
282 2663 2893
167 1649 1779
1779 167 1649
1649 167 1779
2026 370 974
974 370 2026
370 974 2026
2108 1081 2669
1081 2108 2669
2669 1081 2108
1307 117 164
164 117 1307
117 164 1307
2177 573 2600
2600 573 2177
573 2177 2600
934 289 1362
1362 289 934
289 934 1362
408 392 854
854 392 408
392 408 854
2688 2274 2542
2542 2274 2688
2274 2542 2688
1253 1372 1610
1372 1253 1610
1610 1253 1372
2728 360 2172
360 2172 2728
2172 360 2728
2019 2345 2362
2362 2019 2345
2345 2019 2362
2864 376 992
992 376 2864
376 992 2864
2515 45 901
901 45 2515
45 901 2515
425 166 2168
2168 166 425
166 425 2168
2023 900 2708
900 2023 2708
2708 900 2023
1349 2406 2756
2756 1349 2406
2406 1349 2756
1011 1062 1530
1062 1011 1530
1530 1011 1062
73 136 1332
1332 73 136
136 73 1332
2338 232 1557
232 1557 2338
1557 232 2338
1392 1746 2262
1746 1392 2262
2262 1392 1746
1520 1104 2444
1104 1520 2444
2444 1104 1520
86 41 2785
2785 41 86
41 86 2785
639 1003 1492
1492 639 1003
1003 639 1492
456 777 965
777 456 965
965 456 777
1825 835 2492
2492 835 1825
835 1825 2492
537 1521 2459
1521 537 2459
2459 537 1521
225 496 1058
1058 225 496
496 225 1058
434 518 569
569 434 518
518 434 569
2545 936 2608
936 2545 2608
2608 936 2545
1778 263 808
263 808 1778
808 263 1778
2697 2448 2590
2448 2590 2697
2590 2448 2697
36 477 1939
477 36 1939
1939 36 477
592 2014 2654
2654 592 2014
2014 592 2654
2870 898 1920
1920 898 2870
898 1920 2870
2409 605 1299
1299 605 2409
605 1299 2409
2267 119 1108
1108 119 2267
119 1108 2267
352 498 2290
498 352 2290
2290 352 498
1042 1220 2328
2328 1042 1220
1220 1042 2328
1302 1293 1858
1293 1302 1858
1858 1293 1302
2933 818 1444
818 1444 2933
1444 818 2933
628 676 2915
2915 628 676
676 628 2915
2639 84 2598
2598 84 2639
84 2598 2639
2394 1635 1756
1756 1635 2394
1635 1756 2394
1830 849 1556
1556 849 1830
849 1556 1830
2243 2075 2851
2851 2075 2243
2075 2243 2851
1039 843 2899
843 1039 2899
2899 843 1039
2907 317 1978
1978 317 2907
317 1978 2907
752 1233 2611
1233 752 2611
2611 752 1233
718 2623 2723
2623 718 2723
2723 718 2623
1672 1237 2948
1237 1672 2948
2948 1237 1672
504 584 2696
2696 504 584
584 504 2696
124 1023 2175
1023 124 2175
2175 124 1023
1569 1424 2699
2699 1424 1569
1424 1569 2699
615 1768 2028
1768 615 2028
2028 615 1768
1374 1221 1378
1378 1221 1374
1221 1374 1378
1269 1402 2376
1402 1269 2376
2376 1269 1402
1795 1740 2518
1740 1795 2518
2518 1740 1795
2465 1355 2931
2931 1355 2465
1355 2465 2931
1725 140 1194
1194 140 1725
140 1194 1725
2237 213 443
443 213 2237
213 443 2237
2964 1466 2860
1466 2860 2964
2860 1466 2964
2427 824 2743
824 2427 2743
2743 824 2427
980 101 637
637 101 980
101 637 980
1813 533 1576
1576 533 1813
533 1576 1813
1559 256 349
349 256 1559
256 349 1559
1249 1522 2097
2097 1249 1522
1522 1249 2097
2853 2129 2484
2484 2129 2853
2129 2484 2853
1215 280 872
280 872 1215
872 280 1215
127 468 1383
1383 127 468
468 127 1383
1251 890 1182
890 1182 1251
1182 890 1251
2059 190 1244
190 1244 2059
1244 190 2059
2848 1359 2956
2956 1359 2848
1359 2848 2956
2884 1454 1909
1454 1909 2884
1909 1454 2884
621 692 1593
692 621 1593
1593 621 692
1752 641 2722
641 1752 2722
2722 641 1752
1853 952 953
953 952 1853
952 953 1853
103 180 1294
1294 103 180
180 103 1294
1177 1270 2914
1270 1177 2914
2914 1177 1270
2859 1648 2570
1648 2570 2859
2570 1648 2859
688 970 1949
1949 688 970
970 688 1949
2143 2360 2604
2604 2143 2360
2360 2143 2604
2004 981 2348
2348 981 2004
981 2004 2348
2925 634 1808
634 1808 2925
1808 634 2925
1835 1512 1769
1512 1769 1835
1769 1512 1835
2979 1965 2522
1965 2522 2979
2522 1965 2979
2016 1538 1947
1538 1947 2016
1947 1538 2016
855 942 1781
942 855 1781
1781 855 942
1455 1545 2479
1545 1455 2479
2479 1455 1545
979 2359 2783
2783 979 2359
2359 979 2783
1001 1038 2443
2443 1001 1038
1038 1001 2443
396 1049 2504
1049 396 2504
2504 396 1049
2576 1223 2713
2713 1223 2576
1223 2576 2713
403 97 693
97 403 693
693 97 403
1313 234 2795
2795 234 1313
234 1313 2795
2171 2009 2048
2048 2009 2171
2009 2048 2171
778 1934 2083
2083 778 1934
1934 778 2083
453 1614 1760
1760 453 1614
1614 453 1760
1190 48 2742
2742 48 1190
48 1190 2742
2591 976 1643
1643 976 2591
976 1643 2591
329 176 2178
176 329 2178
2178 176 329
1353 95 2777
2777 95 1353
95 1353 2777
1950 354 545
545 354 1950
354 545 1950
509 565 2725
2725 509 565
565 509 2725
768 243 2196
243 768 2196
2196 243 768
1764 372 2711
2711 372 1764
372 1764 2711
2938 46 1241
1241 46 2938
46 1241 2938
186 1071 1073
1071 186 1073
1073 186 1071
92 877 2135
2135 92 877
877 92 2135
1287 2335 2812
2335 1287 2812
2812 1287 2335
2715 1007 1550
1007 1550 2715
1550 1007 2715
2269 1151 2609
1151 2269 2609
2609 1151 2269
2228 1832 2913
1832 2228 2913
2913 1832 2228
75 1300 2840
1300 75 2840
2840 75 1300
2809 33 1665
33 1665 2809
1665 33 2809
1346 8 575
575 8 1346
8 575 1346
2532 1176 1391
1391 1176 2532
1176 1391 2532
2535 395 2378
395 2378 2535
2378 395 2535
1000 55 2544
55 1000 2544
2544 55 1000
564 108 2457
2457 108 564
108 564 2457
525 1772 2695
1772 525 2695
2695 525 1772
2425 2151 2990
2151 2425 2990
2990 2151 2425
2947 2705 2799
2799 2705 2947
2705 2799 2947
1499 610 2093
2093 610 1499
610 1499 2093
665 220 1890
220 665 1890
1890 220 665
1068 199 1361
1361 199 1068
199 1068 1361
757 1153 2125
2125 757 1153
1153 757 2125
1539 695 1498
695 1498 1539
1498 695 1539
2131 409 1936
1936 409 2131
409 1936 2131
1651 1103 1433
1103 1433 1651
1433 1103 1651
2857 2165 2558
2558 2165 2857
2165 2558 2857
2396 1329 2770
1329 2396 2770
2770 1329 2396
497 1462 1815
1815 497 1462
1462 497 1815
1265 336 1652
336 1265 1652
1652 336 1265
1659 1254 2773
1254 1659 2773
2773 1254 1659
106 1591 1999
1591 106 1999
1999 106 1591
2257 2184 2989
2989 2184 2257
2184 2257 2989
876 1676 2901
2901 876 1676
1676 876 2901
1995 149 2540
149 1995 2540
2540 149 1995
2121 786 2207
786 2121 2207
2207 786 2121
2295 800 2286
800 2286 2295
2286 800 2295
2327 430 439
439 430 2327
430 439 2327
56 551 2599
551 56 2599
2599 56 551
2498 529 2993
529 2498 2993
2993 529 2498
949 839 2949
839 949 2949
2949 839 949
1327 1441 2463
2463 1327 1441
1441 1327 2463
2902 2314 2946
2314 2902 2946
2946 2314 2902
686 1 1304
1 686 1304
1304 1 686
1857 228 1803
1803 228 1857
228 1803 1857
1519 346 458
458 346 1519
346 458 1519
1620 65 1453
65 1453 1620
1453 65 1620
2324 1833 2529
2529 1833 2324
1833 2324 2529
2466 1258 2700
1258 2466 2700
2700 1258 2466
1902 1745 2935
1745 1902 2935
2935 1745 1902
2553 629 1267
1267 629 2553
629 1267 2553
313 358 2140
2140 313 358
358 313 2140
1149 928 2496
2496 928 1149
928 1149 2496
482 1621 1774
1774 482 1621
1621 482 1774
2955 2336 2685
2685 2336 2955
2336 2685 2955
574 723 1551
1551 574 723
723 574 1551
2321 94 2174
94 2174 2321
2174 94 2321
1892 50 2189
50 1892 2189
2189 50 1892
1449 1214 2128
1214 1449 2128
2128 1214 1449
2158 1246 2148
2148 1246 2158
1246 2148 2158
2726 1212 1546
1546 1212 2726
1212 1546 2726
2999 1824 2584
1824 2584 2999
2584 1824 2999
1954 178 194
194 178 1954
178 194 1954
2765 126 2959
2959 126 2765
126 2765 2959
296 782 1386
782 296 1386
1386 296 782
817 1091 2986
1091 817 2986
2986 817 1091
2585 1657 2136
2136 1657 2585
1657 2136 2585
962 273 1938
1938 273 962
273 962 1938
1009 1802 2500
2500 1009 1802
1802 1009 2500
2194 294 378
378 294 2194
294 378 2194
332 353 426
353 332 426
426 332 353
435 494 2087
2087 435 494
494 435 2087
427 2622 2755
2622 427 2755
2755 427 2622
2429 715 1158
1158 715 2429
715 1158 2429
1485 941 1106
1106 941 1485
941 1106 1485
1977 1762 2550
2550 1762 1977
1762 1977 2550
2086 1216 2648
1216 2086 2648
2648 1216 2086
759 1586 2954
2954 759 1586
1586 759 2954
710 2197 2928
2197 710 2928
2928 710 2197
2451 295 2650
295 2451 2650
2650 295 2451
986 1704 2036
1704 986 2036
2036 986 1704
2073 675 1876
675 1876 2073
1876 675 2073
1829 538 827
538 827 1829
827 538 1829
447 499 1012
1012 447 499
499 447 1012
464 363 1445
363 464 1445
1445 363 464
911 1053 1348
1348 911 1053
1053 911 1348
2541 1088 1118
1118 1088 2541
1088 1118 2541
2565 2449 2665
2449 2565 2665
2665 2449 2565
1382 512 1855
1855 512 1382
512 1382 1855
1335 622 2519
622 1335 2519
2519 622 1335
841 22 74
22 74 841
74 22 841
2624 488 2180
2180 488 2624
488 2180 2624
1724 2001 2343
2343 1724 2001
2001 1724 2343
2983 2326 2619
2619 2326 2983
2326 2619 2983
1148 161 1571
1571 161 1148
161 1148 1571
2134 307 630
630 307 2134
307 630 2134
2704 2003 2746
2746 2003 2704
2003 2704 2746
957 467 1791
467 957 1791
1791 467 957
821 83 2081
2081 83 821
83 821 2081
958 2162 2827
2162 958 2827
2827 958 2162
2779 44 753
753 44 2779
44 753 2779
967 884 1821
1821 884 967
884 967 1821
1101 288 547
547 288 1101
288 547 1101
1208 305 1367
305 1208 1367
1367 305 1208
2526 357 2635
2635 357 2526
357 2526 2635
2042 865 2664
865 2042 2664
2664 865 2042
1619 1213 2411
2411 1213 1619
1213 1619 2411
226 20 1180
20 226 1180
1180 20 226
1518 2147 2221
2147 1518 2221
2221 1518 2147
804 351 2035
2035 351 804
351 804 2035
2233 1893 2253
2253 1893 2233
1893 2233 2253
2693 1663 2116
1663 2116 2693
2116 1663 2693
1013 598 2826
598 1013 2826
2826 598 1013
864 2431 2866
2866 864 2431
2431 864 2866
491 2112 2183
2183 491 2112
2112 491 2183
429 536 1197
536 429 1197
1197 429 536
816 626 2176
626 816 2176
2176 626 816
619 452 851
452 619 851
851 452 619
155 1379 2265
1379 155 2265
2265 155 1379
49 473 2597
473 49 2597
2597 49 473
2896 1368 1968
1368 1968 2896
1968 1368 2896
887 755 2874
755 887 2874
2874 755 887
2226 2710 2718
2710 2226 2718
2718 2226 2710
330 110 1020
110 330 1020
1020 110 330
1179 2044 2470
2470 1179 2044
2044 1179 2470
147 1638 2829
1638 147 2829
2829 147 1638
1810 404 1818
1818 404 1810
404 1810 1818
1655 151 1014
1014 151 1655
151 1014 1655
2422 269 1468
1468 269 2422
269 1468 2422
1035 13 82
82 13 1035
13 82 1035
54 476 806
806 54 476
476 54 806
1675 433 1296
433 1296 1675
1296 433 1675
342 379 1236
1236 342 379
379 342 1236
975 690 2407
690 975 2407
2407 690 975
2284 659 809
809 659 2284
659 809 2284
1147 99 2511
2511 99 1147
99 1147 2511
34 492 825
825 34 492
492 34 825
2952 1337 1849
1337 1849 2952
1849 1337 2952
2105 89 2888
89 2105 2888
2888 89 2105
2820 123 2368
2368 123 2820
123 2368 2820
2193 1057 2432
2432 1057 2193
1057 2193 2432
251 1189 2144
1189 251 2144
2144 251 1189
1596 1852 1957
1852 1596 1957
1957 1596 1852
1036 2555 2580
2555 1036 2580
2580 1036 2555
707 863 2164
2164 707 863
863 707 2164
1102 432 1295
432 1102 1295
1295 432 1102
486 241 826
826 241 486
241 486 826
1006 341 2439
2439 341 1006
341 1006 2439
32 402 1937
402 32 1937
1937 32 402
1210 1759 2603
1759 1210 2603
2603 1210 1759
1411 732 2958
2958 732 1411
732 1411 2958
2386 2229 2676
2229 2386 2676
2676 2229 2386
1305 1095 1129
1095 1129 1305
1129 1095 1305
2963 283 1534
283 1534 2963
1534 283 2963
331 28 770
770 28 331
28 331 770
1650 985 2836
985 1650 2836
2836 985 1650
508 1127 1906
1127 508 1906
1906 508 1127
972 2219 2385
2385 972 2219
2219 972 2385
1525 647 836
647 836 1525
836 647 1525
1741 1568 2891
1568 1741 2891
2891 1568 1741
517 326 703
703 326 517
326 517 703
300 2342 2850
2342 300 2850
2850 300 2342
2217 2356 2817
2817 2217 2356
2356 2217 2817
1022 1135 1413
1135 1022 1413
1413 1022 1135
384 141 1464
1464 141 384
141 384 1464
1113 26 910
26 910 1113
910 26 1113
2789 1735 2524
2524 1735 2789
1735 2524 2789
652 1325 1505
1325 652 1505
1505 652 1325
1788 401 1766
401 1766 1788
1766 401 1788
1629 122 394
122 394 1629
394 122 1629
2995 196 324
196 324 2995
324 196 2995
2683 2410 2620
2410 2620 2683
2620 2410 2683
704 1448 1907
1448 704 1907
1907 704 1448
795 1961 2191
1961 795 2191
2191 795 1961
2322 490 709
490 709 2322
709 490 2322
606 2332 2562
2562 606 2332
2332 606 2562
2438 2169 2994
2169 2438 2994
2994 2169 2438
1096 1090 2875
1090 1096 2875
2875 1090 1096
2294 1070 2130
1070 2130 2294
2130 1070 2294
181 767 867
767 181 867
867 181 767
1632 115 2296
2296 115 1632
115 1632 2296
1074 1684 2206
1684 1074 2206
2206 1074 1684
2674 1673 2828
1673 2674 2828
2828 1673 2674
905 548 1286
1286 548 905
548 905 1286
892 1428 1775
1775 892 1428
1428 892 1775
500 542 1792
1792 500 542
542 500 1792
614 756 875
875 614 756
756 614 875
465 2560 2996
2560 465 2996
2996 465 2560
2751 1272 1819
1819 1272 2751
1272 1819 2751
1905 2063 2490
2063 1905 2490
2490 1905 2063
2940 1008 2886
1008 2886 2940
2886 1008 2940
1915 1178 1866
1178 1866 1915
1866 1178 1915
1540 2572 2757
2757 1540 2572
2572 1540 2757
1150 57 417
57 417 1150
417 57 1150
562 23 390
390 23 562
23 390 562
67 1738 2991
2991 67 1738
1738 67 2991
916 2126 2855
2855 916 2126
2126 916 2855
2992 236 2266
236 2266 2992
2266 236 2992
2110 63 2264
63 2110 2264
2264 63 2110
2157 405 1860
405 1860 2157
1860 405 2157
991 1440 2615
2615 991 1440
1440 991 2615
1698 784 2384
2384 784 1698
784 1698 2384
1078 1446 2120
2120 1078 1446
1446 1078 2120
1306 1279 1710
1710 1279 1306
1279 1306 1710
684 2078 2838
2838 684 2078
2078 684 2838
1043 2242 2482
2482 1043 2242
2242 1043 2482
1689 1784 2868
2868 1689 1784
1784 1689 2868
1595 511 2052
2052 511 1595
511 1595 2052
644 1933 2337
1933 644 2337
2337 644 1933
2764 1980 2132
1980 2132 2764
2132 1980 2764
2890 829 1641
829 1641 2890
1641 829 2890
2435 1069 1951
1951 1069 2435
1069 1951 2435
2614 385 1823
1823 385 2614
385 1823 2614
450 415 1720
1720 415 450
415 450 1720
1682 667 728
728 667 1682
667 728 1682
2900 1055 1365
1365 1055 2900
1055 1365 2900
2416 1107 1555
1555 1107 2416
1107 1555 2416
2965 773 1075
773 1075 2965
1075 773 2965
2074 785 950
950 785 2074
785 950 2074
793 520 1010
520 793 1010
1010 520 793
1465 304 1726
1726 304 1465
304 1465 1726
2894 410 1026
410 1026 2894
1026 410 2894
1393 422 881
881 422 1393
422 881 1393
1691 2149 2201
2149 1691 2201
2201 1691 2149
1390 262 1604
262 1390 1604
1604 262 1390
844 37 2680
2680 37 844
37 844 2680
2420 775 1828
775 1828 2420
1828 775 2420
1482 1865 2027
2027 1482 1865
1865 1482 2027
219 1419 1484
1484 219 1419
1419 219 1484
1406 1602 2843
2843 1406 1602
1602 1406 2843
1660 2015 2932
2015 1660 2932
2932 1660 2015
355 2167 2273
2273 355 2167
2167 355 2273
1475 1407 2323
1407 1475 2323
2323 1407 1475
830 58 2533
58 830 2533
2533 58 830
1338 1196 1324
1196 1324 1338
1324 1196 1338
1765 977 2252
2252 977 1765
977 1765 2252
1925 285 902
902 285 1925
285 902 1925
1403 211 1024
211 1024 1403
1024 211 1403
638 904 1292
1292 638 904
904 638 1292
150 148 996
996 148 150
148 150 996
1400 2251 2418
2418 1400 2251
2251 1400 2418
1862 265 445
445 265 1862
265 445 1862
1582 682 2069
682 1582 2069
2069 682 1582
2374 2006 2830
2006 2374 2830
2830 2006 2374
1077 530 1130
530 1077 1130
1130 530 1077
278 552 746
552 278 746
746 278 552
1396 2255 2957
2255 1396 2957
2957 1396 2255
1544 1570 2774
1570 1544 2774
2774 1544 1570
1702 993 2440
993 1702 2440
2440 993 1702
717 1384 2945
1384 717 2945
2945 717 1384
1356 1985 2677
1985 1356 2677
2677 1356 1985
1524 327 1430
327 1430 1524
1430 327 1524
802 558 2198
2198 558 802
558 802 2198
203 1363 2882
1363 203 2882
2882 203 1363
2967 139 1350
139 1350 2967
1350 139 2967
1529 672 842
672 842 1529
842 672 1529
1611 418 725
725 418 1611
418 725 1611
2988 121 2012
2012 121 2988
121 2012 2988
657 733 2029
2029 657 733
733 657 2029
1255 52 2675
52 1255 2675
2675 52 1255
1181 201 2010
201 1181 2010
2010 201 1181
1358 431 623
623 431 1358
431 623 1358
200 948 1059
1059 200 948
948 200 1059
206 515 1342
515 206 1342
1342 206 515
449 2839 2919
2839 449 2919
2919 449 2839
2634 1063 1144
1144 1063 2634
1063 1144 2634
1733 2289 2502
2502 1733 2289
2289 1733 2502
137 671 2047
2047 137 671
671 137 2047
1388 98 1163
98 1163 1388
1163 98 1388
932 160 764
160 764 932
764 160 932
446 1873 2579
2579 446 1873
1873 446 2579
2021 2034 2802
2802 2021 2034
2034 2021 2802
805 1080 1537
1080 805 1537
1537 805 1080
1728 2142 2483
2483 1728 2142
2142 1728 2483
441 1410 2339
1410 441 2339
2339 441 1410
1880 737 1034
1034 737 1880
737 1034 1880
1470 170 1739
170 1470 1739
1739 170 1470
1640 1082 2455
2455 1082 1640
1082 1640 2455
591 1092 2442
1092 591 2442
2442 591 1092
879 643 2748
2748 643 879
643 879 2748
235 347 2831
2831 235 347
347 235 2831
460 479 1226
479 460 1226
1226 460 479
474 1607 1874
1607 474 1874
1874 474 1607
2776 2512 2762
2762 2512 2776
2512 2762 2776
1375 2040 2800
2040 1375 2800
2800 1375 2040
2299 649 2880
649 2299 2880
2880 649 2299
1797 1695 1848
1695 1797 1848
1848 1695 1797
2740 1200 2268
1200 2268 2740
2268 1200 2740
2065 1050 1644
1644 1050 2065
1050 1644 2065
2563 1472 2481
2481 1472 2563
1472 2481 2563
1056 2041 2371
2041 1056 2371
2371 1056 2041
2767 316 1131
316 1131 2767
1131 316 2767
1387 495 1225
495 1225 1387
1225 495 1387
913 118 2300
2300 118 913
118 913 2300
2216 1271 2633
2633 1271 2216
1271 2216 2633
2291 388 487
487 388 2291
388 487 2291
1202 1245 2461
2461 1202 1245
1245 1202 2461
701 364 2491
364 701 2491
2491 364 701
17 359 2293
359 17 2293
2293 17 359
1199 2421 2969
2421 1199 2969
2969 1199 2421
1326 380 2918
2918 380 1326
380 1326 2918
142 2275 2606
2275 142 2606
2606 142 2275
761 2404 2793
2793 761 2404
2404 761 2793
60 2689 2760
2689 60 2760
2760 60 2689
749 245 1066
245 749 1066
1066 245 749
455 1827 2118
2118 455 1827
1827 455 2118
2090 306 650
306 650 2090
650 306 2090
1928 681 2815
681 1928 2815
2815 681 1928
381 192 1981
1981 192 381
192 381 1981
2361 698 2230
2230 698 2361
698 2230 2361
1598 945 2039
2039 945 1598
945 1598 2039
267 343 1990
1990 267 343
343 267 1990
1291 2803 2937
2803 1291 2937
2937 1291 2803
2786 1986 2527
2527 1986 2786
1986 2527 2786
2514 645 1481
1481 645 2514
645 1481 2514
2017 451 481
481 451 2017
451 481 2017
1887 1097 1700
1097 1700 1887
1700 1097 1887
2062 59 2316
59 2062 2316
2316 59 2062
297 472 1380
1380 297 472
472 297 1380
599 1627 2871
1627 599 2871
2871 599 1627
1156 407 1668
1668 407 1156
407 1156 1668
173 1218 1843
1843 173 1218
1218 173 1843
208 275 1685
1685 208 275
275 208 1685
1473 253 609
609 253 1473
253 609 1473
1497 1217 1776
1776 1217 1497
1217 1497 1776
2962 1016 1160
1160 1016 2962
1016 1160 2962
1085 38 731
38 731 1085
731 38 1085
2807 130 1507
1507 130 2807
130 1507 2807
274 188 1426
1426 188 274
188 274 1426
1547 493 2305
493 1547 2305
2305 493 1547
532 1903 2733
1903 532 2733
2733 532 1903
442 1165 2054
2054 442 1165
1165 442 2054
2808 144 2867
2867 144 2808
144 2808 2867
1699 303 734
734 303 1699
303 734 1699
1450 109 535
535 109 1450
109 535 1450
2520 741 1549
741 1549 2520
1549 741 2520
889 419 2960
2960 419 889
419 889 2960
807 1667 1889
1667 807 1889
1889 807 1667
2430 850 1168
1168 850 2430
850 1168 2430
2911 1323 1594
1323 1594 2911
1594 1323 2911
2763 6 1310
6 1310 2763
1310 6 2763
1826 397 1579
397 1579 1826
1579 397 1826
291 669 2772
2772 291 669
669 291 2772
2706 64 2554
64 2554 2706
2554 64 2706
502 9 413
9 413 502
413 9 502
1718 906 2784
2784 906 1718
906 1718 2784
2452 315 2578
2578 315 2452
315 2452 2578
104 1242 2011
2011 104 1242
1242 104 2011
1585 2102 2317
2317 1585 2102
2102 1585 2317
769 2679 2707
2707 769 2679
2679 769 2707
152 227 1447
1447 152 227
227 152 1447
845 1680 2303
1680 845 2303
2303 845 1680
1235 1320 1527
1320 1235 1527
1527 1235 1320
2921 1412 2279
2279 1412 2921
1412 2279 2921
2571 66 1615
66 1615 2571
1615 66 2571
2146 1128 2424
2424 1128 2146
1128 2146 2424
202 1869 1879
1869 202 1879
1879 202 1869
51 935 1488
1488 51 935
935 51 1488
1678 579 1354
579 1354 1678
1354 579 1678
1222 1711 2845
1711 1222 2845
2845 1222 1711
1515 1132 1341
1132 1341 1515
1341 1132 1515
2480 162 2719
2719 162 2480
162 2480 2719
1901 88 174
174 88 1901
88 174 1901
1734 163 1474
163 1474 1734
1474 163 1734
1115 1339 2245
2245 1115 1339
1339 1115 2245
2486 604 2098
604 2098 2486
2098 604 2486
666 747 1969
1969 666 747
747 666 1969
1692 2037 2523
2523 1692 2037
2037 1692 2523
1511 1083 1997
1083 1511 1997
1997 1083 1511
2103 1480 2971
1480 2103 2971
2971 1480 2103
944 2801 2908
2908 944 2801
2801 944 2908
462 1631 2627
1631 462 2627
2627 462 1631
1018 1814 2736
2736 1018 1814
1814 1018 2736
2583 729 1461
1461 729 2583
729 1461 2583
724 925 1917
925 724 1917
1917 724 925
1376 399 788
399 788 1376
788 399 1376
554 1098 1459
1459 554 1098
1098 554 1459
1597 523 608
523 608 1597
608 523 1597
2856 1809 2974
2974 1809 2856
1809 2856 2974
2450 1198 1343
1343 1198 2450
1198 1343 2450
655 120 2759
120 655 2759
2759 120 655
2304 2656 2716
2656 2304 2716
2716 2304 2656
2391 2199 2357
2199 2357 2391
2357 2199 2391
2516 1015 1894
1015 1894 2516
1894 1015 2516
2077 1315 1513
1315 1513 2077
1513 1315 2077
1566 2085 2122
2122 1566 2085
2085 1566 2122
1533 271 272
271 272 1533
272 271 1533
2351 997 1298
997 1298 2351
1298 997 2351
183 1086 2525
2525 183 1086
1086 183 2525
611 772 1940
1940 611 772
772 611 1940
607 389 2589
389 607 2589
2589 389 607
2670 333 2595
333 2595 2670
2595 333 2670
1033 927 1357
1357 927 1033
927 1033 1357
601 217 908
217 601 908
908 217 601
2285 1019 2066
2066 1019 2285
1019 2066 2285
264 2509 2549
2549 264 2509
2509 264 2549
2872 463 2260
2260 463 2872
463 2260 2872
2530 43 1224
1224 43 2530
43 1224 2530
1536 820 2298
820 1536 2298
2298 820 1536
321 740 2100
2100 321 740
740 321 2100
4 926 1721
926 4 1721
1721 4 926
2791 859 1044
859 1044 2791
1044 859 2791
1686 560 880
880 560 1686
560 880 1686
2953 1170 1316
1170 1316 2953
1316 1170 2953
1206 555 1612
1612 555 1206
555 1206 1612
696 882 1812
882 696 1812
1812 696 882
16 30 726
726 16 30
30 16 726
2601 420 1262
1262 420 2601
420 1262 2601
797 470 2123
2123 470 797
470 797 2123
831 702 1037
702 831 1037
1037 702 831
706 1436 1554
1436 706 1554
1554 706 1436
2682 2064 2235
2064 2235 2682
2235 2064 2682
2934 1145 1211
1145 1211 2934
1211 1145 2934
2160 302 1123
1123 302 2160
302 1123 2160
334 745 2150
2150 334 745
745 334 2150
277 2133 2239
2239 277 2133
2133 277 2239
1877 1133 2205
1133 1877 2205
2205 1133 1877
1897 1373 1697
1697 1373 1897
1373 1697 1897
375 1247 2195
2195 375 1247
1247 375 2195
2841 1929 2873
2873 1929 2841
1929 2841 2873
2929 1437 2101
1437 2101 2929
2101 1437 2929
2930 237 1670
237 1670 2930
1670 237 2930
2844 424 2213
2213 424 2844
424 2213 2844
771 371 2156
371 771 2156
2156 371 771
837 776 1727
776 837 1727
1727 776 837
1729 1751 2712
1751 1729 2712
2712 1729 1751
1141 287 678
678 287 1141
287 678 1141
2092 2792 2977
2977 2092 2792
2792 2092 2977
416 956 2223
956 416 2223
2223 416 956
984 838 1590
1590 838 984
838 984 1590
1584 2024 2478
2478 1584 2024
2024 1584 2478
625 1976 2106
2106 625 1976
1976 625 2106
2370 1399 1796
1399 1796 2370
1796 1399 2370
298 2577 2717
2717 298 2577
2577 298 2717
2806 1543 2573
2573 1543 2806
1543 2573 2806
1634 1783 2454
1783 1634 2454
2454 1634 1783
1028 255 1252
255 1028 1252
1252 255 1028
2543 286 620
286 620 2543
620 286 2543
1787 583 2569
583 1787 2569
2569 583 1787
1283 171 2629
171 1283 2629
2629 171 1283
2561 12 2186
12 2186 2561
2186 12 2561
2640 31 2961
2961 31 2640
31 2640 2961
2602 2521 2653
2653 2521 2602
2521 2602 2653
1872 1763 2758
2758 1763 1872
1763 1872 2758
2568 1385 2926
2926 1385 2568
1385 2568 2926
1136 1845 1856
1856 1136 1845
1845 1136 1856
311 156 1688
1688 156 311
156 311 1688
2270 250 1005
250 1005 2270
1005 250 2270
2089 339 1067
339 1067 2089
1067 339 2089
322 398 2366
2366 322 398
398 322 2366
2472 1099 2782
1099 2472 2782
2782 1099 2472
653 586 2950
2950 586 653
586 653 2950
1191 366 2031
366 1191 2031
2031 366 1191
1331 1054 2567
1054 1331 2567
2567 1054 1331
2582 735 2477
2477 735 2582
735 2477 2582
2020 727 2310
2310 727 2020
727 2020 2310
939 179 1422
1422 179 939
179 939 1422
1072 1770 2720
2720 1072 1770
1770 1072 2720
870 2008 2244
2244 870 2008
2008 870 2244
954 1616 1958
1958 954 1616
1616 954 1958
832 937 1838
1838 832 937
937 832 1838
270 613 1239
1239 270 613
613 270 1239
205 1340 2302
2302 205 1340
1340 205 2302
2320 2588 2661
2661 2320 2588
2588 2320 2661
871 81 1859
1859 81 871
81 871 1859
1908 1394 2067
2067 1394 1908
1394 1908 2067
2159 276 658
276 658 2159
658 276 2159
485 100 2458
100 485 2458
2458 100 485
1284 632 1913
632 1284 1913
1913 632 1284
918 168 1219
168 918 1219
1219 168 918
204 260 1207
1207 204 260
260 204 1207
2632 284 2837
2837 284 2632
284 2632 2837
175 791 2617
2617 175 791
791 175 2617
1864 1777 2408
1777 1864 2408
2408 1777 1864
2350 1193 1867
1193 1867 2350
1867 1193 2350
1140 1992 2453
2453 1140 1992
1992 1140 2453
646 1501 2501
2501 646 1501
1501 646 2501
1227 642 971
971 642 1227
642 971 1227
1029 411 1116
411 1029 1116
1116 411 1029
2643 96 2547
2547 96 2643
96 2547 2643
113 1562 1567
1562 113 1567
1567 113 1562
580 873 2564
873 580 2564
2564 580 873
1942 1708 2182
2182 1708 1942
1708 1942 2182
833 361 1583
1583 361 833
361 833 1583
436 600 999
999 436 600
600 436 999
2818 899 2153
2153 899 2818
899 2153 2818
966 596 2536
596 966 2536
2536 596 966
393 2238 2662
2662 393 2238
2238 393 2662
1991 1574 2794
2794 1574 1991
1574 1991 2794
1948 85 2311
85 1948 2311
2311 85 1948
559 938 2187
2187 559 938
938 559 2187
1701 1051 1922
1051 1701 1922
1922 1051 1701
713 2007 2488
2007 713 2488
2488 713 2007
2211 224 1503
224 1503 2211
1503 224 2211
2551 1429 2170
1429 2170 2551
2170 1429 2551
76 61 868
868 61 76
61 76 868
80 1895 2823
2823 80 1895
1895 80 2823
2788 1370 1805
1805 1370 2788
1370 1805 2788
2240 172 2070
172 2070 2240
2070 172 2240
2987 1500 2966
2966 1500 2987
1500 2966 2987
1109 1758 2811
2811 1109 1758
1758 1109 2811
1248 714 1706
714 1248 1706
1706 714 1248
2049 143 801
801 143 2049
143 801 2049
258 195 1923
1923 195 258
195 258 1923
2916 828 2127
828 2127 2916
2127 828 2916
1405 1871 2489
1871 1405 2489
2489 1405 1871
1888 1671 2215
1671 1888 2215
2215 1671 1888
819 2115 2353
2353 819 2115
2115 819 2353
129 1186 2790
1186 129 2790
2790 129 1186
2513 1397 2876
1397 2513 2876
2876 1397 2513
1493 582 1192
582 1192 1493
1192 582 1493
994 475 553
475 553 994
553 475 994
503 1435 2084
1435 503 2084
2084 503 1435
1580 338 1716
338 1580 1716
1716 338 1580
1434 1110 2538
2538 1110 1434
1110 1434 2538
2655 1143 2781
1143 2655 2781
2781 1143 2655
1061 344 2382
344 1061 2382
2382 344 1061
917 1205 1377
1205 917 1377
1377 917 1205
437 2030 2473
2030 437 2473
2473 437 2030
2301 459 2365
2365 459 2301
459 2301 2365
912 1989 2397
2397 912 1989
1989 912 2397
2649 209 310
209 310 2649
310 209 2649
471 107 412
412 107 471
107 412 471
590 218 2768
2768 218 590
218 590 2768
1261 1146 1935
1935 1146 1261
1146 1261 1935
1369 2402 2593
2402 1369 2593
2593 1369 2402
1761 340 2068
340 1761 2068
2068 340 1761
2574 2775 2878
2775 2574 2878
2878 2574 2775
940 2787 2869
2869 940 2787
2787 940 2869
1442 1079 2358
1079 1442 2358
2358 1079 1442
2985 69 2297
2297 69 2985
69 2297 2985
1273 1288 2288
1288 1273 2288
2288 1273 1288
1974 1891 1900
1891 1900 1974
1900 1891 1974
2735 2152 2309
2309 2152 2735
2152 2309 2735
105 77 963
963 77 105
77 105 963
1626 964 1722
964 1626 1722
1722 964 1626
2155 42 2095
2095 42 2155
42 2095 2155
1408 1195 1418
1195 1408 1418
1418 1195 1408
231 815 1490
1490 231 815
815 231 1490
1415 689 2881
689 1415 2881
2881 689 1415
987 1121 1757
1121 987 1757
1757 987 1121
1558 1427 2246
2246 1427 1558
1427 1558 2246
1811 705 1844
705 1811 1844
1844 705 1811
2581 323 2045
2045 323 2581
323 2045 2581
128 1773 2471
2471 128 1773
1773 128 2471
1609 1732 1816
1732 1609 1816
1816 1609 1732
1983 2272 2610
2272 1983 2610
2610 1983 2272
1747 1232 1837
1232 1747 1837
1837 1232 1747
2476 955 1898
955 1898 2476
1898 955 2476
1420 662 1884
1884 662 1420
662 1420 1884
3000 2055 2690
2690 2055 3000
2055 2690 3000
1060 1452 2745
1452 1060 2745
2745 1060 1452
2280 1159 2694
2694 1159 2280
1159 2280 2694
921 2013 2698
2698 921 2013
2013 921 2698
1870 513 1782
513 1782 1870
1782 513 1870
2355 1715 1912
1715 1912 2355
1912 1715 2355
2796 779 1719
779 1719 2796
1719 779 2796
1264 1229 1451
1229 1264 1451
1451 1229 1264
281 10 1025
1025 10 281
10 281 1025
1122 544 1154
1154 544 1122
544 1122 1154
1250 743 2506
743 1250 2506
2506 743 1250
400 1389 2702
1389 400 2702
2702 400 1389
2739 367 1666
367 1666 2739
1666 367 2739
1021 627 2145
627 1021 2145
2145 627 1021
563 866 2951
866 563 2951
2951 563 866
1184 847 2250
2250 847 1184
847 1184 2250
2842 2057 2117
2057 2117 2842
2117 2057 2842
2647 1157 2124
2124 1157 2647
1157 2124 2647
1456 570 2282
570 1456 2282
2282 570 1456
1886 663 947
947 663 1886
663 947 1886
177 2315 2456
2456 177 2315
2315 177 2456
2400 3 2383
2383 3 2400
3 2383 2400
848 1458 2163
1458 848 2163
2163 848 1458
1297 386 721
721 386 1297
386 721 1297
1360 1882 2737
2737 1360 1882
1882 1360 2737
1260 1601 2154
2154 1260 1601
1601 1260 2154
2586 382 982
382 982 2586
982 382 2586
1677 153 1785
1785 153 1677
153 1677 1785
624 27 193
27 193 624
193 27 624
2318 781 2344
2344 781 2318
781 2318 2344
2254 1987 2058
