814 134 690
134 690 814
690 134 814
1368 419 2574
419 1368 2574
2574 419 1368
1313 924 2025
2025 924 1313
924 1313 2025
2372 2052 2801
2052 2372 2801
2801 2052 2372
2234 228 2575
2575 228 2234
228 2234 2575
2650 1029 1129
1029 1129 2650
1129 1029 2650
1059 2426 2972
2426 1059 2972
2972 1059 2426
1964 39 1271
1271 39 1964
39 1271 1964
512 61 65
61 65 512
65 61 512
1096 1433 1479
1433 1096 1479
1479 1096 1433
870 2652 2672
2672 870 2652
2652 870 2672
1374 58 1630
1630 58 1374
58 1374 1630
878 25 2757
2757 25 878
25 878 2757
1343 11 1697
1697 11 1343
11 1343 1697
868 12 1406
12 868 1406
1406 12 868
2770 1588 1811
1588 1811 2770
1811 1588 2770
2200 927 2347
927 2200 2347
2347 927 2200
1216 1092 1467
1467 1092 1216
1092 1216 1467
1826 1458 1603
1603 1458 1826
1458 1603 1826
2424 1125 2595
2595 1125 2424
1125 2424 2595
1631 1356 2246
1356 1631 2246
2246 1356 1631
1087 660 1212
660 1087 1212
1212 660 1087
1676 957 1995
1995 957 1676
957 1676 1995
424 766 2091
766 424 2091
2091 424 766
786 167 1891
1891 167 786
167 786 1891
1567 2132 2136
2132 1567 2136
2136 1567 2132
2430 832 1627
832 1627 2430
1627 832 2430
639 1574 2539
2539 639 1574
1574 639 2539
1360 947 971
971 947 1360
947 971 1360
2420 2007 2987
2007 2420 2987
2987 2007 2420
2077 1137 2354
1137 2077 2354
2354 1137 2077
1160 686 1810
1810 686 1160
686 1160 1810
2176 136 552
552 136 2176
136 552 2176
2490 1116 1802
1116 1802 2490
1802 1116 2490
760 869 2043
869 760 2043
2043 760 869
1700 22 1246
22 1246 1700
1246 22 1700
935 1234 2911
2911 935 1234
1234 935 2911
1656 500 1240
1240 500 1656
500 1240 1656
2560 333 1600
333 1600 2560
1600 333 2560
649 650 1238
650 649 1238
1238 649 650
1716 1984 2573
1984 1716 2573
2573 1716 1984
1879 1005 1774
1005 1774 1879
1774 1005 1879
1306 357 1074
1074 357 1306
357 1074 1306
89 1038 1499
1038 89 1499
1499 89 1038
1609 1657 1878
1878 1609 1657
1657 1609 1878
1619 640 1709
1709 640 1619
640 1619 1709
1683 1824 2079
1824 1683 2079
2079 1683 1824
778 2235 2742
2742 778 2235
2235 778 2742
1089 631 2016
2016 631 1089
631 1089 2016
1365 139 248
248 139 1365
139 248 1365
2890 1898 2716
2716 1898 2890
1898 2716 2890
2146 767 2187
2187 767 2146
767 2146 2187
2506 879 1909
879 1909 2506
1909 879 2506
35 1623 2727
2727 35 1623
1623 35 2727
1738 1272 1560
1272 1560 1738
1560 1272 1738
1042 353 1435
353 1042 1435
1435 353 1042
2206 731 1592
1592 731 2206
731 1592 2206
1153 188 1634
188 1153 1634
1634 188 1153
2339 464 1178
464 1178 2339
1178 464 2339
2378 1220 2368
1220 2368 2378
2368 1220 2378
2603 1915 2907
1915 2603 2907
2907 1915 2603
1896 1081 1505
1505 1081 1896
1081 1505 1896
361 1040 2202
1040 361 2202
2202 361 1040
1927 277 1508
1508 277 1927
277 1508 1927
1416 1413 2744
2744 1413 1416
1413 1416 2744
915 1146 1784
1784 915 1146
1146 915 1784
2927 409 1490
1490 409 2927
409 1490 2927
323 730 1723
730 323 1723
1723 323 730
1918 49 94
49 94 1918
94 49 1918
2118 2365 2982
2982 2118 2365
2365 2118 2982
1348 1768 2602
1768 1348 2602
2602 1348 1768
1342 1838 1944
1838 1342 1944
1944 1342 1838
2695 2394 2848
2848 2394 2695
2394 2695 2848
509 545 2826
545 509 2826
2826 509 545
1331 968 1383
968 1331 1383
1383 968 1331
1226 256 713
713 256 1226
256 713 1226
2020 112 2217
2217 112 2020
112 2020 2217
2586 176 2133
2133 176 2586
176 2133 2586
1605 2236 2964
2236 1605 2964
2964 1605 2236
2977 413 2445
413 2445 2977
2445 413 2977
799 218 1473
218 799 1473
1473 218 799
1332 316 2278
2278 316 1332
316 1332 2278
818 718 1921
1921 718 818
718 818 1921
442 589 752
589 442 752
752 442 589
1015 2289 2951
2289 1015 2951
2951 1015 2289
1959 1830 2199
1830 1959 2199
2199 1830 1959
808 345 743
345 743 808
743 345 808
1557 183 565
565 183 1557
183 565 1557
817 1581 1690
1690 817 1581
1581 817 1690
1282 748 1419
748 1282 1419
1419 748 1282
862 1454 2797
2797 862 1454
1454 862 2797
1245 1023 1182
1182 1023 1245
1023 1182 1245
658 648 1808
1808 648 658
648 658 1808
951 97 2789
97 951 2789
2789 97 951
1788 104 2249
104 1788 2249
2249 104 1788
723 455 1085
455 723 1085
1085 455 723
2678 1268 1545
1545 1268 2678
1268 1545 2678
2684 247 1654
1654 247 2684
247 1654 2684
156 2006 2045
2006 156 2045
2045 156 2006
2818 1648 1823
1823 1648 2818
1648 1823 2818
1649 1378 2111
2111 1378 1649
1378 1649 2111
2157 1440 2579
2579 1440 2157
1440 2157 2579
2668 283 643
283 643 2668
643 283 2668
1363 672 1640
672 1363 1640
1640 672 1363
1692 282 1098
1098 282 1692
282 1098 1692
2382 1117 1452
1117 1452 2382
1452 1117 2382
1468 721 2525
721 1468 2525
2525 721 1468
1047 1309 2829
2829 1047 1309
1309 1047 2829
171 399 1111
1111 171 399
399 171 1111
1362 1095 1671
1095 1362 1671
1671 1095 1362
2151 43 558
558 43 2151
43 558 2151
2039 1024 1344
1344 1024 2039
1024 1344 2039
1888 23 2195
2195 23 1888
23 1888 2195
662 308 956
308 662 956
956 308 662
733 1727 1897
1727 733 1897
1897 733 1727
394 1598 2849
2849 394 1598
1598 394 2849
2047 1767 1831
1767 1831 2047
1831 1767 2047
175 1384 2892
2892 175 1384
1384 175 2892
1206 1045 1346
1045 1206 1346
1346 1045 1206
1472 536 1352
1352 536 1472
536 1352 1472
350 1665 2277
1665 350 2277
2277 350 1665
2708 478 1651
1651 478 2708
478 1651 2708
2243 117 1191
1191 117 2243
117 1191 2243
1001 2434 2460
2434 1001 2460
2460 1001 2434
146 1004 2334
2334 146 1004
1004 146 2334
1842 180 2231
180 1842 2231
2231 180 1842
14 29 1509
29 14 1509
1509 14 29
2410 586 1571
586 1571 2410
1571 586 2410
93 2362 2979
2979 93 2362
2362 93 2979
2778 36 1078
1078 36 2778
36 1078 2778
819 1255 1935
1255 819 1935
1935 819 1255
2415 348 2198
2198 348 2415
348 2198 2415
1421 2035 2712
2712 1421 2035
2035 1421 2712
615 1851 2061
1851 615 2061
2061 615 1851
1621 1326 1813
1326 1621 1813
1813 1326 1621
2869 822 1279
822 1279 2869
1279 822 2869
351 437 2152
2152 351 437
437 351 2152
2597 853 2796
2796 853 2597
853 2597 2796
1481 974 2709
2709 974 1481
974 1481 2709
1595 433 691
691 433 1595
433 691 1595
1243 2019 2728
2019 1243 2728
2728 1243 2019
2044 16 575
575 16 2044
16 575 2044
961 972 2017
972 961 2017
2017 961 972
1859 806 2605
806 1859 2605
2605 806 1859
2102 396 1329
1329 396 2102
396 1329 2102
608 2516 2928
2516 608 2928
2928 608 2516
2219 1807 2115
2115 1807 2219
1807 2115 2219
2114 544 1553
544 1553 2114
1553 544 2114
121 507 2059
507 121 2059
2059 121 507
784 1999 2851
1999 784 2851
2851 784 1999
975 125 2179
2179 125 975
125 975 2179
617 122 2080
122 617 2080
2080 122 617
1276 1850 2399
1850 1276 2399
2399 1276 1850
1215 170 516
170 516 1215
516 170 1215
1389 415 470
470 415 1389
415 470 1389
2913 1150 2161
2161 1150 2913
1150 2161 2913
2776 205 207
207 205 2776
205 207 2776
189 1072 1572
1572 189 1072
1072 189 1572
2665 1080 2183
2183 1080 2665
1080 2183 2665
1948 236 729
236 729 1948
729 236 1948
1041 1109 1237
1109 1041 1237
1237 1041 1109
1689 2011 2671
2671 1689 2011
2011 1689 2671
373 1010 1286
1010 373 1286
1286 373 1010
2483 1402 2248
2248 1402 2483
1402 2248 2483
2592 700 2929
2929 700 2592
700 2592 2929
625 1523 2865
1523 625 2865
2865 625 1523
1942 969 1009
1009 969 1942
969 1009 1942
1755 226 2073
2073 226 1755
226 1755 2073
184 1895 2863
1895 184 2863
2863 184 1895
1975 736 1886
1886 736 1975
736 1886 1975
712 1724 2241
1724 712 2241
2241 712 1724
573 2065 2414
2065 573 2414
2414 573 2065
824 363 2201
2201 363 824
363 824 2201
624 1587 2706
2706 624 1587
1587 624 2706
2599 1262 2765
2765 1262 2599
1262 2599 2765
1030 69 2479
69 1030 2479
2479 69 1030
1629 787 2068
2068 787 1629
787 1629 2068
939 983 1119
1119 939 983
983 939 1119
26 221 1882
1882 26 221
221 26 1882
2798 985 1890
1890 985 2798
985 1890 2798
452 747 2428
747 452 2428
2428 452 747
1086 937 2594
2594 937 1086
937 1086 2594
1164 990 1994
1994 990 1164
990 1164 1994
2937 143 875
875 143 2937
143 875 2937
1704 1858 1963
1858 1704 1963
1963 1704 1858
1986 389 2899
2899 389 1986
389 1986 2899
1194 885 2777
885 1194 2777
2777 885 1194
2530 1758 2253
2253 1758 2530
1758 2253 2530
2916 838 2067
2067 838 2916
838 2067 2916
2958 1543 1666
1666 1543 2958
1543 1666 2958
2190 577 842
842 577 2190
577 842 2190
1287 635 1469
635 1287 1469
1469 635 1287
1314 1392 2846
1392 1314 2846
2846 1314 1392
703 929 2971
929 703 2971
2971 703 929
1266 2097 2827
2097 1266 2827
2827 1266 2097
1358 2360 2549
2549 1358 2360
2360 1358 2549
2486 523 1954
523 1954 2486
1954 523 2486
1048 914 1231
914 1048 1231
1231 914 1048
1809 269 2999
2999 269 1809
269 1809 2999
534 1967 2908
2908 534 1967
1967 534 2908
1988 2552 2769
2552 1988 2769
2769 1988 2552
1951 1036 1868
1868 1036 1951
1036 1868 1951
520 46 770
770 46 520
46 520 770
2986 2160 2556
2160 2556 2986
2556 2160 2986
1120 362 1759
1759 362 1120
362 1120 1759
1443 1847 1876
1847 1443 1876
1876 1443 1847
804 1210 2055
2055 804 1210
1210 804 2055
1597 571 2093
571 1597 2093
2093 571 1597
2336 1408 1450
1408 1450 2336
1450 1408 2336
2589 881 1528
1528 881 2589
881 1528 2589
936 1325 2269
1325 936 2269
2269 936 1325
986 1130 2533
2533 986 1130
1130 986 2533
2772 1152 2002
2002 1152 2772
1152 2002 2772
321 1641 2762
1641 321 2762
2762 321 1641
1269 794 1782
1782 794 1269
794 1269 1782
1561 1122 2591
2591 1122 1561
1122 1561 2591
2621 1031 1527
1527 1031 2621
1031 1527 2621
1284 1583 1684
1583 1284 1684
1684 1284 1583
1870 2167 2169
2167 1870 2169
2169 1870 2167
1675 1371 1464
1371 1464 1675
1464 1371 1675
2100 1682 1790
1790 1682 2100
1682 1790 2100
809 628 1800
628 809 1800
1800 628 809
2904 107 1496
107 1496 2904
1496 107 2904
2165 501 765
765 501 2165
501 765 2165
995 2056 2482
2056 995 2482
2482 995 2056
1439 220 882
882 220 1439
220 882 1439
2503 330 1388
330 1388 2503
1388 330 2503
2225 356 481
481 356 2225
356 481 2225
422 800 1616
800 422 1616
1616 422 800
2379 246 942
246 942 2379
942 246 2379
2783 465 2021
465 2021 2783
2021 465 2783
90 24 1190
24 90 1190
1190 24 90
217 2184 2614
2614 217 2184
2184 217 2614
2355 1459 1991
1459 1991 2355
1991 1459 2355
2854 1618 2437
2437 1618 2854
1618 2437 2854
1925 934 1196
1196 934 1925
934 1196 1925
852 1520 2345
1520 852 2345
2345 852 1520
2170 2582 2995
2995 2170 2582
2582 2170 2995
530 1291 2800
1291 530 2800
2800 530 1291
999 812 2577
812 999 2577
2577 812 999
1020 613 1849
1849 613 1020
613 1020 1849
1424 2193 2325
2325 1424 2193
2193 1424 2325
1369 960 2489
960 1369 2489
2489 960 1369
2669 1201 2292
1201 2292 2669
2292 1201 2669
1168 168 1274
168 1168 1274
1274 168 1168
2466 151 503
503 151 2466
151 503 2466
1633 1669 2628
2628 1633 1669
1669 1633 2628
86 1429 1679
1679 86 1429
1429 86 1679
1444 540 1558
1558 540 1444
540 1444 1558
2069 1554 2784
2784 1554 2069
1554 2069 2784
629 847 2960
2960 629 847
847 629 2960
1487 732 1236
732 1236 1487
1236 732 1487
2477 186 1701
186 1701 2477
1701 186 2477
1075 110 1702
110 1075 1702
1702 110 1075
782 5 858
858 5 782
5 782 858
1825 314 493
314 493 1825
493 314 1825
958 855 2736
2736 855 958
855 958 2736
2966 298 1610
298 1610 2966
1610 298 2966
1998 921 2551
2551 921 1998
921 1998 2551
1786 1165 2393
1165 1786 2393
2393 1165 1786
1606 191 2803
191 1606 2803
2803 191 1606
1659 1480 2471
2471 1480 1659
1480 1659 2471
2172 19 33
33 19 2172
19 33 2172
2562 578 2793
578 2562 2793
2793 578 2562
1781 1872 2127
2127 1781 1872
1872 1781 2127
1620 2572 2956
2956 1620 2572
2572 1620 2956
1335 250 1681
1681 250 1335
250 1335 1681
1746 1772 2144
2144 1746 1772
1772 1746 2144
2411 466 2223
2223 466 2411
466 2223 2411
2576 1131 2896
2896 1131 2576
1131 2576 2896
744 383 762
762 383 744
383 744 762
2524 244 2902
244 2524 2902
2902 244 2524
827 1366 2805
1366 827 2805
2805 827 1366
2005 1068 2208
2208 1068 2005
1068 2005 2208
1227 1577 2476
1577 1227 2476
2476 1227 1577
1482 2137 2458
2458 1482 2137
2137 1482 2458
369 1866 2702
2702 369 1866
1866 369 2702
1916 169 1812
1812 169 1916
169 1812 1916
2038 594 2608
2608 594 2038
594 2038 2608
2012 113 2230
113 2012 2230
2230 113 2012
213 336 533
533 213 336
336 213 533
2389 1264 2833
1264 2389 2833
2833 1264 2389
174 376 1158
1158 174 376
376 174 1158
1660 906 2467
2467 906 1660
906 1660 2467
1123 70 888
888 70 1123
70 888 1123
1026 1699 2312
2312 1026 1699
1699 1026 2312
199 1720 1904
1720 199 1904
1904 199 1720
2511 815 2215
2215 815 2511
815 2215 2511
2538 576 1395
576 1395 2538
1395 576 2538
200 728 792
792 200 728
728 200 792
2493 671 2636
671 2493 2636
2636 671 2493
1885 1905 1933
1933 1885 1905
1905 1885 1933
1067 331 421
331 421 1067
421 331 1067
1261 834 2710
834 1261 2710
2710 834 1261
2624 2229 2804
2804 2229 2624
2229 2624 2804
1806 7 377
377 7 1806
7 377 1806
621 667 2220
667 621 2220
2220 621 667
741 889 1969
1969 741 889
889 741 1969
1980 1172 1632
1632 1172 1980
1172 1632 1980
1257 2116 2370
2370 1257 2116
2116 1257 2370
1695 1718 2408
2408 1695 1718
1718 1695 2408
861 257 1563
1563 257 861
257 861 1563
590 1752 2495
2495 590 1752
1752 590 2495
1289 2375 2396
2396 1289 2375
2375 1289 2396
1192 31 2258
2258 31 1192
31 1192 2258
1586 1367 2740
1367 1586 2740
2740 1367 1586
1082 604 1375
1375 604 1082
604 1082 1375
459 1025 1593
1025 459 1593
1593 459 1025
600 1134 2381
1134 600 2381
2381 600 1134
2529 619 1542
1542 619 2529
619 1542 2529
1524 2642 2837
2837 1524 2642
2642 1524 2837
1088 1745 2919
2919 1088 1745
1745 1088 2919
2699 1044 1446
1446 1044 2699
1044 1446 2699
131 354 859
354 131 859
859 131 354
2824 1097 1445
1445 1097 2824
1097 1445 2824
510 2149 2403
2403 510 2149
2149 510 2403
2180 1502 2473
2473 1502 2180
1502 2180 2473
2878 1573 2024
1573 2024 2878
2024 1573 2878
1275 707 2413
707 1275 2413
2413 707 1275
2337 547 2101
547 2101 2337
2101 547 2337
2259 664 1387
664 1387 2259
1387 664 2259
1141 1642 2654
1642 1141 2654
2654 1141 1642
1680 912 1093
912 1093 1680
1093 912 1680
1843 74 938
74 938 1843
938 74 1843
674 982 1880
982 674 1880
1880 674 982
195 2147 2566
2147 195 2566
2566 195 2147
245 753 1386
753 245 1386
1386 245 753
2390 1379 2123
2123 1379 2390
1379 2123 2390
193 295 484
295 193 484
484 193 295
2632 1003 2887
1003 2632 2887
2887 1003 2632
665 414 1382
1382 414 665
414 665 1382
1338 1703 2748
2748 1338 1703
1703 1338 2748
2735 504 623
623 504 2735
504 623 2735
954 742 2754
2754 742 954
742 954 2754
2447 1601 2494
2494 1601 2447
1601 2447 2494
981 652 2438
2438 652 981
652 981 2438
2722 124 439
439 124 2722
124 439 2722
1736 887 1638
1638 887 1736
887 1638 1736
2074 1584 1663
1584 1663 2074
1663 1584 2074
720 294 1966
294 720 1966
1966 294 720
2527 1548 2452
1548 2452 2527
2452 1548 2527
894 622 2942
622 894 2942
2942 622 894
2063 860 2858
860 2063 2858
2858 860 2063
2985 1677 2373
2373 1677 2985
1677 2373 2985
699 1058 2425
2425 699 1058
1058 699 2425
681 1979 2644
1979 681 2644
2644 681 1979
2925 1350 1862
1862 1350 2925
1350 1862 2925
2976 360 2171
360 2171 2976
2171 360 2976
2275 177 524
177 524 2275
524 177 2275
2544 944 2596
944 2544 2596
2596 944 2544
1780 551 2680
2680 551 1780
551 1780 2680
1426 1032 2227
1032 1426 2227
2227 1032 1426
992 306 2935
306 992 2935
2935 306 992
1430 2298 2313
2298 1430 2313
2313 1430 2298
2075 585 2066
585 2066 2075
2066 585 2075
857 278 2997
278 857 2997
2997 278 857
2099 412 2001
412 2001 2099
2001 412 2099
653 2606 3000
2606 653 3000
3000 653 2606
227 802 2761
2761 227 802
802 227 2761
1364 322 892
892 322 1364
322 892 1364
2785 1952 2391
1952 2391 2785
2391 1952 2785
1377 555 2593
555 1377 2593
2593 555 1377
1696 445 2590
2590 445 1696
445 1696 2590
2148 1307 2856
1307 2148 2856
2856 1307 2148
239 1828 2611
2611 239 1828
1828 239 2611
525 693 1958
693 525 1958
1958 525 693
486 2233 2441
2441 486 2233
2233 486 2441
529 689 2429
689 529 2429
2429 529 689
883 2028 2718
2028 883 2718
2718 883 2028
1559 1147 1319
1147 1319 1559
1319 1147 1559
1056 1063 2064
1063 1056 2064
2064 1056 1063
1438 1355 2203
2203 1355 1438
1355 1438 2203
2409 508 2041
2041 508 2409
508 2041 2409
597 1934 2543
2543 597 1934
1934 597 2543
2673 1208 2046
2046 1208 2673
1208 2046 2673
2931 1186 2083
1186 2083 2931
2083 1186 2931
2618 47 63
63 47 2618
47 63 2618
2587 2267 2584
2267 2584 2587
2584 2267 2587
2472 1521 2811
2811 1521 2472
1521 2472 2811
1019 546 1957
1957 546 1019
546 1019 1957
1770 1393 2191
1393 1770 2191
2191 1393 1770
1740 460 2302
2302 460 1740
460 1740 2302
1635 498 874
874 498 1635
498 874 1635
2492 240 1457
240 1457 2492
1457 240 2492
2747 1950 2134
2134 1950 2747
1950 2134 2747
2088 109 896
896 109 2088
109 896 2088
1707 1449 2122
2122 1449 1707
1449 1707 2122
2703 427 1836
427 1836 2703
1836 427 2703
943 1913 2213
2213 943 1913
1913 943 2213
2610 866 2332
866 2332 2610
2332 866 2610
1947 128 1719
1719 128 1947
128 1719 1947
2282 692 2252
692 2252 2282
2252 692 2282
2949 206 259
206 259 2949
259 206 2949
276 2158 2749
2158 276 2749
2749 276 2158
2135 1792 2293
2293 1792 2135
1792 2135 2293
1837 76 1011
76 1011 1837
1011 76 1837
2701 1312 1857
1857 1312 2701
1312 1857 2701
2688 2050 2523
2050 2523 2688
2523 2050 2688
185 490 2319
490 185 2319
2319 185 490
1953 994 1854
994 1854 1953
1854 994 1953
157 1197 2130
2130 157 1197
1197 157 2130
2739 335 2903
335 2739 2903
2903 335 2739
2689 1244 1451
1451 1244 2689
1244 1451 2689
340 1008 1691
1008 340 1691
1691 340 1008
677 449 2279
2279 449 677
449 677 2279
2922 522 2143
522 2143 2922
2143 522 2922
1625 1863 2239
1863 1625 2239
2239 1625 1863
280 697 1544
1544 280 697
697 280 1544
2721 15 79
15 79 2721
79 15 2721
1071 2105 2309
2309 1071 2105
2105 1071 2309
2015 2625 2864
2864 2015 2625
2625 2015 2864
386 132 2807
132 386 2807
2807 132 386
1769 543 1412
1412 543 1769
543 1412 1769
655 2559 2773
2773 655 2559
2559 655 2773
187 1189 1425
1425 187 1189
1189 187 1425
37 2351 2565
2351 37 2565
2565 37 2351
476 1938 2898
2898 476 1938
1938 476 2898
614 1126 1128
1128 614 1126
1126 614 1128
1945 556 609
556 609 1945
609 556 1945
810 2280 2713
2280 810 2713
2713 810 2280
642 1061 2204
1061 642 2204
2204 642 1061
1337 911 2514
911 1337 2514
2514 911 1337
1179 682 2342
682 1179 2342
2342 682 1179
2053 1637 1639
1637 1639 2053
1639 1637 2053
2683 769 2129
2129 769 2683
769 2129 2683
596 2265 2637
2637 596 2265
2265 596 2637
1726 1599 1710
1710 1599 1726
1599 1710 1726
876 663 821
663 821 876
821 663 876
1644 286 1664
1664 286 1644
286 1644 1664
80 900 1077
900 80 1077
1077 80 900
391 82 890
890 82 391
82 391 890
138 1353 1483
1353 138 1483
1483 138 1353
2054 880 2518
2518 880 2054
880 2054 2518
2096 68 1589
68 1589 2096
1589 68 2096
2732 839 2090
2090 839 2732
839 2090 2732
2640 1501 2384
2384 1501 2640
1501 2384 2640
1773 1867 2876
2876 1773 1867
1867 1773 2876
1423 408 695
408 695 1423
695 408 1423
988 1076 2917
1076 988 2917
2917 988 1076
2557 893 1110
1110 893 2557
893 1110 2557
923 1531 2638
1531 923 2638
2638 923 1531
2314 715 2010
2010 715 2314
715 2010 2314
1647 32 451
451 32 1647
32 451 1647
1187 1805 2788
1805 1187 2788
2788 1187 1805
1241 898 1819
1819 898 1241
898 1241 1819
346 1214 2505
2505 346 1214
1214 346 2505
2988 418 739
739 418 2988
418 739 2988
2335 1235 1731
1731 1235 2335
1235 1731 2335
1411 1771 2834
1771 1411 2834
2834 1411 1771
2734 140 902
902 140 2734
140 902 2734
249 374 502
374 249 502
502 249 374
2962 1300 1330
1300 1330 2962
1330 1300 2962
1894 1816 1989
1989 1816 1894
1816 1894 1989
473 997 2470
997 473 2470
2470 473 997
916 907 2661
2661 907 916
907 916 2661
2498 1290 1992
1992 1290 2498
1290 1992 2498
1250 10 471
10 471 1250
471 10 1250
2323 583 1526
583 1526 2323
1526 583 2323
1615 85 1154
85 1154 1615
1154 85 1615
342 234 2580
234 342 2580
2580 234 342
1936 776 1132
1132 776 1936
776 1132 1936
2071 438 1661
1661 438 2071
438 1661 2071
737 1602 2737
1602 737 2737
2737 737 1602
2634 910 1883
1883 910 2634
910 1883 2634
281 495 1673
1673 281 495
495 281 1673
1902 1714 1987
1714 1902 1987
1987 1714 1902
2388 51 1108
1108 51 2388
51 1108 2388
1209 1513 2212
2212 1209 1513
1513 1209 2212
1973 1564 2125
1564 1973 2125
2125 1564 1973
1766 1864 2585
1864 1766 2585
2585 1766 1864
837 1148 1617
1148 837 1617
1617 837 1148
2290 708 1903
1903 708 2290
708 1903 2290
656 759 2965
759 656 2965
2965 656 759
410 788 2943
788 410 2943
2943 410 788
1874 1764 2604
1764 1874 2604
2604 1764 1874
2655 299 1960
299 1960 2655
1960 299 2655
2507 436 2799
2799 436 2507
436 2507 2799
474 2310 2820
2310 474 2820
2820 474 2310
1834 2250 2691
2691 1834 2250
2250 1834 2691
2760 603 633
603 633 2760
633 603 2760
13 304 1628
1628 13 304
304 13 1628
1794 443 2352
443 1794 2352
2352 443 1794
2464 2188 2948
2948 2188 2464
2188 2464 2948
1865 1428 2072
2072 1428 1865
1428 1865 2072
2756 680 1273
1273 680 2756
680 1273 2756
2963 705 2900
2900 705 2963
705 2900 2963
1779 263 1156
1156 263 1779
263 1156 1779
1717 300 1829
1829 300 1717
300 1717 1829
2081 1852 1887
1887 1852 2081
1852 1887 2081
2185 1650 2613
1650 2185 2613
2613 1650 2185
696 164 2401
2401 164 696
164 696 2401
1522 434 851
434 851 1522
851 434 1522
1162 127 372
372 127 1162
127 372 1162
2658 519 2363
519 2363 2658
2363 519 2658
2901 45 1744
45 1744 2901
1744 45 2901
1495 30 2884
30 1495 2884
2884 30 1495
1000 2294 2719
2294 1000 2719
2719 1000 2294
92 1955 2676
1955 92 2676
2676 92 1955
149 403 1018
403 149 1018
1018 149 403
158 1924 2692
1924 158 2692
2692 158 1924
41 1556 1722
1556 41 1722
1722 41 1556
1091 790 2380
790 1091 2380
2380 790 1091
232 2186 2812
2812 232 2186
2186 232 2812
513 1971 2085
1971 513 2085
2085 513 1971
328 1529 1636
1636 328 1529
1529 328 1636
159 1456 2178
1456 159 2178
2178 159 1456
738 210 1302
210 738 1302
1302 210 738
111 1171 2439
2439 111 1171
1171 111 2439
2897 392 1136
1136 392 2897
392 1136 2897
1391 618 2094
2094 618 1391
618 1391 2094
2633 1033 1280
1033 1280 2633
1280 1033 2633
435 1381 2889
1381 435 2889
2889 435 1381
108 1889 2455
1889 108 2455
2455 108 1889
634 59 2273
2273 59 634
59 634 2273
2156 1538 2555
2555 1538 2156
1538 2156 2555
1427 553 1565
553 1427 1565
1565 553 1427
1248 137 2947
137 1248 2947
2947 137 1248
2601 17 48
48 17 2601
17 48 2601
1436 601 2048
2048 601 1436
601 1436 2048
123 1204 1861
1204 123 1861
1861 123 1204
1785 570 2631
2631 570 1785
570 1785 2631
773 908 2531
908 773 2531
2531 773 908
2013 1415 2570
1415 2013 2570
2570 1415 2013
1256 1797 2326
2326 1256 1797
1797 1256 2326
865 1476 2924
2924 865 1476
1476 865 2924
1046 1188 2681
2681 1046 1188
1188 1046 2681
368 1910 2082
1910 368 2082
2082 368 1910
2763 2192 2386
2386 2192 2763
2192 2386 2763
2645 1503 2321
2321 1503 2645
1503 2321 2645
332 81 2207
2207 81 332
81 332 2207
56 2153 2852
2852 56 2153
2153 56 2852
702 1694 2512
2512 702 1694
1694 702 2512
698 1127 2662
2662 698 1127
1127 698 2662
1007 688 1217
1217 688 1007
688 1007 1217
2315 262 735
262 735 2315
735 262 2315
1101 1060 2366
2366 1060 1101
1060 1101 2366
1653 1239 2519
2519 1239 1653
1239 1653 2519
1787 673 797
797 673 1787
673 797 1787
2822 1708 2297
1708 2297 2822
2297 1708 2822
9 1320 2944
2944 9 1320
1320 9 2944
955 630 2222
630 955 2222
2222 630 955
1753 2296 2980
2296 1753 2980
2980 1753 2296
21 105 2921
2921 21 105
105 21 2921
1751 309 884
309 884 1751
884 309 1751
620 1380 1398
1380 620 1398
1398 620 1380
1678 626 1357
1357 626 1678
626 1357 1678
488 431 1259
431 488 1259
1259 431 488
1839 1207 1747
1747 1207 1839
1207 1747 1839
2750 480 2615
480 2615 2750
2615 480 2750
2421 925 1233
1233 925 2421
925 1233 2421
148 358 2328
2328 148 358
358 148 2328
2189 1914 2894
1914 2189 2894
2894 1914 2189
1685 100 1494
1494 100 1685
100 1494 1685
2474 1844 2759
2759 1844 2474
1844 2474 2759
949 233 669
233 669 949
669 233 949
1027 610 1514
610 1027 1514
1514 610 1027
2868 487 913
487 913 2868
913 487 2868
2175 2159 2502
2159 2175 2502
2502 2159 2175
1729 1055 2057
1055 1729 2057
2057 1055 1729
2173 1305 2145
2145 1305 2173
1305 2145 2173
2660 268 780
780 268 2660
268 780 2660
1777 1937 2940
1937 1777 2940
2940 1777 1937
970 2121 2622
2622 970 2121
2121 970 2622
2400 1321 1923
1923 1321 2400
1321 1923 2400
2311 261 823
261 823 2311
823 261 2311
242 1112 1733
1112 242 1733
1733 242 1112
126 1263 1946
1946 126 1263
1263 126 1946
2696 772 1069
1069 772 2696
772 1069 2696
1974 687 1349
1349 687 1974
687 1349 1974
219 290 2344
2344 219 290
290 219 2344
1465 73 867
867 73 1465
73 867 1465
1491 162 607
607 162 1491
162 607 1491
1418 2548 2687
2548 1418 2687
2687 1418 2548
1062 1820 1926
1926 1062 1820
1820 1062 1926
2705 1401 1453
1401 1453 2705
1453 1401 2705
430 909 2406
2406 430 909
909 430 2406
1941 214 496
214 496 1941
496 214 1941
1757 429 1049
1049 429 1757
429 1049 1757
1199 801 2331
801 1199 2331
2331 801 1199
367 355 2620
2620 355 367
355 367 2620
918 1756 2174
1756 918 2174
2174 918 1756
599 2808 2860
2808 599 2860
2860 599 2808
2588 1303 2510
2510 1303 2588
1303 2510 2588
1741 95 2501
2501 95 1741
95 1741 2501
1017 83 595
83 595 1017
595 83 1017
2536 1484 1840
1484 1840 2536
1840 1484 2536
2643 54 1475
1475 54 2643
54 1475 2643
1021 1928 2194
2194 1021 1928
1928 1021 2194
2844 1687 2295
1687 2295 2844
2295 1687 2844
469 605 1442
1442 469 605
605 469 1442
2836 940 1693
1693 940 2836
940 1693 2836
2264 102 1976
102 1976 2264
1976 102 2264
98 796 1968
1968 98 796
796 98 1968
2422 1322 2550
2550 1322 2422
1322 2422 2550
2023 38 2140
38 2023 2140
2140 38 2023
114 538 1907
1907 114 538
538 114 1907
2427 789 2196
789 2196 2427
2196 789 2427
805 2891 2953
2891 805 2953
2953 805 2891
654 1815 2568
1815 654 2568
2568 654 1815
2316 1798 1835
1835 1798 2316
1798 1835 2316
2244 1516 1552
1516 1552 2244
1552 1516 2244
2938 714 2835
714 2835 2938
2835 714 2938
932 550 2238
550 932 2238
2238 550 932
1725 463 724
724 463 1725
463 724 1725
1562 755 1410
1410 755 1562
755 1410 1562
537 1099 2647
2647 537 1099
1099 537 2647
2993 6 1223
6 1223 2993
1223 6 2993
1219 339 1742
1742 339 1219
339 1219 1742
2228 1065 2395
2395 1065 2228
1065 2228 2395
1922 2036 2598
2598 1922 2036
2036 1922 2598
2724 751 1260
751 1260 2724
1260 751 2724
854 57 616
57 616 854
616 57 854
243 2300 2685
2685 243 2300
2300 243 2685
1993 831 1804
1804 831 1993
831 1804 1993
1028 541 1437
541 1028 1437
1437 541 1028
2226 2107 2571
2571 2107 2226
2107 2226 2571
482 229 2491
229 482 2491
2491 229 482
1607 1285 2981
2981 1285 1607
1285 1607 2981
1340 401 2431
2431 401 1340
401 1340 2431
1983 2567 2617
2567 1983 2617
2617 1983 2567
567 2040 2653
2040 567 2653
2653 567 2040
740 1107 2108
1107 740 2108
2108 740 1107
659 2553 2968
2968 659 2553
2553 659 2968
2782 566 2240
2240 566 2782
566 2240 2782
2755 477 1432
477 1432 2755
1432 477 2755
1094 267 1658
267 1094 1658
1658 267 1094
458 203 2103
203 458 2103
2103 203 458
1336 271 352
352 271 1336
271 352 1336
2541 967 1144
967 1144 2541
1144 967 2541
2991 1163 2946
2946 1163 2991
1163 2946 2991
2939 1856 2909
1856 2909 2939
2909 1856 2939
130 1372 1917
1372 130 1917
1917 130 1372
989 564 580
580 564 989
564 580 989
2840 462 1448
462 1448 2840
1448 462 2840
670 1161 2440
1161 670 2440
2440 670 1161
2318 1193 2376
2376 1193 2318
1193 2318 2376
2383 457 2648
2648 457 2383
457 2383 2648
612 2224 2670
2670 612 2224
2224 612 2670
2110 886 2286
2286 886 2110
886 2110 2286
2353 273 2508
273 2353 2508
2508 273 2353
3 2356 2866
2356 3 2866
2866 3 2356
2930 1185 2862
1185 2862 2930
2862 1185 2930
1057 965 1575
965 1057 1575
1575 965 1057
329 1345 1519
1345 329 1519
1519 329 1345
2738 899 2649
899 2649 2738
2649 899 2738
511 327 2299
327 511 2299
2299 327 511
820 877 2237
2237 820 877
877 820 2237
1919 1174 1686
1174 1686 1919
1686 1174 1919
592 749 2418
2418 592 749
749 592 2418
645 212 644
212 644 645
644 212 645
2343 1940 2465
2465 1940 2343
1940 2343 2465
1177 77 926
77 926 1177
926 77 1177
1113 2457 2664
2457 1113 2664
2664 1113 2457
2616 676 1225
676 1225 2616
1225 676 2616
1002 255 647
255 647 1002
647 255 1002
835 1232 2141
2141 835 1232
1232 835 2141
1462 28 2357
2357 28 1462
28 1462 2357
2257 491 996
996 491 2257
491 996 2257
1327 1252 1791
1791 1252 1327
1252 1327 1791
2787 1555 1688
1555 1688 2787
1688 1555 2787
904 411 1422
411 904 1422
1422 411 904
405 1962 2340
1962 405 2340
2340 405 1962
1775 1956 2210
2210 1775 1956
1956 1775 2210
1931 468 1228
468 1228 1931
1228 468 1931
2697 91 2667
91 2667 2697
2667 91 2697
53 27 2569
2569 27 53
27 53 2569
895 453 2417
453 895 2417
2417 453 895
1821 284 897
284 897 1821
897 284 1821
1139 830 1590
830 1139 1590
1590 830 1139
2888 1218 2970
1218 2888 2970
2970 1218 2888
1247 2488 2879
2879 1247 2488
2488 1247 2879
1359 651 1124
651 1124 1359
1124 651 1359
2480 2260 2771
2771 2260 2480
2260 2480 2771
1498 166 2781
2781 166 1498
166 1498 2781
230 980 2432
980 230 2432
2432 230 980
962 1012 2583
1012 962 2583
2583 962 1012
1400 1674 2150
2150 1400 1674
1674 1400 2150
1006 144 1511
1511 144 1006
144 1006 1511
99 1485 2131
2131 99 1485
1485 99 2131
417 223 2004
2004 223 417
223 417 2004
1568 62 2679
2679 62 1568
62 1568 2679
154 1106 1518
1518 154 1106
1106 154 1518
1860 1173 2875
1173 1860 2875
2875 1173 1860
849 201 764
201 764 849
764 201 849
2463 1930 2371
2371 1930 2463
1930 2371 2463
1198 872 2700
2700 872 1198
872 1198 2700
75 2095 2998
2998 75 2095
2095 75 2998
1407 1229 2450
2450 1229 1407
1229 1407 2450
2504 142 1550
1550 142 2504
142 1550 2504
55 317 2693
317 55 2693
2693 55 317
2978 1102 2218
1102 2218 2978
2218 1102 2978
2746 1486 2816
1486 2746 2816
2816 1486 2746
1054 1613 2126
2126 1054 1613
1613 1054 2126
313 903 1175
903 313 1175
1175 313 903
2996 1159 2221
1159 2221 2996
2221 1159 2996
1604 666 2819
2819 666 1604
666 1604 2819
254 1 334
334 1 254
1 254 334
675 2245 2449
2245 675 2449
2449 675 2245
1515 1705 1778
1778 1515 1705
1705 1515 1778
1399 272 750
272 750 1399
750 272 1399
311 2317 2497
2497 311 2317
2317 311 2497
2853 296 2733
2733 296 2853
296 2733 2853
395 66 2349
2349 66 395
66 395 2349
84 318 2984
2984 84 318
318 84 2984
777 584 1376
1376 584 777
584 777 1376
1783 717 1547
1547 717 1783
717 1547 1783
2871 1390 1901
1901 1390 2871
1390 1901 2871
2578 1765 2821
1765 2578 2821
2821 1765 2578
275 527 2741
2741 275 527
527 275 2741
554 42 517
517 42 554
42 517 554
310 756 2060
756 310 2060
2060 310 756
1846 850 1022
850 1022 1846
1022 850 1846
8 2034 2830
2830 8 2034
2034 8 2830
2859 636 1517
636 1517 2859
1517 636 2859
678 398 1965
398 678 1965
1965 398 678
532 258 264
258 264 532
264 258 532
1624 432 1570
1570 432 1624
432 1570 1624
349 574 1181
574 349 1181
1181 349 574
428 976 2694
976 428 2694
2694 428 976
2155 1537 1662
1662 1537 2155
1537 1662 2155
64 196 1205
196 64 1205
1205 64 196
2329 67 1404
67 1404 2329
1404 67 2329
1728 292 2926
292 1728 2926
2926 292 1728
50 1385 2753
1385 50 2753
2753 50 1385
2675 71 1493
71 1493 2675
1493 71 2675
2009 344 2214
2214 344 2009
344 2009 2214
1845 489 2000
489 1845 2000
2000 489 1845
2281 307 1877
307 1877 2281
1877 307 2281
816 657 2128
2128 657 816
657 816 2128
1133 297 505
297 505 1133
505 297 1133
2033 1270 1310
1310 1270 2033
1270 1310 2033
161 579 2639
579 161 2639
2639 161 579
2478 1478 2532
2532 1478 2478
1478 2478 2532
591 771 2581
771 591 2581
2581 591 771
1594 101 1200
1200 101 1594
101 1200 1594
1789 930 2883
2883 930 1789
930 1789 2883
2254 1539 2469
2469 1539 2254
1539 2254 2469
325 1873 2542
1873 325 2542
2542 325 1873
2607 945 2030
2030 945 2607
945 2030 2607
2468 1466 1893
1893 1466 2468
1466 1893 2468
2364 448 2164
448 2164 2364
2164 448 2364
963 4 1540
4 963 1540
1540 4 963
1981 119 1311
1311 119 1981
119 1311 1981
1743 1151 2521
2521 1151 1743
1151 1743 2521
209 2076 2885
2885 209 2076
2076 209 2885
843 581 2433
581 843 2433
2433 581 843
638 561 2656
561 638 2656
2656 561 638
497 172 2261
2261 172 497
172 497 2261
1776 444 611
444 611 1776
611 444 1776
155 378 2014
2014 155 378
378 155 2014
2861 1145 2906
2906 1145 2861
1145 2861 2906
2690 572 845
572 845 2690
845 572 2690
1470 274 2751
274 1470 2751
2751 274 1470
1328 1265 1706
1265 1328 1706
1706 1265 1328
2872 270 384
270 384 2872
384 270 2872
840 1295 2109
2109 840 1295
1295 840 2109
375 197 761
761 197 375
197 375 761
1875 922 2087
2087 922 1875
922 1875 2087
2725 2138 2305
2305 2138 2725
2138 2305 2725
1441 1471 2022
1471 1441 2022
2022 1441 1471
2895 301 1822
301 1822 2895
1822 301 2895
798 1488 2276
1488 798 2276
2276 798 1488
1347 379 1267
379 1267 1347
1267 379 1347
2333 1932 2515
2515 1932 2333
1932 2333 2515
917 559 1848
1848 559 917
559 917 1848
1258 400 526
400 526 1258
526 400 1258
2905 722 2475
722 2475 2905
2475 722 2905
2517 103 2847
103 2517 2847
2847 103 2517
2112 222 539
539 222 2112
222 539 2112
467 1970 2092
1970 467 2092
2092 467 1970
829 1535 2941
1535 829 2941
2941 829 1535
1333 2308 2825
2308 1333 2825
2825 1333 2308
1167 320 1626
1626 320 1167
320 1167 1626
977 1118 2810
1118 977 2810
2810 977 1118
1939 863 1536
863 1536 1939
1536 863 1939
2307 1039 2359
1039 2307 2359
2359 1039 2307
1646 279 2641
2641 279 1646
279 1646 2641
291 1841 2084
1841 291 2084
2084 291 1841
2062 72 2794
2794 72 2062
72 2062 2794
1304 447 2031
447 1304 2031
2031 447 1304
2049 34 1762
34 1762 2049
1762 34 2049
1579 343 385
343 385 1579
385 343 1579
1066 2139 2197
2139 1066 2197
2197 1066 2139
116 416 2404
416 116 2404
2404 116 416
587 1034 2791
1034 587 2791
2791 587 1034
726 2120 2973
2973 726 2120
2120 726 2973
492 285 1414
285 492 1414
1414 285 492
216 1281 2832
1281 216 2832
2832 216 1281
950 833 2731
2731 833 950
833 950 2731
1037 1315 2790
1315 1037 2790
2790 1037 1315
145 2398 2419
2419 145 2398
2398 145 2419
2205 2154 2841
2154 2205 2841
2841 2154 2205
811 402 627
627 402 811
402 627 811
1292 454 1477
454 1292 1477
1477 454 1292
20 1474 1734
1734 20 1474
1474 20 1734
2162 549 901
901 549 2162
549 901 2162
1405 557 964
557 964 1405
964 557 1405
2182 163 1294
1294 163 2182
163 1294 2182
521 202 1997
1997 202 521
202 521 1997
2242 312 871
312 871 2242
871 312 2242
2967 813 1461
813 1461 2967
1461 813 2967
1582 791 2845
791 1582 2845
2845 791 1582
1455 238 2266
2266 238 1455
238 1455 2266
224 1507 2945
2945 224 1507
1507 224 2945
461 1224 1977
1224 461 1977
1977 461 1224
1184 848 946
946 848 1184
848 946 1184
252 632 2817
2817 252 632
632 252 2817
2346 2485 2766
2485 2346 2766
2766 2346 2485
2416 931 1551
1551 931 2416
931 1551 2416
2402 775 795
795 775 2402
775 795 2402
485 1249 1460
1249 485 1460
1460 485 1249
2915 709 1014
1014 709 2915
709 1014 2915
1403 1135 1760
1135 1403 1760
1760 1135 1403
727 420 2037
2037 420 727
420 727 2037
2142 87 472
87 472 2142
472 87 2142
1083 758 1754
758 1083 1754
1754 758 1083
1288 88 993
88 993 1288
993 88 1288
1943 683 1169
1169 683 1943
683 1169 1943
1534 475 1166
1166 475 1534
475 1166 1534
979 2168 2914
2168 979 2914
2914 979 2168
661 1254 2711
2711 661 1254
1254 661 2711
1296 941 1799
941 1296 1799
1799 941 1296
1512 948 2274
948 1512 2274
2274 948 1512
2881 1016 1420
1420 1016 2881
1016 1420 2881
2086 2285 2392
2392 2086 2285
2285 2086 2392
2166 685 2537
685 2166 2537
2537 685 2166
293 803 2520
2520 293 803
803 293 2520
1667 60 2350
2350 60 1667
60 1667 2350
563 450 2767
2767 450 563
450 563 2767
920 1530 1732
1530 920 1732
1732 920 1530
2232 2758 2843
2843 2232 2758
2758 2232 2843
388 380 1622
380 388 1622
1622 380 388
1763 52 1100
1100 52 1763
52 1100 1763
1795 1489 2306
2306 1489 1795
1489 1795 2306
593 204 2952
204 593 2952
2952 204 593
2809 1143 2745
2745 1143 2809
1143 2745 2809
2720 1608 2423
2423 1608 2720
1608 2423 2720
2954 365 598
598 365 2954
365 598 2954
115 2291 2546
2546 115 2291
2291 115 2546
2780 1183 1431
1183 1431 2780
1431 1183 2780
2348 1341 1855
1855 1341 2348
1341 1855 2348
364 44 515
44 364 515
515 44 364
2119 1317 1580
1580 1317 2119
1317 1580 2119
153 190 1737
1737 153 190
190 153 1737
1339 96 2730
2730 96 1339
96 1339 2730
446 864 2612
2612 446 864
864 446 2612
265 1278 2513
1278 265 2513
2513 265 1278
2629 397 2666
397 2629 2666
2666 397 2629
1064 2462 2764
2462 1064 2764
2764 1064 2462
959 2026 2880
2880 959 2026
2026 959 2880
826 1396 1803
1396 826 1803
1803 826 1396
2098 371 1906
1906 371 2098
371 1906 2098
241 1230 2932
1230 241 2932
2932 241 1230
2526 2117 2934
2117 2526 2934
2934 2117 2526
2500 1645 2270
1645 2270 2500
2270 1645 2500
2446 2377 2558
2558 2377 2446
2377 2446 2558
825 588 1817
588 825 1817
1817 588 825
2387 1900 2051
2051 1900 2387
1900 2051 2387
2893 1417 2554
2554 1417 2893
1417 2554 2893
785 919 1051
1051 785 919
919 785 1051
2563 426 1899
426 1899 2563
1899 426 2563
407 1293 1316
1316 407 1293
1293 407 1316
2992 2496 2867
2496 2867 2992
2867 2496 2992
2657 78 2842
2842 78 2657
78 2657 2842
2499 1298 2627
1298 2499 2627
2627 1298 2499
315 1299 2338
1299 315 2338
2338 315 1299
602 302 641
641 302 602
302 602 641
2367 1793 2453
1793 2367 2453
2453 1793 2367
1155 1614 2369
1614 1155 2369
2369 1155 1614
2813 991 2545
2545 991 2813
991 2545 2813
841 1142 1818
1818 841 1142
1142 841 1818
2823 710 1541
710 1541 2823
1541 710 2823
40 1242 2561
2561 40 1242
1242 40 2561
2600 1672 2303
2303 1672 2600
1672 2303 2600
215 387 1251
387 215 1251
1251 215 387
1698 746 2950
2950 746 1698
746 1698 2950
2955 535 781
535 781 2955
781 535 2955
120 928 2723
2723 120 928
928 120 2723
2 165 1397
1397 2 165
165 2 1397
2181 324 2288
2288 324 2181
324 2181 2288
1566 1961 2216
2216 1566 1961
1961 1566 2216
984 266 1138
1138 266 984
266 984 1138
141 2327 2484
2327 141 2484
2484 141 2327
1104 1070 1221
1070 1104 1221
1221 1070 1104
953 2481 2923
2923 953 2481
2481 953 2923
828 560 966
560 828 966
966 560 828
2855 1323 1500
1500 1323 2855
1323 1500 2855
1814 479 1833
1833 479 1814
479 1814 1833
1211 135 2779
2779 135 1211
135 1211 2779
2104 569 668
569 668 2104
668 569 2104
1652 1827 1949
1949 1652 1827
1827 1652 1949
2330 129 2775
2775 129 2330
129 2330 2775
1504 1735 2802
2802 1504 1735
1735 1504 2802
2933 225 2850
225 2850 2933
2850 225 2933
2448 1334 2838
2838 1334 2448
1334 2448 2838
237 774 1079
1079 237 774
774 237 1079
1370 178 2163
178 1370 2163
2163 178 1370
2704 2124 2358
2358 2124 2704
2124 2358 2704
2609 2247 2444
2444 2247 2609
2247 2444 2609
2752 905 2623
905 2623 2752
2623 905 2752
2255 1043 1585
1585 1043 2255
1043 1585 2255
1996 2263 2990
2990 1996 2263
2263 1996 2990
2918 2774 2806
2806 2774 2918
2774 2806 2918
2070 1222 2989
1222 2070 2989
2989 1222 2070
1982 106 366
366 106 1982
106 366 1982
2284 2405 2786
2786 2284 2405
2405 2284 2786
1497 173 1373
1373 173 1497
173 1373 1497
133 891 1447
1447 133 891
891 133 1447
1318 1611 2870
1611 1318 2870
2870 1318 1611
1533 973 1283
1283 973 1533
973 1283 1533
2361 1409 2268
1409 2268 2361
2268 1409 2361
2768 528 1354
528 1354 2768
1354 528 2768
2443 319 2301
319 2301 2443
2301 319 2443
1090 1739 2814
2814 1090 1739
1739 1090 2814
2920 1655 2630
2630 1655 2920
1655 2630 2920
754 873 2882
2882 754 873
873 754 2882
2969 2287 2974
2974 2287 2969
2287 2969 2974
423 1084 1761
1761 423 1084
1084 423 1761
1596 844 2256
844 1596 2256
2256 844 1596
763 2209 2320
2320 763 2209
2209 763 2320
211 235 684
684 211 235
235 211 684
978 182 2873
2873 182 978
182 978 2873
2535 793 2487
793 2487 2535
2487 793 2535
1361 1253 1712
1253 1361 1712
1712 1253 1361
1612 637 2912
637 1612 2912
2912 637 1612
606 1195 2547
2547 606 1195
1195 606 2547
1492 381 1149
381 1149 1492
1149 381 1492
393 2089 2262
2262 393 2089
2089 393 2262
846 456 1748
456 846 1748
1748 456 846
1121 1052 1869
1869 1052 1121
1052 1121 1869
2674 2272 2283
2283 2272 2674
2272 2283 2674
2435 194 783
194 783 2435
783 194 2435
2407 404 2436
404 2407 2436
2436 404 2407
2058 2815 2994
2815 2058 2994
2994 2058 2815
406 518 548
548 406 518
518 406 548
1892 147 288
147 288 1892
288 147 1892
2027 1180 2018
1180 2018 2027
2018 1180 2027
1578 1277 2459
1277 1578 2459
2459 1277 1578
1576 745 2385
745 1576 2385
2385 745 1576
337 1532 1749
1749 337 1532
1532 337 1749
441 716 2534
2534 441 716
716 441 2534
1721 531 2008
531 1721 2008
2008 531 1721
506 179 326
326 179 506
179 326 506
987 1053 2003
2003 987 1053
1053 987 2003
1978 18 305
305 18 1978
18 305 1978
2397 1730 1911
1911 1730 2397
1730 1911 2397
1525 1985 2304
2304 1525 1985
1985 1525 2304
734 1871 2029
1871 734 2029
2029 734 1871
289 2442 2454
2454 289 2442
2442 289 2454
1140 1510 2983
1510 1140 2983
2983 1140 1510
2412 1103 1213
1213 1103 2412
1103 1213 2412
2910 1668 2857
2857 1668 2910
1668 2857 2910
1801 390 2729
390 1801 2729
2729 390 1801
118 1711 1884
1884 118 1711
1711 118 1884
347 231 514
231 347 514
514 231 347
2211 303 1881
303 1881 2211
1881 303 2211
1301 2828 2961
2828 1301 2961
2961 1301 2828
260 425 807
807 260 425
425 260 807
2975 1506 2626
1506 2626 2975
2626 1506 2975
370 719 2540
719 370 2540
2540 370 719
