1434 719 1557
719 1434 1557
1557 719 1434
1181 1903 1960
1960 1181 1903
1903 1181 1960
1385 1568 2608
2608 1385 1568
1568 1385 2608
652 1784 2191
1784 652 2191
2191 652 1784
2259 16 44
44 16 2259
16 44 2259
308 343 1261
1261 308 343
343 308 1261
908 2146 2882
2146 908 2882
2882 908 2146
568 946 2352
2352 568 946
946 568 2352
2208 389 2760
389 2208 2760
2760 389 2208
1842 309 1520
309 1520 1842
1520 309 1842
1301 235 1488
235 1301 1488
1488 235 1301
2260 1659 2934
1659 2260 2934
2934 1659 2260
2087 1023 1911
1023 1911 2087
1911 1023 2087
2067 1 486
1 486 2067
486 1 2067
2479 1050 2426
2426 1050 2479
1050 2426 2479
875 166 2144
166 875 2144
2144 166 875
2438 391 2382
2382 391 2438
391 2382 2438
1626 622 2649
622 1626 2649
2649 622 1626
1513 1142 1240
1240 1142 1513
1142 1240 1513
2816 124 808
124 808 2816
808 124 2816
919 794 2739
2739 794 919
794 919 2739
1094 212 1369
212 1094 1369
1369 212 1094
881 2204 2922
2922 881 2204
2204 881 2922
1551 153 539
539 153 1551
153 539 1551
1856 2321 2979
2979 1856 2321
2321 1856 2979
1560 280 1793
1793 280 1560
280 1560 1793
1352 146 1509
1509 146 1352
146 1352 1509
199 717 2628
717 199 2628
2628 199 717
2348 1515 2239
1515 2239 2348
2239 1515 2348
2324 634 1075
634 1075 2324
1075 634 2324
1695 629 2323
2323 629 1695
629 1695 2323
2878 1147 2235
2235 1147 2878
1147 2235 2878
932 1180 1218
1180 932 1218
1218 932 1180
112 1910 2343
1910 112 2343
2343 112 1910
864 1989 2356
1989 864 2356
2356 864 1989
2788 900 1971
900 1971 2788
1971 900 2788
2569 647 2044
2044 647 2569
647 2044 2569
1283 503 793
503 793 1283
793 503 1283
2182 620 737
620 737 2182
737 620 2182
400 103 1086
1086 103 400
103 400 1086
1548 1444 1991
1991 1444 1548
1444 1548 1991
430 196 2618
2618 196 430
196 430 2618
2706 373 1138
373 1138 2706
1138 373 2706
1338 1200 1536
1200 1338 1536
1536 1200 1338
959 2394 2908
2394 959 2908
2908 959 2394
342 1563 2962
1563 342 2962
2962 342 1563
2135 857 1534
1534 857 2135
857 1534 2135
2527 590 1416
1416 590 2527
590 1416 2527
1314 1635 2842
2842 1314 1635
1635 1314 2842
588 25 2015
25 588 2015
2015 25 588
1364 4 122
122 4 1364
4 122 1364
2830 732 2472
2472 732 2830
732 2472 2830
736 1335 1761
1335 736 1761
1761 736 1335
1113 2167 2565
2565 1113 2167
2167 1113 2565
1177 1631 2806
1631 1177 2806
2806 1177 1631
1152 109 697
109 697 1152
697 109 1152
2652 1862 2844
2844 1862 2652
1862 2652 2844
1282 1133 2762
2762 1133 1282
1133 1282 2762
167 994 1480
994 167 1480
1480 167 994
1017 1993 2875
2875 1017 1993
1993 1017 2875
34 654 2404
2404 34 654
654 34 2404
2522 1875 2124
2124 1875 2522
1875 2124 2522
1330 583 683
683 583 1330
583 683 1330
866 505 2448
2448 505 866
505 866 2448
316 292 2398
292 316 2398
2398 292 316
2545 2763 2879
2879 2545 2763
2763 2545 2879
2896 1106 2230
1106 2230 2896
2230 1106 2896
2036 1242 1280
1242 1280 2036
1280 1242 2036
821 485 1746
1746 485 821
485 821 1746
1748 716 1669
716 1669 1748
1669 716 1748
1129 921 2371
2371 921 1129
921 1129 2371
1983 610 2737
610 1983 2737
2737 610 1983
2418 1065 1728
1728 1065 2418
1065 1728 2418
1681 586 2052
586 1681 2052
2052 586 1681
2585 891 1788
1788 891 2585
891 1788 2585
1379 910 1161
1161 910 1379
910 1161 1379
560 414 1879
414 560 1879
1879 414 560
2101 1881 2647
1881 2101 2647
2647 1881 2101
382 1097 1754
1754 382 1097
1097 382 1754
873 581 1701
581 873 1701
1701 581 873
739 290 1871
290 739 1871
1871 290 739
56 1546 1851
1851 56 1546
1546 56 1851
1313 660 725
660 725 1313
725 660 1313
334 1808 2086
2086 334 1808
1808 334 2086
1214 2525 2532
2525 1214 2532
2532 1214 2525
2722 1647 2388
2388 1647 2722
1647 2388 2722
2723 67 2686
67 2686 2723
2686 67 2723
2234 741 2815
741 2234 2815
2815 741 2234
1799 411 2492
411 1799 2492
2492 411 1799
2924 2580 2741
2580 2741 2924
2741 2580 2924
691 2786 2809
2786 691 2809
2809 691 2786
2953 1293 2261
2261 1293 2953
1293 2261 2953
237 1608 2248
1608 237 2248
2248 237 1608
729 1099 2491
1099 729 2491
2491 729 1099
709 1373 2401
1373 709 2401
2401 709 1373
1775 856 2317
856 1775 2317
2317 856 1775
1849 434 1479
434 1479 1849
1479 434 1849
1021 386 1696
1696 386 1021
386 1021 1696
777 370 1367
370 777 1367
1367 370 777
119 723 1743
1743 119 723
723 119 1743
724 1235 1800
1800 724 1235
1235 724 1800
711 354 2079
2079 354 711
354 711 2079
288 335 1069
335 288 1069
1069 288 335
2997 591 2735
591 2735 2997
2735 591 2997
2508 756 805
756 805 2508
805 756 2508
307 2447 2676
2447 307 2676
2676 307 2447
398 580 1929
1929 398 580
580 398 1929
1925 1194 2865
1194 1925 2865
2865 1194 1925
1114 673 1162
673 1114 1162
1162 673 1114
2991 241 467
241 467 2991
467 241 2991
882 2060 2338
2338 882 2060
2060 882 2338
843 190 523
190 523 843
523 190 843
2477 1755 2712
1755 2477 2712
2712 1755 2477
245 2322 2541
2541 245 2322
2322 245 2541
349 834 1358
834 349 1358
1358 349 834
2777 518 2877
2877 518 2777
518 2777 2877
1670 328 2942
328 1670 2942
2942 328 1670
64 271 2111
2111 64 271
271 64 2111
20 1829 2249
2249 20 1829
1829 20 2249
2839 844 2029
2029 844 2839
844 2029 2839
2032 322 1618
1618 322 2032
322 1618 2032
1602 1554 2013
1554 1602 2013
2013 1554 1602
780 1077 1946
1946 780 1077
1077 780 1946
1036 1781 2509
1781 1036 2509
2509 1036 1781
1446 563 2001
2001 563 1446
563 1446 2001
831 1702 2460
2460 831 1702
1702 831 2460
2925 1859 2292
1859 2292 2925
2292 1859 2925
1804 33 320
33 320 1804
320 33 1804
1544 1819 1836
1819 1544 1836
1836 1544 1819
149 348 2921
2921 149 348
348 149 2921
1333 1167 2040
2040 1167 1333
1167 1333 2040
2945 502 1726
1726 502 2945
502 1726 2945
1462 789 2081
2081 789 1462
789 1462 2081
2690 751 2753
751 2690 2753
2753 751 2690
2819 2283 2803
2283 2803 2819
2803 2283 2819
1254 1178 1206
1178 1206 1254
1206 1178 1254
421 1074 1679
1074 421 1679
1679 421 1074
1029 2430 2727
2727 1029 2430
2430 1029 2727
1816 1241 2242
1241 1816 2242
2242 1241 1816
12 616 2091
616 12 2091
2091 12 616
1372 543 2025
2025 543 1372
543 1372 2025
2342 1255 2641
2641 1255 2342
1255 2342 2641
1997 45 998
45 998 1997
998 45 1997
463 1222 2674
2674 463 1222
1222 463 2674
2476 976 2582
976 2476 2582
2582 976 2476
1853 110 1489
110 1489 1853
1489 110 1853
1014 1822 2750
2750 1014 1822
1822 1014 2750
2136 1000 1981
1000 1981 2136
1981 1000 2136
1409 233 2702
2702 233 1409
233 1409 2702
2602 371 2490
2490 371 2602
371 2490 2602
2610 419 1435
419 1435 2610
1435 419 2610
118 479 1265
1265 118 479
479 118 1265
2995 1760 2155
1760 2155 2995
2155 1760 2995
1593 193 1040
1040 193 1593
193 1040 1593
80 384 1733
1733 80 384
384 80 1733
906 2482 2521
2482 906 2521
2521 906 2482
2512 319 2262
2262 319 2512
319 2262 2512
2524 40 1119
1119 40 2524
40 1119 2524
2320 257 862
862 257 2320
257 862 2320
2270 664 1541
664 1541 2270
1541 664 2270
1034 688 944
944 688 1034
688 944 1034
2933 640 1357
640 1357 2933
1357 640 2933
1391 137 2114
2114 137 1391
137 1391 2114
2439 1528 1730
1528 1730 2439
1730 1528 2439
1840 1045 1945
1045 1840 1945
1945 1045 1840
140 111 1745
111 140 1745
1745 111 140
1271 671 1686
1686 671 1271
671 1271 1686
2299 527 1455
527 1455 2299
1455 527 2299
1643 1104 1756
1756 1104 1643
1104 1643 1756
2206 2290 2504
2504 2206 2290
2290 2206 2504
1770 454 1992
454 1770 1992
1992 454 1770
2928 2313 2376
2313 2376 2928
2376 2313 2928
1858 413 1827
413 1827 1858
1827 413 1858
2400 2152 2303
2152 2303 2400
2303 2152 2400
804 1004 1225
1004 804 1225
1225 804 1004
2683 217 1974
1974 217 2683
217 1974 2683
24 1436 1447
1436 24 1447
1447 24 1436
2196 226 1185
1185 226 2196
226 1185 2196
2094 748 2711
748 2094 2711
2711 748 2094
1619 1111 2336
1111 1619 2336
2336 1111 1619
108 851 2446
2446 108 851
851 108 2446
495 2269 2633
2633 495 2269
2269 495 2633
829 1979 2627
1979 829 2627
2627 829 1979
445 2148 2252
2252 445 2148
2148 445 2252
407 1680 2787
2787 407 1680
1680 407 2787
2543 1277 2089
1277 2089 2543
2089 1277 2543
2010 494 1968
1968 494 2010
494 1968 2010
840 749 950
950 749 840
749 840 950
929 60 2100
60 929 2100
2100 60 929
1013 1922 2605
2605 1013 1922
1922 1013 2605
551 1227 1454
1454 551 1227
1227 551 1454
1026 791 2983
2983 791 1026
791 1026 2983
1668 1112 1706
1112 1668 1706
1706 1112 1668
2432 1596 2113
1596 2113 2432
2113 1596 2432
990 227 2485
2485 227 990
227 990 2485
2572 84 1121
84 1121 2572
1121 84 2572
566 1473 1764
1473 566 1764
1764 566 1473
1637 826 1149
826 1149 1637
1149 826 1637
768 285 305
305 285 768
285 305 768
2351 256 547
256 547 2351
547 256 2351
1552 36 1103
1103 36 1552
36 1103 1552
1336 440 2026
2026 440 1336
440 1336 2026
2370 772 1759
772 1759 2370
1759 772 2370
53 730 1738
730 53 1738
1738 53 730
1346 2526 2710
2710 1346 2526
2526 1346 2710
753 100 1970
1970 100 753
100 753 1970
679 35 2721
2721 35 679
35 679 2721
412 555 2719
2719 412 555
555 412 2719
436 1286 2654
2654 436 1286
1286 436 2654
1041 1751 2339
1751 1041 2339
2339 1041 1751
1984 1024 2732
1024 1984 2732
2732 1024 1984
291 1347 1527
1527 291 1347
1347 291 1527
1657 125 1105
1105 125 1657
125 1105 1657
2617 556 1166
1166 556 2617
556 1166 2617
1071 888 1407
1407 888 1071
888 1071 1407
1272 282 2332
2332 282 1272
282 1272 2332
943 457 2055
2055 457 943
457 943 2055
1594 608 2581
608 1594 2581
2581 608 1594
2175 761 2661
2661 761 2175
761 2175 2661
905 338 1924
338 905 1924
1924 338 905
2552 211 1490
1490 211 2552
211 1490 2552
19 147 2513
147 19 2513
2513 19 147
2184 601 2906
601 2184 2906
2906 601 2184
2168 1285 1382
1382 1285 2168
1285 1382 2168
1070 456 2852
456 1070 2852
2852 456 1070
2325 2700 2961
2700 2325 2961
2961 2325 2700
2782 1007 1123
1007 1123 2782
1123 1007 2782
1671 422 2693
422 1671 2693
2693 422 1671
628 596 1397
596 628 1397
1397 596 628
1850 380 2745
2745 380 1850
380 1850 2745
2108 2670 2744
2744 2108 2670
2670 2108 2744
159 928 1279
928 159 1279
1279 159 928
904 1046 1750
1750 904 1046
1046 904 1750
340 1662 2926
1662 340 2926
2926 340 1662
1055 694 707
707 694 1055
694 707 1055
1418 462 1794
462 1418 1794
1794 462 1418
575 1327 2730
1327 575 2730
2730 575 1327
2982 1117 1303
1117 1303 2982
1303 1117 2982
499 1538 2142
1538 499 2142
2142 499 1538
1378 372 788
788 372 1378
372 788 1378
2629 1319 1399
1319 1399 2629
1399 1319 2629
2436 2678 2977
2678 2436 2977
2977 2436 2678
1597 231 2831
2831 231 1597
231 1597 2831
1530 77 2437
77 1530 2437
2437 77 1530
62 1350 1470
1470 62 1350
1350 62 1470
1917 1268 2363
1268 1917 2363
2363 1268 1917
427 1125 2106
1125 427 2106
2106 427 1125
579 512 2688
512 579 2688
2688 512 579
1595 1740 2354
2354 1595 1740
1740 1595 2354
2540 55 2870
2870 55 2540
55 2540 2870
164 27 1491
1491 27 164
27 164 1491
1894 1252 2935
2935 1252 1894
1252 1894 2935
2349 1356 2677
1356 2349 2677
2677 1356 2349
1547 883 1072
1072 883 1547
883 1072 1547
2920 365 2229
365 2229 2920
2229 365 2920
1101 1609 2932
1609 1101 2932
2932 1101 1609
2567 528 797
528 797 2567
797 528 2567
2092 1248 2306
1248 2092 2306
2306 1248 2092
1219 1332 2093
2093 1219 1332
1332 1219 2093
2672 1294 2408
1294 2408 2672
2408 1294 2672
2858 1276 1458
1276 1458 2858
1458 1276 2858
680 1127 1220
1127 680 1220
1220 680 1127
1722 1211 2496
1211 1722 2496
2496 1211 1722
2555 546 1496
1496 546 2555
546 1496 2555
2185 468 2221
468 2185 2221
2221 468 2185
250 1371 1797
1797 250 1371
1371 250 1797
2498 1749 2353
2353 1749 2498
1749 2353 2498
2054 1487 1629
1629 1487 2054
1487 1629 2054
2714 2073 2680
2680 2073 2714
2073 2680 2714
2071 2280 2720
2720 2071 2280
2280 2071 2720
1229 1497 2358
2358 1229 1497
1497 1229 2358
2892 1096 2392
2392 1096 2892
1096 2392 2892
395 585 1654
1654 395 585
585 395 1654
1155 845 1475
1475 845 1155
845 1155 1475
1232 1627 1693
1693 1232 1627
1627 1232 1693
2705 631 2097
2097 631 2705
631 2097 2705
913 2667 2963
2667 913 2963
2963 913 2667
1519 710 1192
710 1192 1519
1192 710 1519
1169 2088 2648
2088 1169 2648
2648 1169 2088
2474 1577 1762
1577 1762 2474
1762 1577 2474
1714 1030 1264
1030 1264 1714
1264 1030 1714
336 2157 2515
2157 336 2515
2515 336 2157
1245 966 2796
2796 966 1245
966 1245 2796
1825 2274 2807
2274 1825 2807
2807 1825 2274
239 870 1912
1912 239 870
870 239 1912
1732 2912 2943
2943 1732 2912
2912 1732 2943
2607 10 2424
2424 10 2607
10 2424 2607
713 353 2433
353 713 2433
2433 353 713
2911 967 1318
1318 967 2911
967 1318 2911
2751 641 2465
641 2465 2751
2465 641 2751
2499 1288 1656
1288 1656 2499
1656 1288 2499
1079 2578 2662
2578 1079 2662
2662 1079 2578
949 3 812
812 3 949
3 812 949
2682 704 1994
1994 704 2682
704 1994 2682
1406 272 2451
272 1406 2451
2451 272 1406
88 89 418
89 88 418
418 88 89
1812 1126 1395
1395 1126 1812
1126 1395 1812
2707 698 1823
698 1823 2707
1823 698 2707
871 1964 2951
2951 871 1964
1964 871 2951
2238 1305 2673
1305 2238 2673
2673 1305 2238
2041 1768 2493
1768 2041 2493
2493 1768 2041
1719 1908 1950
1950 1719 1908
1908 1719 1950
925 2293 2575
2293 925 2575
2575 925 2293
356 615 1628
615 356 1628
1628 356 615
1343 1233 2887
1233 1343 2887
2887 1233 1343
1707 76 2772
2772 76 1707
76 1707 2772
1170 974 1569
1569 974 1170
974 1170 1569
2007 706 825
706 825 2007
825 706 2007
2123 1926 2559
2559 1926 2123
1926 2123 2559
1845 431 2748
2748 431 1845
431 1845 2748
996 99 2220
99 996 2220
2220 99 996
2600 1088 1351
1351 1088 2600
1088 1351 2600
1189 525 2017
2017 525 1189
525 1189 2017
220 2115 2733
2733 220 2115
2115 220 2733
1084 1482 1582
1582 1084 1482
1482 1084 1582
1273 179 1374
179 1273 1374
1374 179 1273
1932 438 2824
438 1932 2824
2824 438 1932
2516 1025 1623
1623 1025 2516
1025 1623 2516
1363 886 2028
2028 886 1363
886 1363 2028
378 1948 2254
1948 378 2254
2254 378 1948
401 576 934
934 401 576
576 401 934
2034 2250 2361
2361 2034 2250
2250 2034 2361
2517 1795 2863
1795 2517 2863
2863 1795 2517
267 1011 2638
2638 267 1011
1011 267 2638
1466 743 1028
1028 743 1466
743 1028 1466
248 1062 1956
1062 248 1956
1956 248 1062
2797 529 2406
2406 529 2797
529 2406 2797
2538 1581 2488
1581 2488 2538
2488 1581 2538
1223 81 2594
2594 81 1223
81 1223 2594
1244 252 2310
2310 252 1244
252 1244 2310
132 1463 2434
2434 132 1463
1463 132 2434
1377 441 2717
441 1377 2717
2717 441 1377
806 1398 1474
1398 806 1474
1474 806 1398
1739 1765 1902
1902 1739 1765
1765 1739 1902
2147 889 2126
889 2126 2147
2126 889 2147
2981 1296 1514
1296 1514 2981
1514 1296 2981
2846 801 884
884 801 2846
801 884 2846
2974 225 2597
2597 225 2974
225 2597 2974
984 313 1414
1414 313 984
313 984 1414
532 2076 2939
2076 532 2939
2939 532 2076
333 501 1622
1622 333 501
501 333 1622
1441 1909 2415
2415 1441 1909
1909 1441 2415
2074 1498 1860
1498 1860 2074
1860 1498 2074
240 983 1962
1962 240 983
983 240 1962
1789 916 1682
1682 916 1789
916 1682 1789
1813 1773 2838
2838 1773 1813
1773 1813 2838
1459 8 337
337 8 1459
8 337 1459
810 1801 2853
2853 810 1801
1801 810 2853
1665 509 980
980 509 1665
509 980 1665
779 1353 2915
2915 779 1353
1353 779 2915
2821 681 2211
681 2211 2821
2211 681 2821
2612 218 2450
2450 218 2612
218 2450 2612
876 1930 2083
2083 876 1930
1930 876 2083
2187 202 2422
202 2187 2422
2422 202 2187
1375 931 1901
931 1375 1901
1901 931 1375
2851 2063 2868
2063 2851 2868
2868 2063 2851
1485 1996 2120
1996 1485 2120
2120 1485 1996
1621 2416 2579
2579 1621 2416
2416 1621 2579
2021 66 2024
2024 66 2021
66 2021 2024
2888 1772 2823
1772 2823 2888
2823 1772 2888
1941 1403 2077
1403 1941 2077
2077 1403 1941
2327 958 1124
1124 958 2327
958 1124 2327
121 623 1604
1604 121 623
623 121 1604
2075 917 1452
1452 917 2075
917 1452 2075
2194 508 2209
2209 508 2194
508 2194 2209
1935 1010 1600
1010 1600 1935
1600 1010 1935
78 541 2165
2165 78 541
541 78 2165
1392 621 1292
1292 621 1392
621 1292 1392
432 2588 2791
2588 432 2791
2791 432 2588
1386 607 2687
2687 607 1386
607 1386 2687
2480 817 1174
817 1174 2480
1174 817 2480
1782 1340 2784
1340 1782 2784
2784 1340 1782
1694 2197 2494
2197 1694 2494
2494 1694 2197
2435 230 1975
230 1975 2435
1975 230 2435
1830 665 914
914 665 1830
665 914 1830
1713 209 2282
2282 209 1713
209 1713 2282
1533 820 1638
820 1533 1638
1638 820 1533
833 315 550
315 550 833
550 315 833
2241 1767 2497
1767 2241 2497
2497 1767 2241
1697 1269 2312
2312 1269 1697
1269 1697 2312
1251 1460 2881
2881 1251 1460
1460 1251 2881
377 1183 2247
1183 377 2247
2247 377 1183
1724 549 2462
2462 549 1724
549 1724 2462
1082 2419 2576
2576 1082 2419
2419 1082 2576
2583 406 2573
2573 406 2583
406 2573 2583
948 915 2309
2309 915 948
915 948 2309
636 2734 2923
2734 636 2923
2923 636 2734
1061 2458 2937
2937 1061 2458
2458 1061 2937
1453 1556 1967
1556 1453 1967
1967 1453 1556
2577 877 1690
877 1690 2577
1690 877 2577
2302 26 832
832 26 2302
26 832 2302
1250 1215 2592
2592 1215 1250
1215 1250 2592
2330 1109 1196
1109 1196 2330
1196 1109 2330
488 1923 2395
2395 488 1923
1923 488 2395
1256 368 1501
368 1256 1501
1501 368 1256
874 174 2837
2837 174 874
174 874 2837
2018 1428 2118
1428 2018 2118
2118 1428 2018
1710 701 1972
1972 701 1710
701 1710 1972
59 195 762
195 59 762
762 59 195
1660 17 429
17 429 1660
429 17 1660
492 175 1888
175 492 1888
1888 175 492
765 611 924
924 611 765
611 765 924
2495 50 1566
1566 50 2495
50 1566 2495
113 1019 2591
2591 113 1019
1019 113 2591
1300 51 2407
2407 51 1300
51 1300 2407
1137 458 1365
1365 458 1137
458 1137 1365
1100 603 2553
603 1100 2553
2553 603 1100
2812 530 2940
530 2812 2940
2940 530 2812
491 363 1652
1652 363 491
363 491 1652
2062 755 1689
1689 755 2062
755 1689 2062
2162 428 2598
2598 428 2162
428 2162 2598
46 477 1054
1054 46 477
477 46 1054
2068 2039 2614
2614 2039 2068
2039 2068 2614
962 1035 1413
1035 962 1413
1413 962 1035
332 1158 1884
1884 332 1158
1158 332 1884
97 1059 2966
1059 97 2966
2966 97 1059
626 1574 1798
1798 626 1574
1574 626 1798
953 650 2085
650 953 2085
2085 650 953
2154 1532 2970
2970 1532 2154
1532 2154 2970
1734 1933 2986
2986 1734 1933
1933 1734 2986
162 420 2189
2189 162 420
420 162 2189
1175 811 2200
811 1175 2200
2200 811 1175
1058 796 1663
1663 796 1058
796 1058 1663
2473 229 1957
1957 229 2473
229 1957 2473
1033 696 1905
1905 696 1033
696 1033 1905
776 138 514
138 514 776
514 138 776
2655 171 1141
1141 171 2655
171 1141 2655
2535 868 2045
868 2045 2535
2045 868 2535
1892 849 2632
2632 849 1892
849 1892 2632
2164 298 2914
298 2164 2914
2914 298 2164
128 1066 1869
1066 128 1869
1869 128 1066
1976 614 2141
2141 614 1976
614 1976 2141
700 1916 2489
2489 700 1916
1916 700 2489
742 2390 2725
2390 742 2725
2725 742 2390
1985 206 2378
206 1985 2378
2378 206 1985
455 1411 1430
1430 455 1411
1411 455 1430
2551 123 1195
123 1195 2551
1195 123 2551
618 1699 2210
1699 618 2210
2210 618 1699
1810 91 1426
91 1426 1810
1426 91 1810
1712 770 894
770 894 1712
894 770 1712
2913 176 589
589 176 2913
176 589 2913
224 1559 2240
1559 224 2240
2240 224 1559
1160 1209 1402
1209 1160 1402
1402 1160 1209
1717 648 653
648 653 1717
653 648 1717
2132 897 2514
897 2132 2514
2514 897 2132
684 1182 1308
1308 684 1182
1182 684 1308
2335 2138 2845
2845 2138 2335
2138 2335 2845
1589 1151 1507
1151 1507 1589
1507 1151 1589
1613 2397 2818
2818 1613 2397
2397 1613 2818
1461 216 718
216 718 1461
718 216 1461
1362 1636 1882
1882 1362 1636
1636 1362 1882
318 70 1360
1360 70 318
70 318 1360
594 1616 2379
2379 594 1616
1616 594 2379
2996 600 2227
600 2227 2996
2227 600 2996
1868 1052 1852
1852 1052 1868
1052 1852 1868
2295 90 93
90 93 2295
93 90 2295
2061 37 677
677 37 2061
37 677 2061
754 1164 1334
1334 754 1164
1164 754 1334
1612 1298 2125
2125 1298 1612
1298 1612 2125
1741 1145 2297
1145 1741 2297
2297 1145 1741
975 2470 2902
2902 975 2470
2470 975 2902
2571 375 1542
375 1542 2571
1542 375 2571
2589 1545 1966
1545 1966 2589
1966 1545 2589
424 259 795
259 424 795
795 259 424
2487 129 2860
2860 129 2487
129 2487 2860
1834 619 942
619 942 1834
942 619 1834
2069 496 814
814 496 2069
496 814 2069
2449 452 1870
1870 452 2449
452 1870 2449
1742 1208 2475
2475 1208 1742
1208 1742 2475
1476 991 1649
991 1476 1649
1649 991 1476
813 472 1172
472 813 1172
1172 472 813
635 1718 2587
1718 635 2587
2587 635 1718
1944 1977 2183
2183 1944 1977
1977 1944 2183
2998 646 1157
1157 646 2998
646 1157 2998
243 276 2453
276 243 2453
2453 243 276
2978 738 2523
2523 738 2978
738 2523 2978
963 238 1092
1092 238 963
238 963 1092
2601 1886 2889
1886 2601 2889
2889 1886 2601
1601 2568 2999
2999 1601 2568
2568 1601 2999
1818 15 2409
2409 15 1818
15 1818 2409
2643 1089 1315
1089 1315 2643
1315 1089 2643
2729 379 816
379 816 2729
816 379 2729
2792 912 2341
912 2341 2792
2341 912 2792
1904 483 675
483 675 1904
675 483 1904
2103 2203 2671
2671 2103 2203
2203 2103 2671
1492 329 1913
1913 329 1492
329 1492 1913
286 75 2008
75 286 2008
2008 75 286
715 347 394
394 347 715
347 394 715
1920 85 2930
85 1920 2930
2930 85 1920
2749 446 533
533 446 2749
446 533 2749
1588 2213 2800
2213 1588 2800
2800 1588 2213
1942 1042 2199
1042 1942 2199
2199 1042 1942
2506 1494 2637
1494 2506 2637
2637 1494 2506
2237 1020 2027
2027 1020 2237
1020 2027 2237
1144 757 1451
757 1144 1451
1451 757 1144
1890 2556 2985
2985 1890 2556
2556 1890 2985
656 1642 2281
1642 656 2281
2281 656 1642
11 526 682
682 11 526
526 11 682
1224 184 1038
184 1038 1224
1038 184 1224
402 106 2946
106 402 2946
2946 106 402
774 1650 1846
1650 774 1846
1846 774 1650
2288 151 1432
151 1432 2288
1432 151 2288
317 1337 1456
1456 317 1337
1337 317 1456
662 643 2947
643 662 2947
2947 643 662
2273 49 790
790 49 2273
49 790 2273
896 487 1267
1267 487 896
487 896 1267
2192 606 1824
606 1824 2192
1824 606 2192
2560 260 2904
260 2560 2904
2904 260 2560
1655 1064 1790
1064 1655 1790
1790 1064 1655
1478 74 2277
74 1478 2277
2277 74 1478
1550 545 786
545 786 1550
786 545 1550
2471 98 2931
2931 98 2471
98 2471 2931
1153 1959 2334
2334 1153 1959
1959 1153 2334
1370 1579 2300
1579 1370 2300
2300 1370 1579
2929 86 2413
86 2413 2929
2413 86 2929
1963 2467 2767
2467 1963 2767
2767 1963 2467
2275 2384 2829
2384 2275 2829
2829 2275 2384
2808 2048 2681
2048 2681 2808
2681 2048 2808
366 1982 2698
1982 366 2698
2698 366 1982
1727 200 2606
2606 200 1727
200 1727 2606
2873 160 639
160 639 2873
639 160 2873
2956 2000 2832
2832 2000 2956
2000 2832 2956
1518 690 2691
690 1518 2691
2691 690 1518
2975 893 1203
893 1203 2975
1203 893 2975
39 1259 2972
2972 39 1259
1259 39 2972
1512 507 2385
507 1512 2385
2385 507 1512
1325 1376 2410
1376 1325 2410
2410 1325 1376
767 2425 2586
2425 767 2586
2586 767 2425
1098 746 1675
746 1098 1675
1675 746 1098
1396 277 775
277 775 1396
775 277 1396
2301 1573 1864
1573 1864 2301
1864 1573 2301
552 1134 1500
1500 552 1134
1134 552 1500
667 872 2736
872 667 2736
2736 667 872
47 1148 2072
1148 47 2072
2072 47 1148
1716 270 993
993 270 1716
270 993 1716
2412 57 1239
57 1239 2412
1239 57 2412
1861 186 759
186 759 1861
759 186 1861
1090 198 617
617 198 1090
198 617 1090
2992 1102 1828
1828 1102 2992
1102 1828 2992
2955 2770 2840
2840 2770 2955
2770 2840 2955
1091 417 2554
417 1091 2554
2554 417 1091
2960 302 2989
302 2960 2989
2989 302 2960
2104 597 2130
597 2104 2130
2130 597 2104
2967 2195 2511
2195 2511 2967
2511 2195 2967
443 1060 1193
1193 443 1060
1060 443 1193
2570 2531 2646
2531 2570 2646
2646 2531 2570
2171 971 2785
2785 971 2171
971 2171 2785
531 758 2207
758 531 2207
2207 531 758
1120 802 1562
1562 802 1120
802 1120 1562
1048 1677 2042
2042 1048 1677
1677 1048 2042
2622 769 1328
769 1328 2622
1328 769 2622
2329 1837 2795
1837 2329 2795
2795 1837 2329
978 433 2153
2153 433 978
433 978 2153
2805 1543 2134
1543 2134 2805
2134 1543 2805
2454 1928 2445
1928 2445 2454
2445 1928 2454
2427 2340 2695
2340 2427 2695
2695 2340 2427
2399 1771 2056
1771 2056 2399
2056 1771 2399
1002 599 968
599 968 1002
968 599 1002
461 1361 2826
1361 461 2826
2826 461 1361
2256 355 1005
1005 355 2256
355 1005 2256
2116 2377 2405
2405 2116 2377
2377 2116 2405
381 1821 2507
2507 381 1821
1821 381 2507
134 2253 2486
2253 134 2486
2486 134 2253
1561 1571 1844
1844 1561 1571
1571 1561 1844
435 824 2619
824 435 2619
2619 435 824
2895 310 1243
310 1243 2895
1243 310 2895
2226 1355 2181
2181 1355 2226
1355 2181 2226
2020 1854 2078
1854 2020 2078
2078 1854 2020
145 345 674
345 145 674
674 145 345
1802 38 228
38 228 1802
228 38 1802
1641 2414 2884
2884 1641 2414
2414 1641 2884
141 1965 2374
1965 141 2374
2374 141 1965
2804 564 2380
564 2380 2804
2380 564 2804
1632 1187 2781
1187 1632 2781
2781 1187 1632
624 1295 2212
1295 624 2212
2212 624 1295
2263 2466 2653
2466 2263 2653
2653 2263 2466
439 2 847
2 439 847
847 2 439
1008 987 2867
2867 987 1008
987 1008 2867
314 2117 2901
2117 314 2901
2901 314 2117
2396 1249 1302
1302 1249 2396
1249 1302 2396
1567 408 956
956 408 1567
408 956 1567
2651 247 941
247 941 2651
941 247 2651
2900 787 830
787 830 2900
830 787 2900
1931 87 1186
1186 87 1931
87 1186 1931
1617 2030 2958
2958 1617 2030
2030 1617 2958
1553 1450 1467
1450 1467 1553
1467 1450 1553
1847 1299 1835
1299 1835 1847
1835 1299 1847
1230 1499 1576
1499 1230 1576
1576 1230 1499
2833 1651 2082
1651 2082 2833
2082 1651 2833
1027 14 1016
1016 14 1027
14 1016 1027
63 578 692
578 63 692
692 63 578
281 255 2255
255 281 2255
2255 255 281
1204 535 1495
535 1204 1495
1495 535 1204
2143 655 752
752 655 2143
655 752 2143
1796 254 2201
2201 254 1796
254 1796 2201
2530 952 1128
1128 952 2530
952 1128 2530
185 561 1978
1978 185 561
561 185 1978
1814 416 721
721 416 1814
416 721 1814
642 1001 1095
1095 642 1001
1001 642 1095
201 940 2129
2129 201 940
940 201 2129
133 13 2441
2441 13 133
13 133 2441
1747 470 2005
470 1747 2005
2005 470 1747
562 1863 2954
1863 562 2954
2954 562 1863
351 992 1290
992 351 1290
1290 351 992
2271 2375 2455
2455 2271 2375
2375 2271 2455
2257 2561 2883
2883 2257 2561
2561 2257 2883
538 1284 2626
2626 538 1284
1284 538 2626
852 2481 2843
2843 852 2481
2481 852 2843
2478 404 1366
404 1366 2478
1366 404 2478
92 251 2307
2307 92 251
251 92 2307
2216 1116 1606
1606 1116 2216
1116 1606 2216
2149 115 687
115 687 2149
687 115 2149
323 1316 1317
1317 323 1316
1316 323 1317
120 71 493
71 120 493
493 71 120
23 1221 1927
1221 23 1927
1927 23 1221
1558 733 2219
2219 733 1558
733 1558 2219
306 1210 1281
1281 306 1210
1210 306 1281
1383 918 1891
1891 918 1383
918 1383 1891
293 513 627
513 293 627
627 293 513
1502 2669 2885
2885 1502 2669
2669 1502 2885
2919 1022 2386
1022 2386 2919
2386 1022 2919
1653 632 1895
632 1653 1895
1895 632 1653
995 920 977
977 920 995
920 977 995
9 65 364
65 9 364
364 9 65
815 161 2801
161 815 2801
2801 161 815
850 764 2968
2968 764 850
764 850 2968
94 506 1468
1468 94 506
506 94 1468
689 1110 2609
2609 689 1110
1110 689 2609
2058 1540 2798
2798 1540 2058
1540 2058 2798
114 2258 2328
2258 114 2328
2328 114 2258
289 173 2519
2519 173 289
173 289 2519
2180 1083 1521
1521 1083 2180
1083 1521 2180
2368 2176 2483
2176 2368 2483
2483 2176 2368
2757 1516 2366
1516 2366 2757
2366 1516 2757
1015 1678 2639
1678 1015 2639
2639 1015 1678
979 136 244
244 136 979
136 244 979
1776 695 1202
1202 695 1776
695 1202 1776
727 2910 2957
2910 727 2957
2957 727 2910
42 504 841
841 42 504
504 42 841
1258 1191 2869
2869 1191 1258
1191 1258 2869
803 668 961
668 803 961
961 668 803
1217 222 1354
222 1217 1354
1354 222 1217
1415 521 2709
521 1415 2709
2709 521 1415
274 1260 1938
1260 274 1938
1938 274 1260
2557 957 2726
2726 957 2557
957 2557 2726
2127 2105 2814
2105 2127 2814
2814 2105 2127
969 362 2501
362 969 2501
2501 362 969
2636 268 2718
268 2636 2718
2718 268 2636
2159 809 1807
1807 809 2159
809 1807 2159
1565 69 1590
1590 69 1565
69 1565 1590
2783 273 2950
2950 273 2783
273 2783 2950
1212 901 2694
901 1212 2694
2694 901 1212
1231 460 2326
2326 460 1231
460 1231 2326
1522 152 1457
152 1457 1522
1457 152 1522
1839 279 571
279 571 1839
571 279 1839
1087 902 1201
1201 902 1087
902 1087 1201
207 854 2973
854 207 2973
2973 207 854
1591 1032 2964
1032 1591 2964
2964 1032 1591
2847 822 1237
1237 822 2847
822 1237 2847
771 1620 1826
1620 771 1826
1826 771 1620
1777 2286 2755
2286 1777 2755
2755 1777 2286
1940 1132 1323
1323 1132 1940
1132 1323 1940
1615 303 471
471 303 1615
303 471 1615
163 2420 2866
2866 163 2420
2420 163 2866
2346 2298 2817
2298 2346 2817
2817 2298 2346
1672 1531 1605
1605 1531 1672
1531 1605 1672
1421 1163 2169
2169 1163 1421
1163 1421 2169
489 557 2768
557 489 2768
2768 489 557
1278 638 1803
1803 638 1278
638 1278 1803
1877 960 2186
960 1877 2186
2186 960 1877
144 155 204
155 144 204
204 144 155
672 41 2959
41 672 2959
2959 41 672
1159 1684 1883
1883 1159 1684
1684 1159 1883
1644 658 2510
658 1644 2510
2510 658 1644
2971 973 1486
1486 973 2971
973 1486 2971
447 459 2500
2500 447 459
459 447 2500
1043 344 450
450 344 1043
344 450 1043
558 567 2053
2053 558 567
567 558 2053
1889 595 1698
1698 595 1889
595 1698 1889
1955 935 947
947 935 1955
935 947 1955
926 1633 2190
1633 926 2190
2190 926 1633
1068 1896 2160
2160 1068 1896
1896 1068 2160
2899 878 1980
878 1980 2899
1980 878 2899
569 2047 2630
2630 569 2047
2047 569 2630
253 1505 2893
1505 253 2893
2893 253 1505
359 1275 2533
2533 359 1275
1275 359 2533
484 731 2761
2761 484 731
731 484 2761
1049 464 2518
464 1049 2518
2518 464 1049
2616 598 1900
1900 598 2616
598 1900 2616
392 490 2811
490 392 2811
2811 392 490
609 156 2440
2440 156 609
156 609 2440
1867 1400 2738
1400 1867 2738
2738 1400 1867
2364 1078 2096
1078 2096 2364
2096 1078 2364
2728 1213 2907
1213 2728 2907
2907 1213 2728
1988 453 1648
1648 453 1988
453 1648 1988
2976 1309 2381
1309 2381 2976
2381 1309 2976
2505 1433 2278
1433 2278 2505
2278 1433 2505
2217 117 1420
1420 117 2217
117 1420 2217
2771 1535 1873
1535 1873 2771
1873 1535 2771
1287 2051 2119
2119 1287 2051
2051 1287 2119
2642 1324 2936
2936 1324 2642
1324 2642 2936
1472 651 2562
2562 651 1472
651 1472 2562
214 2333 2813
2813 214 2333
2333 214 2813
374 1688 2663
2663 374 1688
1688 374 2663
480 1907 2457
1907 480 2457
2457 480 1907
1585 676 2894
676 1585 2894
2894 676 1585
1253 1404 2389
1404 1253 2389
2389 1253 1404
2265 213 1848
1848 213 2265
213 1848 2265
2789 1783 2442
1783 2442 2789
2442 1783 2789
2689 481 1044
481 1044 2689
1044 481 2689
999 859 1673
859 999 1673
1673 859 999
2179 1130 2009
1130 2009 2179
2009 1130 2179
1580 1674 2012
2012 1580 1674
1674 1580 2012
208 1766 2468
1766 208 2468
2468 208 1766
1805 1427 1757
1427 1757 1805
1757 1427 1805
2848 287 2703
2703 287 2848
287 2703 2848
2311 735 1057
735 1057 2311
1057 735 2311
2231 48 2464
2464 48 2231
48 2231 2464
2122 177 848
177 848 2122
848 177 2122
1787 182 498
498 182 1787
182 498 1787
981 693 1483
1483 693 981
693 981 1483
885 58 839
58 839 885
839 58 885
1257 1708 2244
1708 1257 2244
2244 1257 1708
131 21 1936
1936 21 131
21 131 1936
102 542 1063
542 102 1063
1063 102 542
2355 385 449
449 385 2355
385 449 2355
2949 2319 2679
2679 2319 2949
2319 2679 2949
1289 325 1758
1758 325 1289
325 1289 1758
1598 170 1388
170 1388 1598
1388 170 1598
2948 515 964
964 515 2948
515 964 2948
1425 497 2708
497 1425 2708
2708 497 1425
2810 96 1262
96 1262 2810
1262 96 2810
1080 1018 2861
2861 1018 1080
1018 1080 2861
1511 1575 2372
2372 1511 1575
1575 1511 2372
722 1205 2421
1205 722 2421
2421 722 1205
2170 933 2657
933 2170 2657
2657 933 2170
2391 1122 2121
2121 1122 2391
1122 2121 2391
2880 393 2272
2272 393 2880
393 2272 2880
29 442 2778
2778 29 442
442 29 2778
574 482 1047
1047 482 574
482 574 1047
2215 1607 1676
1676 1607 2215
1607 1676 2215
1874 1599 2444
1599 1874 2444
2444 1599 1874
2993 180 1419
1419 180 2993
180 1419 2993
2590 1785 2620
1785 2590 2620
2620 1785 2590
1914 2095 2318
2318 1914 2095
2095 1914 2318
2536 52 2820
2820 52 2536
52 2536 2820
1866 2456 2484
2484 1866 2456
2456 1866 2484
189 311 860
860 189 311
311 189 860
2834 853 1780
853 1780 2834
1780 853 2834
2151 1394 2731
2731 1394 2151
1394 2151 2731
1440 1236 2593
1236 1440 2593
2593 1236 1440
1990 937 1685
1685 937 1990
937 1685 1990
192 553 1423
1423 192 553
553 192 1423
223 633 842
633 223 842
842 223 633
1504 1389 2987
1389 1504 2987
2987 1389 1504
659 2411 2548
2411 659 2548
2548 659 2411
827 2276 2696
2276 827 2696
2696 827 2276
930 22 1769
1769 22 930
22 930 1769
2084 143 1934
1934 143 2084
143 1934 2084
2177 203 2874
203 2177 2874
2874 203 2177
516 387 2019
387 516 2019
2019 387 516
2469 522 745
522 745 2469
745 522 2469
2161 234 2856
2856 234 2161
234 2161 2856
275 2927 2969
2969 275 2927
2927 275 2969
1525 187 1838
1838 187 1525
187 1525 1838
194 1843 1958
1843 194 1958
1958 194 1843
1855 613 1906
1906 613 1855
613 1855 1906
781 405 2284
2284 405 781
405 781 2284
2599 778 1173
1173 778 2599
778 1173 2599
763 880 2131
880 763 2131
2131 763 880
2697 666 1667
1667 666 2697
666 1667 2697
592 1051 1216
1051 592 1216
1216 592 1051
1310 702 2774
702 1310 2774
2774 702 1310
2640 602 2057
2057 602 2640
602 2057 2640
1107 1326 1339
1339 1107 1326
1326 1107 1339
1246 1918 2035
1918 1246 2035
2035 1246 1918
2188 1438 2715
2715 1438 2188
1438 2188 2715
2173 1703 1865
1703 1865 2173
1865 1703 2173
1841 1171 1368
1171 1368 1841
1368 1171 1841
2139 1587 2383
2383 1587 2139
1587 2139 2383
2595 1815 2137
2137 1815 2595
1815 2137 2595
1811 836 2994
2994 836 1811
836 1811 2994
269 705 997
997 269 705
705 269 997
2534 2756 2905
2905 2534 2756
2756 2534 2905
2360 828 1700
828 1700 2360
1700 828 2360
2452 1893 2897
1893 2452 2897
2897 1893 2452
1135 383 1056
1056 383 1135
383 1056 1135
2827 154 1341
1341 154 2827
154 1341 2827
2107 1723 2528
2528 1723 2107
1723 2107 2528
1344 582 1405
1405 582 1344
582 1344 1405
544 105 712
712 105 544
105 544 712
2011 304 321
321 304 2011
304 321 2011
2109 1342 1987
1987 1342 2109
1342 1987 2109
2764 312 782
312 782 2764
782 312 2764
1108 1263 2916
1263 1108 2916
2916 1108 1263
2304 1429 1735
1735 1429 2304
1429 1735 2304
537 1878 1961
1878 537 1961
1961 537 1878
2634 1274 2459
1274 2459 2634
2459 1274 2634
807 73 2615
2615 73 807
73 807 2615
2549 2172 2699
2699 2172 2549
2172 2549 2699
466 670 972
972 466 670
670 466 972
2014 863 3000
3000 863 2014
863 2014 3000
130 2110 2558
2110 130 2558
2558 130 2110
2850 879 2423
879 2423 2850
2423 879 2850
2233 728 1954
728 1954 2233
1954 728 2233
1471 1115 1349
1115 1349 1471
1349 1115 1471
2232 657 1725
1725 657 2232
657 1725 2232
2245 444 669
669 444 2245
444 669 2245
2675 376 2037
376 2037 2675
2037 376 2675
2864 135 1998
1998 135 2864
135 1998 2864
1624 612 1469
1469 612 1624
612 1469 1624
2917 148 1611
1611 148 2917
148 1611 2917
361 747 1477
1477 361 747
747 361 1477
357 158 188
158 188 357
188 158 357
31 142 475
142 31 475
475 31 142
699 1384 1387
1384 699 1387
1387 699 1384
1412 116 1880
1880 116 1412
116 1412 1880
2090 1165 2140
1165 2090 2140
2140 1165 2090
2296 773 1779
773 1779 2296
1779 773 2296
1190 258 1729
258 1190 1729
1729 258 1190
2049 1304 2563
1304 2049 2563
2563 1304 2049
2794 83 2692
83 2692 2794
2692 83 2794
2369 346 2659
346 2369 2659
2659 346 2369
1228 1603 2550
2550 1228 1603
1603 1228 2550
2285 945 2871
2871 945 2285
945 2285 2871
792 425 1645
1645 425 792
425 792 1645
1188 18 197
197 18 1188
18 197 1188
2621 2264 2857
2857 2264 2621
2264 2621 2857
403 221 1247
1247 221 403
221 403 1247
1517 2603 2645
2603 1517 2645
2645 1517 2603
939 396 1085
1085 396 939
396 939 1085
2003 1445 2596
2596 1445 2003
1445 2003 2596
1526 2684 2849
2684 1526 2849
2849 1526 2684
1857 750 1039
750 1039 1857
1039 750 1857
1711 766 1820
1820 766 1711
766 1711 1820
2150 1226 2225
2225 1226 2150
1226 2150 2225
1266 686 2862
2862 686 1266
686 1266 2862
2046 1646 1774
1774 1646 2046
1646 1774 2046
1949 988 1306
1306 988 1949
988 1306 1949
2362 157 783
783 157 2362
157 783 2362
661 520 644
520 644 661
644 520 661
800 784 846
784 800 846
846 784 800
2859 410 865
410 865 2859
865 410 2859
1899 1481 1919
1919 1481 1899
1481 1899 1919
2664 2178 2780
2178 2664 2780
2780 2178 2664
2158 6 1969
6 1969 2158
1969 6 2158
2990 246 1709
246 1709 2990
1709 246 2990
2743 330 1640
330 1640 2743
1640 330 2743
101 2644 2660
2644 101 2660
2660 101 2644
837 1176 2163
2163 837 1176
1176 837 2163
1584 1539 2202
2202 1539 1584
1539 1584 2202
301 785 1307
785 301 1307
1307 301 785
835 1937 2793
2793 835 1937
1937 835 2793
72 242 1736
242 72 1736
1736 72 242
909 1067 2740
2740 909 1067
1067 909 2740
554 2337 2443
2337 554 2443
2443 554 2337
2650 82 1683
82 1683 2650
1683 82 2650
262 1270 2799
1270 262 2799
2799 262 1270
1003 565 2886
565 1003 2886
2886 565 1003
2836 327 2350
327 2350 2836
2350 327 2836
2033 1763 1939
1939 1763 2033
1763 1939 2033
266 369 465
369 266 465
465 266 369
1443 1234 2128
1234 1443 2128
2128 1234 1443
415 1564 1953
1564 415 1953
1953 415 1564
181 219 2198
2198 181 219
219 181 2198
172 399 907
907 172 399
399 172 907
299 1431 2133
1431 299 2133
2133 299 1431
2023 1291 2050
2050 1291 2023
1291 2023 2050
168 28 1006
28 168 1006
1006 28 168
649 2279 2941
2279 649 2941
2941 649 2279
1179 1198 2604
2604 1179 1198
1198 1179 2604
858 426 954
954 426 858
426 858 954
2251 107 350
350 107 2251
107 350 2251
339 284 1973
284 339 1973
1973 284 339
1578 451 2345
2345 451 1578
451 1578 2345
2347 183 1833
183 1833 2347
1833 183 2347
1995 1687 2775
2775 1687 1995
1687 1995 2775
95 2520 2623
2520 95 2623
2623 95 2520
1012 2502 2539
2502 1012 2539
2539 1012 2502
2624 1831 2825
1831 2624 2825
2825 1831 2624
1140 448 1572
1572 448 1140
448 1140 1572
352 205 517
205 352 517
517 205 352
1791 294 573
294 573 1791
573 294 1791
2855 68 1691
68 1691 2855
1691 68 2855
2542 1081 2613
2613 1081 2542
1081 2542 2613
2387 965 1329
1329 965 2387
965 1329 2387
2223 283 2357
2357 283 2223
283 2223 2357
559 2331 2402
2402 559 2331
2331 559 2402
2769 2291 2898
2898 2291 2769
2291 2769 2898
2909 423 1422
1422 423 2909
423 1422 2909
2876 923 1523
923 1523 2876
1523 923 2876
726 584 2287
584 726 2287
2287 584 726
1705 798 2098
798 1705 2098
2098 798 1705
1417 1721 2779
2779 1417 1721
1721 1417 2779
2403 43 388
388 43 2403
43 388 2403
2373 437 519
437 519 2373
519 437 2373
2828 1320 1437
1320 1437 2828
1437 1320 2828
126 587 2070
587 126 2070
2070 126 587
2546 331 2417
331 2417 2546
2417 331 2546
2222 899 1348
1348 899 2222
899 1348 2222
1136 540 2747
2747 540 1136
540 1136 2747
1666 524 2429
2429 524 1666
524 1666 2429
476 678 1311
1311 476 678
678 476 1311
1715 1439 2267
1439 1715 2267
2267 1439 1715
2099 927 1537
1537 927 2099
927 1537 2099
1639 1610 1885
1610 1639 1885
1885 1610 1639
1999 548 645
645 548 1999
548 645 1999
2004 887 2156
887 2004 2156
2156 887 2004
604 210 2574
210 604 2574
2574 210 604
630 79 2529
79 630 2529
2529 79 630
2724 409 2174
2174 409 2724
409 2174 2724
2224 625 760
760 625 2224
625 760 2224
1207 2228 2428
2228 1207 2428
2428 1207 2228
2365 478 1093
1093 478 2365
478 1093 2365
2841 1199 2704
2704 1199 2841
1199 2704 2841
2944 165 2002
165 2002 2944
2002 165 2944
397 264 1876
1876 264 397
264 397 1876
1952 986 1331
986 1331 1952
1331 986 1952
2316 938 1897
938 1897 2316
1897 938 2316
1634 2344 2984
2984 1634 2344
2344 1634 2984
2685 474 1031
474 1031 2685
1031 474 2685
261 911 1503
1503 261 911
911 261 1503
2022 358 1592
358 1592 2022
1592 358 2022
2766 296 1664
296 1664 2766
1664 296 2766
637 970 2166
2166 637 970
970 637 2166
7 1806 1898
1806 7 1898
1898 7 1806
1832 1449 2666
1449 1832 2666
2666 1449 1832
2773 30 1401
1401 30 2773
30 1401 2773
324 1037 1381
1037 324 1381
1381 324 1037
232 892 1168
1168 232 892
892 232 1168
1625 989 1464
989 1464 1625
1464 989 1625
300 898 1951
1951 300 898
898 300 1951
2980 500 734
734 500 2980
500 734 2980
818 1146 2742
2742 818 1146
1146 818 2742
2038 1408 2938
2938 1408 2038
1408 2038 2938
1524 890 2080
2080 890 1524
890 1524 2080
341 1630 1986
1986 341 1630
1630 341 1986
61 263 572
263 61 572
572 61 263
1073 1658 2854
1658 1073 2854
2854 1073 1658
2463 1448 1506
1448 1506 2463
1506 1448 2463
390 5 2266
2266 5 390
5 390 2266
469 2547 2835
2547 469 2835
2835 469 2547
2431 1508 2631
2631 1508 2431
1508 2431 2631
1154 249 1465
1465 249 1154
249 1154 1465
1549 367 2236
367 1549 2236
2236 367 1549
2043 903 1752
1752 903 2043
903 1752 2043
703 2611 2656
2656 703 2611
2611 703 2656
1076 2635 2754
2754 1076 2635
2635 1076 2754
2393 799 2315
799 2315 2393
2315 799 2393
1583 1150 2214
2214 1150 1583
1150 1583 2214
139 2006 2752
2006 139 2752
2752 139 2006
473 867 2314
2314 473 867
867 473 2314
823 32 1737
32 823 1737
1737 32 823
2802 577 2665
577 2665 2802
2665 577 2802
1118 955 2243
955 1118 2243
2243 955 1118
2746 295 2952
2952 295 2746
295 2746 2952
2765 1312 2872
1312 2765 2872
2872 1312 2765
861 2064 2965
2064 861 2965
2965 861 2064
2112 1947 2890
1947 2112 2890
2890 1947 2112
150 1359 1887
1359 150 1887
1887 150 1359
