1657 19050 28168
28168 1657 19050
19050 1657 28168
1619 3917 11711
11711 1619 3917
3917 1619 11711
10921 5343 16571
16571 5343 10921
5343 10921 16571
27752 5352 22978
22978 5352 27752
5352 22978 27752
26092 3321 20190
3321 20190 26092
20190 3321 26092
25020 103 8370
8370 103 25020
103 8370 25020
23090 7033 9002
7033 9002 23090
9002 7033 23090
25158 15366 16075
15366 16075 25158
16075 15366 25158
2583 25631 27714
25631 2583 27714
27714 2583 25631
9790 27558 29638
29638 9790 27558
27558 9790 29638
5813 8014 21945
8014 5813 21945
21945 5813 8014
29082 6295 26180
26180 6295 29082
6295 26180 29082
8351 9444 19095
9444 8351 19095
19095 8351 9444
10405 16457 17363
16457 10405 17363
17363 10405 16457
774 10945 27083
27083 774 10945
10945 774 27083
13557 8897 9742
8897 9742 13557
9742 8897 13557
21735 6596 12660
6596 12660 21735
12660 6596 21735
24085 27048 28494
28494 24085 27048
27048 24085 28494
15057 7731 7739
7731 7739 15057
7739 7731 15057
17368 4671 27490
4671 17368 27490
27490 4671 17368
29108 12764 18928
18928 12764 29108
12764 18928 29108
9786 2887 22892
2887 9786 22892
22892 2887 9786
14782 6001 9730
9730 6001 14782
6001 9730 14782
26593 8469 15859
15859 8469 26593
8469 15859 26593
8962 2078 18998
2078 8962 18998
18998 2078 8962
12709 13158 18346
18346 12709 13158
13158 12709 18346
776 13136 18741
13136 776 18741
18741 776 13136
2863 9882 10980
10980 2863 9882
9882 2863 10980
22657 295 4137
4137 295 22657
295 4137 22657
29957 15699 26622
15699 26622 29957
26622 15699 29957
5349 2184 21534
21534 2184 5349
2184 5349 21534
15484 18591 19134
19134 15484 18591
18591 15484 19134
4135 5874 28282
5874 4135 28282
28282 4135 5874
27391 10249 11459
10249 11459 27391
11459 10249 27391
6432 15539 17314
17314 6432 15539
15539 6432 17314
24263 22347 22533
22533 22347 24263
22347 22533 24263
11658 5859 19159
19159 5859 11658
5859 11658 19159
27500 7909 26577
7909 26577 27500
26577 7909 27500
772 23382 27093
23382 772 27093
27093 772 23382
15807 13850 22477
22477 13850 15807
13850 15807 22477
29674 16070 17774
17774 16070 29674
16070 17774 29674
26093 3 4865
4865 3 26093
3 4865 26093
11286 2018 24431
24431 2018 11286
2018 11286 24431
10208 12106 23770
12106 10208 23770
23770 10208 12106
702 2507 8815
2507 702 8815
8815 702 2507
5208 9836 19375
19375 5208 9836
9836 5208 19375
22046 9793 13826
13826 9793 22046
9793 13826 22046
13562 11157 21683
21683 11157 13562
11157 13562 21683
9238 3853 11279
3853 9238 11279
11279 3853 9238
21699 12705 21010
12705 21010 21699
21010 12705 21699
9628 25074 29608
29608 9628 25074
25074 9628 29608
5391 18542 18710
18542 5391 18710
18710 5391 18542
2296 6786 20460
6786 2296 20460
20460 2296 6786
23901 10597 25318
10597 23901 25318
25318 10597 23901
23072 2588 5737
2588 5737 23072
5737 2588 23072
1933 9443 16531
16531 1933 9443
9443 1933 16531
11737 1778 5660
1778 5660 11737
5660 1778 11737
3698 5394 27117
5394 3698 27117
27117 3698 5394
21998 2187 11142
11142 2187 21998
2187 11142 21998
7631 16474 20640
16474 7631 20640
20640 7631 16474
10750 699 11825
11825 699 10750
699 10750 11825
5238 25695 28281
28281 5238 25695
25695 5238 28281
6235 19884 28508
19884 6235 28508
28508 6235 19884
16267 8062 17307
8062 16267 17307
17307 8062 16267
29441 7830 23334
23334 7830 29441
7830 23334 29441
29301 10672 15037
10672 15037 29301
15037 10672 29301
13671 11680 20593
11680 13671 20593
20593 11680 13671
5795 15962 20627
20627 5795 15962
15962 5795 20627
10015 6244 24333
24333 6244 10015
6244 10015 24333
16669 15898 25640
25640 15898 16669
15898 16669 25640
3965 17378 19849
17378 3965 19849
19849 3965 17378
24906 15839 28076
28076 15839 24906
15839 24906 28076
28485 12391 14279
12391 14279 28485
14279 12391 28485
28625 4496 27033
27033 4496 28625
4496 27033 28625
14307 10856 26545
26545 10856 14307
10856 14307 26545
15707 13192 20755
13192 15707 20755
20755 13192 15707
6548 4319 27319
27319 4319 6548
4319 6548 27319
11233 810 4892
810 4892 11233
4892 810 11233
14294 842 5022
842 5022 14294
5022 842 14294
16238 852 17279
852 16238 17279
17279 852 16238
18408 10725 15882
10725 15882 18408
15882 10725 18408
16897 1544 5986
1544 5986 16897
5986 1544 16897
15292 11593 13588
11593 13588 15292
13588 11593 15292
20893 4664 13722
13722 4664 20893
4664 13722 20893
11387 7929 17191
7929 11387 17191
17191 7929 11387
29755 13501 19122
19122 13501 29755
13501 19122 29755
13318 14881 21527
21527 13318 14881
14881 13318 21527
12012 18138 27205
18138 12012 27205
27205 12012 18138
19632 10805 14669
10805 14669 19632
14669 10805 19632
13084 16686 20895
16686 13084 20895
20895 13084 16686
6307 26042 29783
29783 6307 26042
26042 6307 29783
20086 595 4565
595 4565 20086
4565 595 20086
5721 4467 17409
17409 4467 5721
4467 5721 17409
4152 13424 13922
13424 4152 13922
13922 4152 13424
19464 463 15075
463 15075 19464
15075 463 19464
29101 24750 28754
24750 28754 29101
28754 24750 29101
17544 10053 10770
10053 10770 17544
10770 10053 17544
20376 3944 23476
23476 3944 20376
3944 20376 23476
16730 7391 10121
10121 7391 16730
7391 10121 16730
24101 22783 27116
27116 22783 24101
22783 24101 27116
24626 3936 12042
12042 3936 24626
3936 12042 24626
12031 8348 19292
19292 8348 12031
8348 12031 19292
26257 7155 21167
21167 7155 26257
7155 21167 26257
27833 16410 21569
16410 21569 27833
21569 16410 27833
20153 6594 22128
6594 20153 22128
22128 6594 20153
11773 12747 13836
12747 11773 13836
13836 11773 12747
796 10129 28903
10129 796 28903
28903 796 10129
12126 470 5548
5548 470 12126
470 5548 12126
13038 1198 9624
9624 1198 13038
1198 9624 13038
10025 6855 15953
15953 6855 10025
6855 10025 15953
5265 11806 29066
11806 5265 29066
29066 5265 11806
24223 17669 28151
17669 24223 28151
28151 17669 24223
12107 16959 17580
17580 12107 16959
16959 12107 17580
27946 3525 22841
3525 22841 27946
22841 3525 27946
6651 10269 18660
10269 6651 18660
18660 6651 10269
26834 5526 21263
5526 21263 26834
21263 5526 26834
29151 7334 7636
7636 7334 29151
7334 7636 29151
25112 4830 23080
4830 23080 25112
23080 4830 25112
19306 10124 25590
25590 10124 19306
10124 19306 25590
21425 1415 8388
1415 8388 21425
8388 1415 21425
27761 8166 8295
8295 8166 27761
8166 8295 27761
7732 24138 28177
24138 7732 28177
28177 7732 24138
13338 11219 28138
11219 13338 28138
28138 11219 13338
3985 18163 22203
18163 3985 22203
22203 3985 18163
24798 6749 26119
6749 24798 26119
26119 6749 24798
3613 21480 21879
21480 3613 21879
21879 3613 21480
15383 6222 18090
6222 15383 18090
18090 6222 15383
24464 28677 29029
28677 24464 29029
29029 24464 28677
762 8474 15074
15074 762 8474
8474 762 15074
13956 15294 26255
26255 13956 15294
15294 13956 26255
5112 10227 14806
14806 5112 10227
10227 5112 14806
4183 4647 20663
20663 4183 4647
4647 4183 20663
28486 3254 22667
3254 22667 28486
22667 3254 28486
10776 23473 24601
24601 10776 23473
23473 10776 24601
4015 4151 6418
6418 4015 4151
4151 4015 6418
8036 13577 26012
26012 8036 13577
13577 8036 26012
28710 9735 20013
20013 9735 28710
9735 20013 28710
3178 11438 14407
14407 3178 11438
11438 3178 14407
29540 1466 28997
28997 1466 29540
1466 28997 29540
29282 420 19102
19102 420 29282
420 19102 29282
29268 1442 13394
13394 1442 29268
1442 13394 29268
20332 1457 2272
1457 2272 20332
2272 1457 20332
1194 3589 21781
3589 1194 21781
21781 1194 3589
9445 26476 29455
26476 9445 29455
29455 9445 26476
19485 17739 19957
19957 17739 19485
17739 19485 19957
7450 8282 9950
9950 7450 8282
8282 7450 9950
24156 6344 19342
19342 6344 24156
6344 19342 24156
16244 11635 23536
23536 11635 16244
11635 16244 23536
23641 12093 12624
12624 12093 23641
12093 12624 23641
16145 6530 27691
27691 6530 16145
6530 16145 27691
2014 2284 6880
2284 2014 6880
6880 2014 2284
2629 22742 28962
22742 2629 28962
28962 2629 22742
20130 1099 3200
1099 3200 20130
3200 1099 20130
1377 5414 19043
19043 1377 5414
5414 1377 19043
26490 11699 26031
26031 11699 26490
11699 26031 26490
14059 11111 11298
11111 11298 14059
11298 11111 14059
13807 12601 14134
12601 13807 14134
14134 12601 13807
17146 23832 29477
29477 17146 23832
23832 17146 29477
182 13417 23167
13417 182 23167
23167 182 13417
5727 12978 20314
20314 5727 12978
12978 5727 20314
8938 12176 27264
27264 8938 12176
12176 8938 27264
16251 7799 8879
8879 7799 16251
7799 8879 16251
19224 22181 27284
27284 19224 22181
22181 19224 27284
18846 1356 22794
22794 1356 18846
1356 18846 22794
14827 54 2735
2735 54 14827
54 2735 14827
8690 5798 11088
5798 8690 11088
11088 5798 8690
29398 9054 19407
19407 9054 29398
9054 19407 29398
29976 215 22310
215 22310 29976
22310 215 29976
17415 10995 26138
26138 10995 17415
10995 17415 26138
9307 17762 20877
20877 9307 17762
17762 9307 20877
25216 6283 7229
7229 6283 25216
6283 7229 25216
13096 4549 6502
4549 6502 13096
6502 4549 13096
23112 14842 15811
14842 15811 23112
15811 14842 23112
13794 3085 7658
7658 3085 13794
3085 7658 13794
5797 1485 5967
5967 1485 5797
1485 5797 5967
17799 8030 28983
8030 17799 28983
28983 8030 17799
22855 4650 10875
4650 10875 22855
10875 4650 22855
3418 9095 26669
9095 3418 26669
26669 3418 9095
11777 20036 27090
27090 11777 20036
20036 11777 27090
14794 3832 12435
3832 12435 14794
12435 3832 14794
12527 6375 9610
9610 6375 12527
6375 9610 12527
1585 9823 15973
15973 1585 9823
9823 1585 15973
761 964 14029
964 761 14029
14029 761 964
19363 13736 16811
13736 16811 19363
16811 13736 19363
1753 9465 9620
9465 1753 9620
9620 1753 9465
21081 13864 23411
13864 21081 23411
23411 13864 21081
28468 7617 26254
7617 26254 28468
26254 7617 28468
11146 21790 25257
25257 11146 21790
21790 11146 25257
3193 26962 27962
26962 3193 27962
27962 3193 26962
5877 8766 10794
10794 5877 8766
8766 5877 10794
20092 1879 23866
23866 1879 20092
1879 20092 23866
9191 18894 19074
18894 9191 19074
19074 9191 18894
14162 9999 24514
9999 14162 24514
24514 9999 14162
20633 731 7154
731 7154 20633
7154 731 20633
26298 5787 20384
5787 20384 26298
20384 5787 26298
22629 15828 24052
24052 15828 22629
15828 22629 24052
10045 138 10884
10884 138 10045
138 10045 10884
28186 17061 23314
17061 23314 28186
23314 17061 28186
27482 10929 23930
10929 23930 27482
23930 10929 27482
29418 11531 23926
23926 11531 29418
11531 23926 29418
16707 9631 16045
9631 16045 16707
16045 9631 16707
12429 3574 6359
6359 3574 12429
3574 6359 12429
18625 10005 13493
13493 10005 18625
10005 13493 18625
25633 10047 29829
10047 25633 29829
29829 10047 25633
17928 10590 20574
20574 10590 17928
10590 17928 20574
2249 2449 20625
2449 2249 20625
20625 2249 2449
5686 23519 28682
23519 5686 28682
28682 5686 23519
7709 11704 17154
17154 7709 11704
11704 7709 17154
23846 8102 27914
8102 23846 27914
27914 8102 23846
18787 6678 24100
6678 18787 24100
24100 6678 18787
6873 19527 29304
19527 6873 29304
29304 6873 19527
16559 1336 14429
14429 1336 16559
1336 14429 16559
5948 23209 27509
27509 5948 23209
23209 5948 27509
10720 508 21384
508 10720 21384
21384 508 10720
208 6069 6741
6069 208 6741
6741 208 6069
27687 142 26524
26524 142 27687
142 26524 27687
25783 3738 23037
3738 23037 25783
23037 3738 25783
18099 21822 22559
22559 18099 21822
21822 18099 22559
1160 17353 26791
26791 1160 17353
17353 1160 26791
15339 18185 18520
18185 15339 18520
18520 15339 18185
2605 17472 22439
22439 2605 17472
17472 2605 22439
5564 1500 2763
2763 1500 5564
1500 2763 5564
22065 7394 25370
7394 22065 25370
25370 7394 22065
25203 2123 25337
2123 25203 25337
25337 2123 25203
15579 16135 18944
16135 15579 18944
18944 15579 16135
6867 2231 28662
28662 2231 6867
2231 6867 28662
7165 19972 23934
23934 7165 19972
19972 7165 23934
24032 12914 23681
23681 12914 24032
12914 23681 24032
9370 26242 29451
26242 9370 29451
29451 9370 26242
29513 14807 22256
14807 22256 29513
22256 14807 29513
6692 823 20121
20121 823 6692
823 6692 20121
24191 17243 22885
22885 17243 24191
17243 22885 24191
2519 24566 29749
24566 2519 29749
29749 2519 24566
10961 4864 20068
4864 10961 20068
20068 4864 10961
5330 18580 24473
18580 5330 24473
24473 5330 18580
10119 21113 28729
28729 10119 21113
21113 10119 28729
21294 139 11951
139 11951 21294
11951 139 21294
22359 2283 3887
2283 3887 22359
3887 2283 22359
14268 9664 24250
9664 14268 24250
24250 9664 14268
24114 18319 29447
29447 18319 24114
18319 24114 29447
8780 14872 18312
14872 8780 18312
18312 8780 14872
22482 11706 17599
11706 17599 22482
17599 11706 22482
18902 1299 15302
1299 15302 18902
15302 1299 18902
18639 12085 26605
12085 18639 26605
26605 12085 18639
19724 16734 19495
16734 19495 19724
19495 16734 19724
19924 14990 22200
22200 14990 19924
14990 19924 22200
15896 2456 29876
2456 15896 29876
29876 2456 15896
16372 11992 23822
23822 11992 16372
11992 16372 23822
4763 20009 21489
20009 4763 21489
21489 4763 20009
20399 23347 24946
24946 20399 23347
23347 20399 24946
393 802 18284
802 393 18284
18284 393 802
10218 7660 10266
10266 7660 10218
7660 10218 10266
12790 2193 6805
6805 2193 12790
2193 6805 12790
20660 2732 3283
3283 2732 20660
2732 3283 20660
15901 10637 11853
11853 10637 15901
10637 11853 15901
16080 382 25990
25990 382 16080
382 16080 25990
1023 16291 27878
27878 1023 16291
16291 1023 27878
28946 27418 27778
27418 27778 28946
27778 27418 28946
16561 13170 21901
21901 13170 16561
13170 16561 21901
29464 16518 29383
29383 16518 29464
16518 29383 29464
24381 4835 5707
4835 5707 24381
5707 4835 24381
10719 16953 27060
16953 10719 27060
27060 10719 16953
21219 1446 19777
19777 1446 21219
1446 19777 21219
1852 9678 18225
18225 1852 9678
9678 1852 18225
6614 6973 15559
15559 6614 6973
6973 6614 15559
446 12403 25040
12403 446 25040
25040 446 12403
6608 1621 27960
1621 6608 27960
27960 1621 6608
16413 11510 28581
11510 16413 28581
28581 11510 16413
2181 6683 28185
28185 2181 6683
6683 2181 28185
13410 14468 20303
14468 13410 20303
20303 13410 14468
4423 1413 14373
1413 4423 14373
14373 1413 4423
27507 2391 22255
22255 2391 27507
2391 22255 27507
715 2059 26362
26362 715 2059
2059 715 26362
28589 911 21335
21335 911 28589
911 21335 28589
13331 16767 16861
16861 13331 16767
16767 13331 16861
9804 7533 20699
7533 9804 20699
20699 7533 9804
10674 3745 14684
3745 10674 14684
14684 3745 10674
16674 11120 11473
11473 11120 16674
11120 11473 16674
20528 6667 19454
6667 19454 20528
19454 6667 20528
8593 16582 19899
19899 8593 16582
16582 8593 19899
26949 8209 17683
17683 8209 26949
8209 17683 26949
6457 2510 7712
7712 2510 6457
2510 6457 7712
3533 10992 28772
28772 3533 10992
10992 3533 28772
4687 11798 18309
11798 4687 18309
18309 4687 11798
4606 15045 20944
15045 4606 20944
20944 4606 15045
3994 4248 17886
4248 3994 17886
17886 3994 4248
21965 5354 15182
15182 5354 21965
5354 15182 21965
958 8157 18681
18681 958 8157
8157 958 18681
9642 16489 24734
16489 9642 24734
24734 9642 16489
3708 7096 22593
22593 3708 7096
7096 3708 22593
17107 13330 28985
28985 13330 17107
13330 17107 28985
22355 132 14907
14907 132 22355
132 14907 22355
15191 1366 26512
26512 1366 15191
1366 15191 26512
8067 9956 20718
9956 8067 20718
20718 8067 9956
22218 1273 16141
16141 1273 22218
1273 16141 22218
17446 2751 8029
2751 8029 17446
8029 2751 17446
1332 7452 9762
9762 1332 7452
7452 1332 9762
26531 23467 28562
28562 23467 26531
23467 26531 28562
14319 15397 24988
24988 14319 15397
15397 14319 24988
1766 9429 10927
9429 1766 10927
10927 1766 9429
27293 10368 13567
13567 10368 27293
10368 13567 27293
25776 10540 19055
19055 10540 25776
10540 19055 25776
10949 17084 27785
27785 10949 17084
17084 10949 27785
5957 5267 21281
5267 5957 21281
21281 5267 5957
24879 20527 29095
20527 24879 29095
29095 20527 24879
29231 1596 6623
1596 6623 29231
6623 1596 29231
3315 19818 24385
24385 3315 19818
19818 3315 24385
19894 3003 22879
3003 19894 22879
22879 3003 19894
18149 22198 22591
22198 18149 22591
22591 18149 22198
27028 12676 22037
22037 12676 27028
12676 22037 27028
16533 5902 22319
22319 5902 16533
5902 16533 22319
10736 8054 13311
13311 8054 10736
8054 10736 13311
13999 104 194
104 194 13999
194 104 13999
4514 433 15893
433 4514 15893
15893 433 4514
15984 20913 21398
20913 15984 21398
21398 15984 20913
26506 9669 12405
12405 9669 26506
9669 12405 26506
8813 25215 28769
28769 8813 25215
25215 8813 28769
12052 4947 12580
12580 4947 12052
4947 12052 12580
29480 12323 21989
12323 21989 29480
21989 12323 29480
7454 26648 28565
28565 7454 26648
26648 7454 28565
7104 13730 28487
13730 7104 28487
28487 7104 13730
27567 1647 22397
22397 1647 27567
1647 22397 27567
15998 17356 20424
20424 15998 17356
17356 15998 20424
22604 13892 18415
13892 18415 22604
18415 13892 22604
28894 8430 17983
17983 8430 28894
8430 17983 28894
29100 16503 21269
21269 16503 29100
16503 21269 29100
27366 1265 15574
1265 15574 27366
15574 1265 27366
37 19704 27235
19704 37 27235
27235 37 19704
14835 1915 19980
19980 1915 14835
1915 14835 19980
29347 3960 25308
25308 3960 29347
3960 25308 29347
9896 10163 20697
20697 9896 10163
10163 9896 20697
2736 2827 11640
2827 2736 11640
11640 2736 2827
2808 11970 12485
11970 2808 12485
12485 2808 11970
8052 3601 15780
3601 8052 15780
15780 3601 8052
22775 1820 28276
28276 1820 22775
1820 22775 28276
17296 15415 27636
15415 17296 27636
27636 15415 17296
21949 1754 16612
1754 16612 21949
16612 1754 21949
9810 20685 23497
20685 9810 23497
23497 9810 20685
18206 5359 6266
5359 6266 18206
6266 5359 18206
23638 6802 8446
6802 8446 23638
8446 6802 23638
19264 760 27711
760 19264 27711
27711 760 19264
17067 6114 20295
20295 6114 17067
6114 17067 20295
18776 11902 25319
11902 18776 25319
25319 11902 18776
24753 9586 15235
15235 9586 24753
9586 15235 24753
290 26264 28152
26264 290 28152
28152 290 26264
5675 17072 17082
17082 5675 17072
17072 5675 17082
24647 1224 3047
1224 3047 24647
3047 1224 24647
20841 7263 8333
8333 7263 20841
7263 8333 20841
8304 6780 9207
9207 6780 8304
6780 8304 9207
10585 11197 19733
19733 10585 11197
11197 10585 19733
708 21837 24763
21837 708 24763
24763 708 21837
14242 10207 22929
10207 14242 22929
22929 10207 14242
23120 368 27947
368 23120 27947
27947 368 23120
17050 4251 26811
26811 4251 17050
4251 17050 26811
24709 14253 16398
16398 14253 24709
14253 16398 24709
18229 8712 29340
29340 8712 18229
8712 18229 29340
29800 12923 23310
12923 23310 29800
23310 12923 29800
624 1215 26470
26470 624 1215
1215 624 26470
13627 13912 21647
13912 13627 21647
21647 13627 13912
11119 9523 20363
20363 9523 11119
9523 11119 20363
2142 20815 22021
20815 2142 22021
22021 2142 20815
24819 26380 26805
26805 24819 26380
26380 24819 26805
9670 6862 25735
6862 9670 25735
25735 6862 9670
17766 3106 4304
4304 3106 17766
3106 4304 17766
3863 6254 27680
6254 3863 27680
27680 3863 6254
4120 645 20657
20657 645 4120
645 4120 20657
8656 21771 24035
21771 8656 24035
24035 8656 21771
5592 8521 15758
15758 5592 8521
8521 5592 15758
25509 7747 28025
7747 25509 28025
28025 7747 25509
24993 10226 14690
10226 14690 24993
14690 10226 24993
3579 3711 7075
7075 3579 3711
3711 3579 7075
6994 8721 13177
8721 6994 13177
13177 6994 8721
9924 6728 23719
23719 6728 9924
6728 9924 23719
9282 2290 20940
20940 2290 9282
2290 9282 20940
23736 19161 22577
19161 22577 23736
22577 19161 23736
15914 17555 25970
17555 15914 25970
25970 15914 17555
28816 21321 27176
21321 27176 28816
27176 21321 28816
5254 14601 20335
20335 5254 14601
14601 5254 20335
10663 769 29037
29037 769 10663
769 10663 29037
9833 59 10078
59 9833 10078
10078 59 9833
4968 10607 16775
16775 4968 10607
10607 4968 16775
29182 7736 11144
11144 7736 29182
7736 11144 29182
21597 16554 27525
16554 21597 27525
27525 16554 21597
19834 26641 29614
26641 19834 29614
29614 19834 26641
14879 1523 15262
15262 1523 14879
1523 14879 15262
21337 26466 26676
26466 21337 26676
26676 21337 26466
16065 10069 18473
18473 10069 16065
10069 16065 18473
8481 3203 27080
27080 3203 8481
3203 8481 27080
12689 6308 24103
6308 12689 24103
24103 6308 12689
1144 6123 11404
11404 1144 6123
6123 1144 11404
11357 7341 19033
7341 11357 19033
19033 7341 11357
25169 3438 9032
9032 3438 25169
3438 9032 25169
25726 2512 7420
2512 7420 25726
7420 2512 25726
7429 2701 21934
2701 7429 21934
21934 2701 7429
27487 13046 23633
23633 13046 27487
13046 23633 27487
24623 4170 12814
4170 12814 24623
12814 4170 24623
11000 4898 10779
10779 4898 11000
4898 10779 11000
29143 17377 19796
19796 17377 29143
17377 19796 29143
16174 22323 22654
22323 16174 22654
22654 16174 22323
4985 5645 22296
22296 4985 5645
5645 4985 22296
20162 8853 14635
14635 8853 20162
8853 14635 20162
23961 18227 28849
18227 23961 28849
28849 18227 23961
16584 11101 12298
12298 11101 16584
11101 12298 16584
21702 18476 21353
21353 18476 21702
18476 21353 21702
8980 8823 26299
26299 8823 8980
8823 8980 26299
4520 11472 20259
20259 4520 11472
11472 4520 20259
3088 25701 28631
28631 3088 25701
25701 3088 28631
20975 1872 6501
6501 1872 20975
1872 6501 20975
621 602 4181
4181 602 621
602 621 4181
7556 2364 15956
15956 2364 7556
2364 7556 15956
18637 11720 18752
11720 18637 18752
18752 11720 18637
21082 763 8765
8765 763 21082
763 8765 21082
25380 7171 18735
7171 18735 25380
18735 7171 25380
29436 12202 16705
12202 16705 29436
16705 12202 29436
23718 5865 21630
21630 5865 23718
5865 21630 23718
15170 6446 23077
23077 6446 15170
6446 15170 23077
29494 5392 15293
15293 5392 29494
5392 15293 29494
1067 1346 4742
1346 1067 4742
4742 1067 1346
3858 3739 29111
3739 3858 29111
29111 3739 3858
12986 7255 18446
18446 7255 12986
7255 12986 18446
10739 79 916
79 916 10739
916 79 10739
245 689 7537
7537 245 689
689 245 7537
29537 9456 11833
9456 11833 29537
11833 9456 29537
13144 6584 20439
6584 13144 20439
20439 6584 13144
3779 6687 27417
27417 3779 6687
6687 3779 27417
20831 1021 23690
1021 20831 23690
23690 1021 20831
5220 7036 22853
7036 5220 22853
22853 5220 7036
15226 25713 28530
25713 15226 28530
28530 15226 25713
17014 2339 4525
2339 4525 17014
4525 2339 17014
6143 5783 21379
5783 6143 21379
21379 5783 6143
15668 27625 29808
27625 15668 29808
29808 15668 27625
10107 1105 18359
1105 10107 18359
18359 1105 10107
10239 11596 25046
25046 10239 11596
11596 10239 25046
14988 2618 6799
2618 6799 14988
6799 2618 14988
1910 11721 11912
11721 1910 11912
11912 1910 11721
1228 751 23582
23582 751 1228
751 1228 23582
25389 2332 29851
2332 25389 29851
29851 2332 25389
6694 20824 28725
28725 6694 20824
20824 6694 28725
17371 11340 12633
11340 12633 17371
12633 11340 17371
5497 5040 10629
5040 5497 10629
10629 5040 5497
6860 943 7022
7022 943 6860
943 6860 7022
2929 6487 17721
17721 2929 6487
6487 2929 17721
17754 10030 29442
29442 10030 17754
10030 17754 29442
28420 22038 25231
25231 22038 28420
22038 25231 28420
28705 724 10673
724 10673 28705
10673 724 28705
10131 27503 29928
29928 10131 27503
27503 10131 29928
25044 4927 16110
16110 4927 25044
4927 16110 25044
28720 1213 25425
1213 25425 28720
25425 1213 28720
14562 4823 16062
4823 14562 16062
16062 4823 14562
21343 634 28817
634 21343 28817
28817 634 21343
11905 270 21032
21032 270 11905
270 11905 21032
27021 6959 13963
6959 13963 27021
13963 6959 27021
3792 5531 23297
5531 3792 23297
23297 3792 5531
12205 6196 24208
24208 6196 12205
6196 12205 24208
5177 24241 28976
24241 5177 28976
28976 5177 24241
12288 1152 13849
1152 12288 13849
13849 1152 12288
26094 5432 5763
5763 5432 26094
5432 5763 26094
27299 23106 23573
23106 23573 27299
23573 23106 27299
6152 14868 25002
25002 6152 14868
14868 6152 25002
25678 9048 27031
9048 25678 27031
27031 9048 25678
10160 11843 25553
11843 10160 25553
25553 10160 11843
27063 5385 29504
5385 27063 29504
29504 5385 27063
24125 793 18676
18676 793 24125
793 18676 24125
19242 9890 11925
9890 11925 19242
11925 9890 19242
23257 1294 12121
12121 1294 23257
1294 12121 23257
20014 4801 28279
4801 20014 28279
28279 4801 20014
25451 10571 16481
16481 10571 25451
10571 16481 25451
13255 2294 19542
2294 13255 19542
19542 2294 13255
26881 1574 3041
3041 1574 26881
1574 3041 26881
15217 1845 4761
1845 4761 15217
4761 1845 15217
16746 15200 20754
20754 15200 16746
15200 16746 20754
1674 11983 20948
11983 1674 20948
20948 1674 11983
26382 9761 16380
16380 9761 26382
9761 16380 26382
11947 353 16673
353 11947 16673
16673 353 11947
2385 4784 27210
27210 2385 4784
4784 2385 27210
5611 17849 28217
17849 5611 28217
28217 5611 17849
9106 13525 17105
17105 9106 13525
13525 9106 17105
26800 6011 19735
6011 19735 26800
19735 6011 26800
26414 11684 27559
11684 26414 27559
27559 11684 26414
19041 151 12657
12657 151 19041
151 12657 19041
2934 8557 15289
15289 2934 8557
8557 2934 15289
24408 5919 11056
11056 5919 24408
5919 11056 24408
14894 10449 14113
10449 14113 14894
14113 10449 14894
12666 21135 28294
28294 12666 21135
21135 12666 28294
2341 2104 12481
12481 2104 2341
2104 2341 12481
21523 1296 5522
5522 1296 21523
1296 5522 21523
21807 1187 9811
1187 9811 21807
9811 1187 21807
9346 2516 3811
3811 2516 9346
2516 3811 9346
15635 19730 24746
24746 15635 19730
19730 15635 24746
7265 1242 29757
29757 1242 7265
1242 7265 29757
15389 18941 23073
23073 15389 18941
18941 15389 23073
13247 1683 10199
10199 1683 13247
1683 10199 13247
21244 3573 19654
3573 19654 21244
19654 3573 21244
18717 29675 29832
29832 18717 29675
29675 18717 29832
5955 8709 9266
9266 5955 8709
8709 5955 9266
7053 5302 9067
9067 5302 7053
5302 7053 9067
9478 13833 14445
14445 9478 13833
13833 9478 14445
4926 15472 24074
15472 4926 24074
24074 4926 15472
24294 8248 10647
10647 8248 24294
8248 10647 24294
6924 1000 25271
1000 6924 25271
25271 1000 6924
26868 7761 10052
7761 10052 26868
10052 7761 26868
4811 9474 20611
9474 4811 20611
20611 4811 9474
19662 4704 10628
4704 10628 19662
10628 4704 19662
21101 8226 14776
8226 14776 21101
14776 8226 21101
11453 20370 27303
27303 11453 20370
20370 11453 27303
27399 12952 23995
12952 23995 27399
23995 12952 27399
14031 1082 8310
8310 1082 14031
1082 8310 14031
16827 15943 21206
21206 15943 16827
15943 16827 21206
3035 19053 29653
29653 3035 19053
19053 3035 29653
10072 19082 19681
19082 10072 19681
19681 10072 19082
1156 1093 3298
1093 1156 3298
3298 1093 1156
21137 7379 10387
10387 7379 21137
7379 10387 21137
5791 25823 27853
27853 5791 25823
25823 5791 27853
19954 7150 28776
7150 19954 28776
28776 7150 19954
22926 20405 22377
22377 20405 22926
20405 22377 22926
2077 10174 26033
10174 2077 26033
26033 2077 10174
4129 9694 17275
17275 4129 9694
9694 4129 17275
19552 14286 16545
16545 14286 19552
14286 16545 19552
7983 23207 24349
23207 7983 24349
24349 7983 23207
4010 1740 26221
1740 4010 26221
26221 1740 4010
7453 12444 24252
24252 7453 12444
12444 7453 24252
7213 19915 26869
26869 7213 19915
19915 7213 26869
12910 8800 26558
8800 12910 26558
26558 8800 12910
8726 10462 17327
17327 8726 10462
10462 8726 17327
13589 19968 29354
19968 13589 29354
29354 13589 19968
24529 3024 11881
11881 3024 24529
3024 11881 24529
10305 477 24096
24096 477 10305
477 10305 24096
23547 19151 22272
19151 22272 23547
22272 19151 23547
29740 4487 10280
10280 4487 29740
4487 10280 29740
13002 12292 14287
12292 13002 14287
14287 12292 13002
7845 9340 17675
17675 7845 9340
9340 7845 17675
2325 3077 7473
3077 2325 7473
7473 2325 3077
11264 21833 29036
21833 11264 29036
29036 11264 21833
2111 2094 19896
19896 2094 2111
2094 2111 19896
20204 8318 24477
8318 20204 24477
24477 8318 20204
14431 9861 23282
23282 9861 14431
9861 14431 23282
25536 3061 14046
14046 3061 25536
3061 14046 25536
15042 14533 19805
14533 15042 19805
19805 14533 15042
8692 18627 25609
25609 8692 18627
18627 8692 25609
21656 27 9508
27 9508 21656
9508 27 21656
15003 1841 4275
1841 4275 15003
4275 1841 15003
9392 8679 26503
26503 8679 9392
8679 9392 26503
7015 10184 19643
19643 7015 10184
10184 7015 19643
16261 4820 17113
4820 16261 17113
17113 4820 16261
82 8922 17977
8922 82 17977
17977 82 8922
263 6788 12295
12295 263 6788
6788 263 12295
17213 14746 27472
14746 17213 27472
27472 14746 17213
27663 16469 23065
23065 16469 27663
16469 23065 27663
3436 23400 27505
27505 3436 23400
23400 3436 27505
9135 10011 23015
10011 9135 23015
23015 9135 10011
29148 3183 18601
18601 3183 29148
3183 18601 29148
29830 257 6995
6995 257 29830
257 6995 29830
2889 11379 29157
11379 2889 29157
29157 2889 11379
15667 6810 9957
6810 9957 15667
9957 6810 15667
29213 13579 22961
13579 22961 29213
22961 13579 29213
25926 9695 23909
9695 23909 25926
23909 9695 25926
20897 7441 13254
7441 13254 20897
13254 7441 20897
12183 12124 29883
12124 12183 29883
29883 12124 12183
27360 11817 23828
23828 11817 27360
11817 23828 27360
19300 2225 12847
2225 12847 19300
12847 2225 19300
15633 2488 16086
16086 2488 15633
2488 15633 16086
18508 2392 29475
2392 18508 29475
29475 2392 18508
4944 6427 8972
8972 4944 6427
6427 4944 8972
6043 8660 16323
8660 6043 16323
16323 6043 8660
24759 8147 23801
23801 8147 24759
8147 23801 24759
28471 9440 10098
9440 10098 28471
10098 9440 28471
12478 7950 11083
11083 7950 12478
7950 11083 12478
10753 4271 11394
11394 4271 10753
4271 10753 11394
7922 25632 29849
29849 7922 25632
25632 7922 29849
23412 6566 20700
6566 20700 23412
20700 6566 23412
3707 15271 21582
21582 3707 15271
15271 3707 21582
15647 15581 17128
15581 15647 17128
17128 15581 15647
8989 18535 25699
25699 8989 18535
18535 8989 25699
7879 17821 18412
17821 7879 18412
18412 7879 17821
28205 10874 17640
17640 10874 28205
10874 17640 28205
15340 21047 24124
21047 15340 24124
24124 15340 21047
15241 6435 13716
6435 13716 15241
13716 6435 15241
2421 10657 21314
21314 2421 10657
10657 2421 21314
17995 1535 8883
8883 1535 17995
1535 8883 17995
27809 2738 13090
13090 2738 27809
2738 13090 27809
12663 20345 25006
25006 12663 20345
20345 12663 25006
10343 305 4643
305 4643 10343
4643 305 10343
7446 2960 4335
2960 4335 7446
4335 2960 7446
28221 23381 28645
23381 28221 28645
28645 23381 28221
17117 15163 29009
15163 17117 29009
29009 15163 17117
27170 23465 25670
25670 23465 27170
23465 25670 27170
18021 3609 27873
3609 18021 27873
27873 3609 18021
17795 6898 10714
6898 10714 17795
10714 6898 17795
13395 2883 11134
11134 2883 13395
2883 11134 13395
29067 13980 24443
13980 24443 29067
24443 13980 29067
721 25149 27123
27123 721 25149
25149 721 27123
13847 16028 29948
16028 13847 29948
29948 13847 16028
27317 2884 13941
2884 13941 27317
13941 2884 27317
4572 11796 28389
28389 4572 11796
11796 4572 28389
1353 6292 21951
6292 1353 21951
21951 1353 6292
8076 1767 3492
3492 1767 8076
1767 3492 8076
25300 5449 24519
5449 24519 25300
24519 5449 25300
27504 22938 26728
22938 26728 27504
26728 22938 27504
9914 19212 28923
28923 9914 19212
19212 9914 28923
25599 18105 21750
21750 18105 25599
18105 21750 25599
16905 2196 21893
2196 16905 21893
21893 2196 16905
22205 12612 15717
12612 15717 22205
15717 12612 22205
70 21001 28815
21001 70 28815
28815 70 21001
20344 3155 19184
19184 3155 20344
3155 19184 20344
498 9794 28166
9794 498 28166
28166 498 9794
21105 17499 22316
17499 21105 22316
22316 17499 21105
14288 3012 26460
26460 3012 14288
3012 14288 26460
4071 13316 16202
13316 4071 16202
16202 4071 13316
1977 2739 3883
2739 1977 3883
3883 1977 2739
26583 16691 28603
28603 16691 26583
16691 26583 28603
10803 24776 28118
24776 10803 28118
28118 10803 24776
1706 14390 26530
14390 1706 26530
26530 1706 14390
18756 8868 9952
8868 9952 18756
9952 8868 18756
19716 18142 24102
24102 18142 19716
18142 19716 24102
24867 26889 28461
26889 24867 28461
28461 24867 26889
19563 18419 19739
19739 18419 19563
18419 19563 19739
19647 2405 2861
2861 2405 19647
2405 2861 19647
7428 5151 13497
13497 5151 7428
5151 7428 13497
4049 19521 28416
28416 4049 19521
19521 4049 28416
29177 27220 27352
27220 27352 29177
27352 27220 29177
12307 1519 4887
1519 4887 12307
4887 1519 12307
12229 27551 27825
27551 12229 27825
27825 12229 27551
19571 913 21706
21706 913 19571
913 19571 21706
13763 18765 28858
28858 13763 18765
18765 13763 28858
22334 1593 10143
10143 1593 22334
1593 10143 22334
28529 14446 26389
14446 26389 28529
26389 14446 28529
15067 8718 27768
27768 8718 15067
8718 15067 27768
20315 18127 18377
18127 18377 20315
18377 18127 20315
4439 15421 24400
15421 4439 24400
24400 4439 15421
13355 14088 23867
23867 13355 14088
14088 13355 23867
26041 19419 28837
28837 19419 26041
19419 26041 28837
8730 8031 14395
8031 8730 14395
14395 8031 8730
21765 723 2591
2591 723 21765
723 2591 21765
319 5834 24202
24202 319 5834
5834 319 24202
2458 1322 15595
1322 2458 15595
15595 1322 2458
24249 7946 17397
7946 17397 24249
17397 7946 24249
6657 12266 21992
12266 6657 21992
21992 6657 12266
2004 10965 13628
13628 2004 10965
10965 2004 13628
14729 10043 14898
10043 14729 14898
14898 10043 14729
21213 12842 17049
17049 12842 21213
12842 17049 21213
12788 5889 27224
5889 12788 27224
27224 5889 12788
17635 2400 28688
28688 2400 17635
2400 17635 28688
15079 15478 17517
17517 15079 15478
15478 15079 17517
13372 1167 22806
22806 1167 13372
1167 13372 22806
10077 17716 19705
17716 10077 19705
19705 10077 17716
28672 3676 14394
14394 3676 28672
3676 14394 28672
24041 1738 10314
10314 1738 24041
1738 10314 24041
4196 3180 20555
3180 4196 20555
20555 3180 4196
20542 11005 29314
29314 11005 20542
11005 20542 29314
9057 6273 11412
6273 9057 11412
11412 6273 9057
27880 20628 20725
20628 20725 27880
20725 20628 27880
14341 8859 10486
8859 10486 14341
10486 8859 14341
1943 5481 24672
5481 1943 24672
24672 1943 5481
7202 3710 9358
9358 3710 7202
3710 7202 9358
28351 12752 21645
12752 21645 28351
21645 12752 28351
21579 10303 22670
22670 10303 21579
10303 21579 22670
13468 1381 18256
18256 1381 13468
1381 13468 18256
25762 20992 23256
20992 23256 25762
23256 20992 25762
9564 25280 29644
25280 9564 29644
29644 9564 25280
24914 16793 19528
16793 19528 24914
19528 16793 24914
17923 14528 21261
14528 17923 21261
21261 14528 17923
20649 21116 29021
29021 20649 21116
21116 20649 29021
13157 12594 18813
12594 13157 18813
18813 12594 13157
11638 4566 7828
7828 4566 11638
4566 7828 11638
787 20939 22467
22467 787 20939
20939 787 22467
4075 1799 4202
1799 4075 4202
4202 1799 4075
2084 7523 15439
15439 2084 7523
7523 2084 15439
24180 21853 22429
21853 22429 24180
22429 21853 24180
5428 6900 16348
16348 5428 6900
6900 5428 16348
17040 1088 12756
12756 1088 17040
1088 12756 17040
6054 204 21642
21642 204 6054
204 6054 21642
15886 7194 25107
25107 7194 15886
7194 15886 25107
6861 10503 20412
10503 6861 20412
20412 6861 10503
3094 19887 24149
19887 3094 24149
24149 3094 19887
11679 8759 27306
8759 11679 27306
27306 8759 11679
5365 26401 27540
27540 5365 26401
26401 5365 27540
7349 17001 26458
26458 7349 17001
17001 7349 26458
24228 7591 14238
14238 7591 24228
7591 14238 24228
27936 8312 22360
8312 22360 27936
22360 8312 27936
26922 9682 9994
9682 9994 26922
9994 9682 26922
12512 5599 14970
14970 5599 12512
5599 12512 14970
6044 1888 16653
1888 6044 16653
16653 1888 6044
16184 277 6852
6852 277 16184
277 6852 16184
22701 6893 24844
6893 22701 24844
24844 6893 22701
11870 5034 29484
5034 11870 29484
29484 5034 11870
14775 21006 29423
21006 14775 29423
29423 14775 21006
28566 11076 15821
11076 15821 28566
15821 11076 28566
9554 11228 13778
11228 9554 13778
13778 9554 11228
5789 18475 29311
29311 5789 18475
18475 5789 29311
5654 2023 11678
2023 5654 11678
11678 2023 5654
8940 22656 29376
22656 8940 29376
29376 8940 22656
10539 2202 22664
22664 2202 10539
2202 10539 22664
3783 16201 20582
16201 3783 20582
20582 3783 16201
14033 1679 2057
1679 2057 14033
2057 1679 14033
6281 17778 29960
29960 6281 17778
17778 6281 29960
25411 18263 19671
18263 19671 25411
19671 18263 25411
22375 21598 26340
26340 21598 22375
21598 22375 26340
6583 3388 5825
5825 3388 6583
3388 5825 6583
4369 8447 21608
8447 4369 21608
21608 4369 8447
97 12684 29927
12684 97 29927
29927 97 12684
26250 6289 6327
6289 6327 26250
6327 6289 26250
5914 1010 16993
1010 5914 16993
16993 1010 5914
7742 2301 3463
2301 3463 7742
3463 2301 7742
8671 14813 25557
14813 8671 25557
25557 8671 14813
14556 1460 21187
21187 1460 14556
1460 14556 21187
29621 3468 26928
3468 26928 29621
26928 3468 29621
15040 2356 23038
2356 15040 23038
23038 2356 15040
14011 10962 26171
10962 14011 26171
26171 10962 14011
23842 6324 20957
6324 20957 23842
20957 6324 23842
7816 1180 12242
12242 1180 7816
1180 7816 12242
14550 3396 12192
3396 12192 14550
12192 3396 14550
24075 12340 28641
28641 12340 24075
12340 24075 28641
17494 13629 20738
13629 17494 20738
20738 13629 17494
21102 16298 23666
16298 21102 23666
23666 16298 21102
13018 1420 12283
1420 12283 13018
12283 1420 13018
14610 6176 16058
6176 14610 16058
16058 6176 14610
4362 8675 22778
22778 4362 8675
8675 4362 22778
3560 2062 9563
2062 3560 9563
9563 2062 3560
17610 13563 19190
19190 13563 17610
13563 17610 19190
1361 8417 17804
8417 1361 17804
17804 1361 8417
10318 10431 14620
14620 10318 10431
10431 10318 14620
4395 14646 15596
14646 4395 15596
15596 4395 14646
24526 8684 20998
20998 8684 24526
8684 20998 24526
12397 11676 14280
14280 11676 12397
11676 12397 14280
11482 8630 20791
20791 8630 11482
8630 11482 20791
26198 21416 26672
26672 21416 26198
21416 26198 26672
12702 16487 16765
16765 12702 16487
16487 12702 16765
13908 6891 9098
9098 6891 13908
6891 9098 13908
23373 10888 18773
18773 10888 23373
10888 18773 23373
22699 8502 20463
8502 20463 22699
20463 8502 22699
442 12636 19493
12636 442 19493
19493 442 12636
21821 3848 10930
10930 3848 21821
3848 10930 21821
18210 12201 16328
12201 16328 18210
16328 12201 18210
26893 161 14428
14428 161 26893
161 14428 26893
6619 18230 25717
25717 6619 18230
18230 6619 25717
6872 9889 27358
27358 6872 9889
9889 6872 27358
23356 7397 9400
9400 7397 23356
7397 9400 23356
11730 9892 28723
9892 11730 28723
28723 9892 11730
1480 4282 29113
29113 1480 4282
4282 1480 29113
19004 10041 29838
10041 19004 29838
29838 10041 19004
5796 2088 14608
14608 2088 5796
2088 5796 14608
7447 609 17978
609 7447 17978
17978 609 7447
4783 13606 27370
27370 4783 13606
13606 4783 27370
8827 2115 3650
2115 3650 8827
3650 2115 8827
2393 7832 11069
11069 2393 7832
7832 2393 11069
587 23434 29934
23434 587 29934
29934 587 23434
14077 8160 18974
8160 14077 18974
18974 8160 14077
9609 1089 12547
12547 1089 9609
1089 9609 12547
14869 18921 28073
28073 14869 18921
18921 14869 28073
14893 10383 27805
27805 10383 14893
10383 14893 27805
5066 7649 10499
10499 5066 7649
7649 5066 10499
5597 15376 24897
15376 5597 24897
24897 5597 15376
13647 26872 29310
29310 13647 26872
26872 13647 29310
27676 9834 28247
28247 9834 27676
9834 27676 28247
20352 7714 24345
7714 20352 24345
24345 7714 20352
5179 16520 22129
16520 5179 22129
22129 5179 16520
7442 12017 25500
25500 7442 12017
12017 7442 25500
9449 1670 9868
1670 9449 9868
9868 1670 9449
15076 16460 24646
16460 15076 24646
24646 15076 16460
24472 5221 9329
9329 5221 24472
5221 9329 24472
22676 10841 27749
10841 22676 27749
27749 10841 22676
27481 12900 16852
16852 12900 27481
12900 16852 27481
26521 7794 13803
7794 13803 26521
13803 7794 26521
7872 13591 20560
13591 7872 20560
20560 7872 13591
13126 4034 18497
4034 13126 18497
18497 4034 13126
26269 12771 12970
12970 12771 26269
12771 12970 26269
4512 15966 26983
15966 4512 26983
26983 4512 15966
3983 2685 3962
3962 2685 3983
2685 3962 3983
15870 4769 9435
9435 4769 15870
4769 9435 15870
2922 17704 24442
24442 2922 17704
17704 2922 24442
27938 4161 21062
21062 4161 27938
4161 21062 27938
6015 11118 17657
11118 6015 17657
17657 6015 11118
25748 11093 16103
11093 16103 25748
16103 11093 25748
12102 4619 9980
4619 9980 12102
9980 4619 12102
11341 13108 26457
26457 11341 13108
13108 11341 26457
9551 18134 22244
22244 9551 18134
18134 9551 22244
18661 23743 29833
23743 18661 29833
29833 18661 23743
26072 26077 29562
29562 26072 26077
26077 26072 29562
4333 20691 23108
23108 4333 20691
20691 4333 23108
11616 15622 24386
24386 11616 15622
15622 11616 24386
18770 15655 18292
18292 15655 18770
15655 18292 18770
20098 2713 6647
6647 2713 20098
2713 6647 20098
17530 16378 29892
29892 16378 17530
16378 17530 29892
10772 5676 11534
5676 10772 11534
11534 5676 10772
29080 12186 22380
22380 12186 29080
12186 22380 29080
12337 12232 18443
12232 12337 18443
18443 12232 12337
23123 3532 26158
3532 23123 26158
26158 3532 23123
14365 11439 28743
11439 14365 28743
28743 11439 14365
13966 12418 16568
12418 13966 16568
16568 12418 13966
14579 12917 27502
27502 12917 14579
12917 14579 27502
25991 8083 18840
8083 18840 25991
