26819 18358 18374
18358 18374 26819
18374 18358 26819
13800 18287 23745
18287 13800 23745
23745 13800 18287
6195 562 13923
562 6195 13923
13923 562 6195
300 15332 22058
22058 300 15332
15332 300 22058
20228 4031 10297
4031 10297 20228
10297 4031 20228
10674 2267 17161
17161 2267 10674
2267 10674 17161
3658 10665 14111
10665 3658 14111
14111 3658 10665
21767 4305 21114
21114 4305 21767
4305 21114 21767
11033 5055 5433
5433 5055 11033
5055 5433 11033
603 13453 28761
13453 603 28761
28761 603 13453
4686 1073 6309
1073 4686 6309
6309 1073 4686
22099 3464 29768
29768 3464 22099
3464 22099 29768
19686 1884 13287
1884 13287 19686
13287 1884 19686
18072 18138 20837
18138 18072 20837
20837 18072 18138
12401 19873 25726
25726 12401 19873
19873 12401 25726
27968 3640 9736
9736 3640 27968
3640 9736 27968
17667 10644 29785
10644 17667 29785
29785 10644 17667
27472 28421 29285
28421 27472 29285
29285 27472 28421
11684 18207 19820
18207 11684 19820
19820 11684 18207
6327 6337 18834
6337 6327 18834
18834 6327 6337
18028 4847 21992
21992 4847 18028
4847 18028 21992
21175 11508 16223
11508 16223 21175
16223 11508 21175
5340 10152 20118
10152 5340 20118
20118 5340 10152
9696 18493 26655
18493 9696 26655
26655 9696 18493
25044 7037 8135
7037 8135 25044
8135 7037 25044
21548 9218 12945
12945 9218 21548
9218 12945 21548
14753 12113 17327
12113 14753 17327
17327 12113 14753
18531 7897 13684
13684 7897 18531
7897 13684 18531
7185 5872 20207
5872 7185 20207
20207 5872 7185
3804 23409 26512
23409 3804 26512
26512 3804 23409
15823 491 9335
9335 491 15823
491 9335 15823
11715 3375 28641
28641 3375 11715
3375 11715 28641
29408 321 25753
25753 321 29408
321 25753 29408
28913 19719 26448
19719 26448 28913
26448 19719 28913
29859 17513 18371
18371 17513 29859
17513 18371 29859
29654 21830 28668
28668 21830 29654
21830 28668 29654
25325 2179 11768
2179 11768 25325
11768 2179 25325
13186 6057 27973
27973 6057 13186
6057 13186 27973
17090 4785 24349
24349 4785 17090
4785 17090 24349
27862 14881 24619
14881 24619 27862
24619 14881 27862
1476 11141 16254
11141 1476 16254
16254 1476 11141
1671 33 18380
18380 33 1671
33 1671 18380
18008 3627 10952
3627 10952 18008
10952 3627 18008
29076 1832 27634
27634 1832 29076
1832 27634 29076
27126 11943 19489
11943 19489 27126
19489 11943 27126
16304 9975 29269
29269 9975 16304
9975 16304 29269
14 18041 22118
22118 14 18041
18041 14 22118
16105 11300 12129
12129 11300 16105
11300 12129 16105
27877 3316 4529
4529 3316 27877
3316 4529 27877
29757 17258 20806
20806 17258 29757
17258 20806 29757
15702 3138 3480
3138 3480 15702
3480 3138 15702
27959 20895 27161
27161 20895 27959
20895 27161 27959
22090 2050 28130
2050 22090 28130
28130 2050 22090
18973 18756 25688
18756 18973 25688
25688 18756 18973
2348 4898 18909
18909 2348 4898
4898 2348 18909
27859 2907 24719
24719 2907 27859
2907 24719 27859
23666 14492 16540
16540 14492 23666
14492 16540 23666
12090 7747 11008
11008 7747 12090
7747 11008 12090
29399 17714 27251
17714 27251 29399
27251 17714 29399
422 6207 26600
26600 422 6207
6207 422 26600
440 9534 10141
10141 440 9534
9534 440 10141
14635 11084 29778
11084 14635 29778
29778 11084 14635
3927 27854 28038
28038 3927 27854
27854 3927 28038
22427 7111 10718
10718 7111 22427
7111 10718 22427
3442 6799 27852
27852 3442 6799
6799 3442 27852
8194 5347 26449
5347 8194 26449
26449 5347 8194
2818 3234 10421
3234 2818 10421
10421 2818 3234
2528 2741 21442
2741 2528 21442
21442 2528 2741
24248 19223 24796
19223 24248 24796
24796 19223 24248
14274 1187 17461
1187 14274 17461
17461 1187 14274
20630 1381 29620
29620 1381 20630
1381 20630 29620
9472 9009 18674
18674 9009 9472
9009 9472 18674
6978 5746 24226
24226 5746 6978
5746 6978 24226
4200 5219 12725
5219 4200 12725
12725 4200 5219
4804 15507 29539
15507 4804 29539
29539 4804 15507
3908 18722 22775
22775 3908 18722
18722 3908 22775
4614 3356 21348
21348 3356 4614
3356 4614 21348
27131 9986 29458
9986 27131 29458
29458 9986 27131
24485 3120 8341
3120 8341 24485
8341 3120 24485
10780 3799 17747
3799 10780 17747
17747 3799 10780
25449 12691 23008
23008 12691 25449
12691 23008 25449
866 464 16162
464 866 16162
16162 464 866
27302 21320 22792
22792 21320 27302
21320 22792 27302
18780 16255 29563
16255 18780 29563
29563 16255 18780
21573 4555 12599
12599 4555 21573
4555 12599 21573
10709 14466 17548
14466 10709 17548
17548 10709 14466
3225 12922 13417
12922 3225 13417
13417 3225 12922
21927 22943 26641
22943 21927 26641
26641 21927 22943
15504 4528 6325
4528 6325 15504
6325 4528 15504
28980 1402 11260
11260 1402 28980
1402 11260 28980
619 10900 12176
10900 619 12176
12176 619 10900
19832 4914 7380
4914 7380 19832
7380 4914 19832
1973 7108 7403
7403 1973 7108
7108 1973 7403
29985 15568 24447
15568 24447 29985
24447 15568 29985
18061 2781 29564
2781 18061 29564
29564 2781 18061
24027 16606 26974
16606 24027 26974
26974 16606 24027
26727 15129 19840
19840 15129 26727
15129 19840 26727
2173 1918 14817
1918 2173 14817
14817 1918 2173
20930 1174 9064
1174 9064 20930
9064 1174 20930
9679 1226 29220
29220 1226 9679
1226 9679 29220
28340 19514 23304
23304 19514 28340
19514 23304 28340
29170 23107 27197
27197 23107 29170
23107 27197 29170
10793 19426 24227
19426 10793 24227
24227 10793 19426
21648 1246 4287
1246 4287 21648
4287 1246 21648
11489 8694 28151
28151 8694 11489
8694 11489 28151
13810 11960 25040
25040 11960 13810
11960 13810 25040
28180 6311 6987
6987 6311 28180
6311 6987 28180
11721 13932 22452
13932 11721 22452
22452 11721 13932
6114 5979 8915
5979 6114 8915
8915 5979 6114
17322 3083 11443
3083 11443 17322
11443 3083 17322
3652 21636 29059
21636 3652 29059
29059 3652 21636
20329 2809 28868
2809 20329 28868
28868 2809 20329
1217 7425 10313
7425 1217 10313
10313 1217 7425
13583 11431 13097
13097 11431 13583
11431 13097 13583
16450 2168 26773
26773 2168 16450
2168 16450 26773
7677 5053 26361
5053 7677 26361
26361 5053 7677
5097 15523 28857
28857 5097 15523
15523 5097 28857
21869 22987 25245
22987 21869 25245
25245 21869 22987
26835 9964 13922
13922 9964 26835
9964 13922 26835
15925 6047 6461
6461 6047 15925
6047 6461 15925
5447 9056 11730
9056 5447 11730
11730 5447 9056
3774 2128 11570
2128 3774 11570
11570 2128 3774
16579 2097 25585
25585 2097 16579
2097 16579 25585
6848 6662 10901
10901 6662 6848
6662 6848 10901
10192 13849 26614
13849 10192 26614
26614 10192 13849
4101 16929 28812
28812 4101 16929
16929 4101 28812
17559 7874 27469
7874 17559 27469
27469 7874 17559
4967 3575 13227
13227 3575 4967
3575 4967 13227
5057 19012 21089
19012 5057 21089
21089 5057 19012
28478 6111 7622
7622 6111 28478
6111 7622 28478
26838 5013 18297
5013 18297 26838
18297 5013 26838
8764 5218 24276
24276 5218 8764
5218 8764 24276
24715 2859 11712
11712 2859 24715
2859 11712 24715
10161 19416 24962
19416 10161 24962
24962 10161 19416
24533 23253 23716
23253 23716 24533
23716 23253 24533
8456 1774 10086
10086 1774 8456
1774 8456 10086
9797 1730 6936
1730 6936 9797
6936 1730 9797
23522 13345 20007
20007 13345 23522
13345 20007 23522
534 334 26962
26962 334 534
334 534 26962
17893 1272 12527
12527 1272 17893
1272 12527 17893
17330 11751 21851
21851 11751 17330
11751 17330 21851
3767 9554 27974
9554 3767 27974
27974 3767 9554
25786 16052 28663
28663 16052 25786
16052 25786 28663
24191 21957 26504
26504 21957 24191
21957 24191 26504
6018 20556 23576
20556 6018 23576
23576 6018 20556
28598 8759 9579
9579 8759 28598
8759 9579 28598
26849 3968 28721
3968 26849 28721
28721 3968 26849
18778 14301 22265
14301 18778 22265
22265 14301 18778
5463 15179 19818
15179 5463 19818
19818 5463 15179
13934 19217 24525
19217 13934 24525
24525 13934 19217
4418 1599 17789
17789 1599 4418
1599 4418 17789
24541 11036 20248
11036 20248 24541
20248 11036 24541
10287 11433 20308
11433 10287 20308
20308 10287 11433
551 5346 16349
16349 551 5346
5346 551 16349
22286 3793 19907
19907 3793 22286
3793 19907 22286
5863 5003 17017
17017 5003 5863
5003 5863 17017
18992 3432 11480
3432 11480 18992
11480 3432 18992
28852 12197 19505
12197 19505 28852
19505 12197 28852
1895 19532 27732
27732 1895 19532
19532 1895 27732
19598 357 24544
24544 357 19598
357 19598 24544
22670 1660 7797
1660 7797 22670
7797 1660 22670
1786 17364 22590
17364 1786 22590
22590 1786 17364
1145 2256 25301
25301 1145 2256
2256 1145 25301
5010 5259 15983
5259 5010 15983
15983 5010 5259
1119 13538 18070
18070 1119 13538
13538 1119 18070
6003 10682 18170
10682 6003 18170
18170 6003 10682
7231 22016 28182
22016 7231 28182
28182 7231 22016
27765 7774 29028
29028 7774 27765
7774 27765 29028
7243 2970 22000
22000 2970 7243
2970 7243 22000
2581 4508 10786
4508 2581 10786
10786 2581 4508
12333 5655 15243
5655 12333 15243
15243 5655 12333
2719 617 18814
617 2719 18814
18814 617 2719
11999 8806 26392
8806 11999 26392
26392 8806 11999
4159 20091 27201
20091 4159 27201
27201 4159 20091
6839 12152 18997
12152 6839 18997
18997 6839 12152
23657 8951 27445
27445 8951 23657
8951 23657 27445
14234 1787 4900
4900 1787 14234
1787 4900 14234
18213 21947 25061
25061 18213 21947
21947 18213 25061
26531 4828 9824
9824 4828 26531
4828 9824 26531
27633 14541 27468
14541 27468 27633
27468 14541 27633
420 5836 28433
28433 420 5836
5836 420 28433
4209 5426 21467
5426 4209 21467
21467 4209 5426
27277 747 4416
4416 747 27277
747 4416 27277
25762 3368 10694
3368 10694 25762
10694 3368 25762
6350 7505 18107
7505 6350 18107
18107 6350 7505
14241 12223 15775
12223 14241 15775
15775 12223 14241
508 1839 29777
1839 508 29777
29777 508 1839
2456 12298 16140
12298 2456 16140
16140 2456 12298
26166 15178 18526
15178 18526 26166
18526 15178 26166
15620 27613 28024
28024 15620 27613
27613 15620 28024
8701 14043 28313
14043 8701 28313
28313 8701 14043
27667 22515 28520
22515 27667 28520
28520 22515 27667
29489 13221 20954
20954 13221 29489
13221 20954 29489
7457 26723 28410
28410 7457 26723
26723 7457 28410
9526 7292 13188
13188 7292 9526
7292 9526 13188
9189 19791 24587
19791 9189 24587
24587 9189 19791
6793 4524 24561
24561 4524 6793
4524 6793 24561
13838 8774 22991
22991 8774 13838
8774 13838 22991
24290 11376 19361
19361 11376 24290
11376 19361 24290
20679 9833 10871
10871 9833 20679
9833 10871 20679
19920 25345 27148
27148 19920 25345
25345 19920 27148
5809 20616 24779
24779 5809 20616
20616 5809 24779
27114 14177 23080
23080 14177 27114
14177 23080 27114
29409 1113 21141
1113 21141 29409
21141 1113 29409
5996 10813 25552
10813 5996 25552
25552 5996 10813
18338 4795 9582
9582 4795 18338
4795 9582 18338
10337 2226 22320
2226 10337 22320
22320 2226 10337
13049 13939 22776
13939 13049 22776
22776 13049 13939
3518 20429 26031
26031 3518 20429
20429 3518 26031
19300 22548 25206
22548 19300 25206
25206 19300 22548
2328 21380 22597
21380 2328 22597
22597 2328 21380
19503 15649 17969
15649 17969 19503
17969 15649 19503
23558 18802 27897
18802 23558 27897
27897 18802 23558
27282 17058 28824
28824 17058 27282
17058 27282 28824
4760 2978 28062
28062 2978 4760
2978 4760 28062
20272 9098 26082
9098 20272 26082
26082 9098 20272
2560 22367 24846
24846 2560 22367
22367 2560 24846
9604 13679 16312
16312 9604 13679
13679 9604 16312
7708 2542 23653
23653 2542 7708
2542 7708 23653
18427 4764 19529
4764 18427 19529
19529 4764 18427
26642 10334 21748
10334 21748 26642
21748 10334 26642
19747 18261 20343
18261 19747 20343
20343 18261 19747
10398 3023 5373
5373 3023 10398
3023 5373 10398
27074 7441 8204
7441 8204 27074
8204 7441 27074
25839 507 3040
3040 507 25839
507 3040 25839
27354 497 12659
12659 497 27354
497 12659 27354
11045 11497 12629
11497 11045 12629
12629 11045 11497
9602 20342 28200
28200 9602 20342
20342 9602 28200
11495 14659 22345
22345 11495 14659
14659 11495 22345
16720 25920 29503
29503 16720 25920
25920 16720 29503
28627 3807 10642
10642 3807 28627
3807 10642 28627
14092 1299 6788
1299 6788 14092
6788 1299 14092
25526 18258 27171
18258 25526 27171
27171 18258 25526
10507 2737 6140
6140 2737 10507
2737 6140 10507
12328 5687 15069
15069 5687 12328
5687 12328 15069
15164 89 16407
16407 89 15164
89 15164 16407
19746 21939 29103
29103 19746 21939
21939 19746 29103
18507 10655 19824
19824 10655 18507
10655 18507 19824
11290 10443 11546
11546 10443 11290
10443 11290 11546
11504 5072 7559
5072 7559 11504
7559 5072 11504
3363 9170 20816
9170 3363 20816
20816 3363 9170
8271 16745 26293
26293 8271 16745
16745 8271 26293
8689 15516 24765
24765 8689 15516
15516 8689 24765
12088 3666 12004
3666 12004 12088
12004 3666 12088
24232 13140 15061
15061 13140 24232
13140 15061 24232
17050 6486 10426
6486 10426 17050
10426 6486 17050
14942 12398 23133
23133 12398 14942
12398 14942 23133
11182 20797 21220
20797 11182 21220
21220 11182 20797
26437 14762 29251
14762 26437 29251
29251 14762 26437
19717 3151 28745
28745 3151 19717
3151 19717 28745
12957 21330 22293
22293 12957 21330
21330 12957 22293
9777 8673 11865
8673 9777 11865
11865 8673 9777
22467 5518 20893
5518 20893 22467
20893 5518 22467
28960 7881 9580
9580 7881 28960
7881 9580 28960
9769 9586 18779
18779 9586 9769
9586 9769 18779
1165 10620 27357
27357 1165 10620
10620 1165 27357
8710 10576 15002
15002 8710 10576
10576 8710 15002
6659 18897 22700
22700 6659 18897
18897 6659 22700
20858 12046 17522
17522 12046 20858
12046 17522 20858
2915 3865 25058
25058 2915 3865
3865 2915 25058
23561 4908 17718
17718 4908 23561
4908 17718 23561
4954 4478 20282
4478 4954 20282
20282 4478 4954
11095 14151 14676
14151 11095 14676
14676 11095 14151
5042 7777 17494
7777 5042 17494
17494 5042 7777
16093 15306 20589
15306 16093 20589
20589 15306 16093
5864 4959 23646
4959 5864 23646
23646 4959 5864
21815 5674 26306
5674 21815 26306
26306 5674 21815
11732 16320 18503
18503 11732 16320
16320 11732 18503
26891 14137 25074
25074 14137 26891
14137 25074 26891
25124 23499 29508
23499 25124 29508
29508 23499 25124
4657 9309 16924
16924 4657 9309
9309 4657 16924
22403 16698 24790
24790 16698 22403
16698 22403 24790
26726 3881 17035
17035 3881 26726
3881 17035 26726
20113 7951 7966
7951 7966 20113
7966 7951 20113
25934 10560 22941
10560 22941 25934
22941 10560 25934
12441 22986 26058
22986 12441 26058
26058 12441 22986
19274 12206 23677
12206 19274 23677
23677 12206 19274
6773 1705 23189
1705 6773 23189
23189 1705 6773
24327 7795 25223
7795 24327 25223
25223 7795 24327
9607 279 5700
5700 279 9607
279 5700 9607
19705 6812 23126
6812 19705 23126
23126 6812 19705
26239 20663 21906
20663 21906 26239
21906 20663 26239
19028 26037 26966
26966 19028 26037
26037 19028 26966
20662 336 1508
336 1508 20662
1508 336 20662
27602 5191 23441
5191 23441 27602
23441 5191 27602
11556 7837 19348
7837 11556 19348
19348 7837 11556
27910 9808 11673
9808 11673 27910
11673 9808 27910
2311 13710 27851
13710 2311 27851
27851 2311 13710
14141 12435 28212
28212 12435 14141
12435 14141 28212
1877 6542 27874
27874 1877 6542
6542 1877 27874
13403 7875 20178
7875 13403 20178
20178 7875 13403
2963 24934 29837
24934 2963 29837
29837 2963 24934
8782 6766 23271
23271 6766 8782
6766 8782 23271
21507 7301 18689
7301 18689 21507
18689 7301 21507
14662 4803 19222
4803 14662 19222
19222 4803 14662
1553 8434 15647
15647 1553 8434
8434 1553 15647
1485 1251 8752
1251 1485 8752
8752 1251 1485
20864 6081 13792
6081 13792 20864
13792 6081 20864
579 11954 16392
11954 579 16392
16392 579 11954
26918 11430 12011
11430 12011 26918
12011 11430 26918
25022 5678 12742
5678 12742 25022
12742 5678 25022
18612 14396 29831
29831 14396 18612
14396 18612 29831
18323 61 746
746 61 18323
61 746 18323
16945 18806 20056
20056 16945 18806
18806 16945 20056
8938 11741 17960
17960 8938 11741
11741 8938 17960
6452 17323 23208
17323 6452 23208
23208 6452 17323
14729 13028 21866
13028 14729 21866
21866 13028 14729
6317 10137 25686
10137 6317 25686
25686 6317 10137
1124 13936 24175
24175 1124 13936
13936 1124 24175
5988 472 1875
1875 472 5988
472 1875 5988
29182 26137 26426
26137 26426 29182
26426 26137 29182
17653 7461 24354
7461 17653 24354
24354 7461 17653
401 4586 15563
15563 401 4586
4586 401 15563
23113 2446 3100
2446 3100 23113
3100 2446 23113
5718 380 2262
380 2262 5718
2262 380 5718
7765 4108 4256
4108 4256 7765
4256 4108 7765
20804 16528 26903
16528 20804 26903
26903 16528 20804
29218 272 5220
5220 272 29218
272 5220 29218
1720 24025 28805
24025 1720 28805
28805 1720 24025
20 7406 17458
17458 20 7406
7406 20 17458
15851 9800 23796
23796 9800 15851
9800 15851 23796
28233 736 6272
736 6272 28233
6272 736 28233
24475 11205 11519
11205 11519 24475
11519 11205 24475
9612 17852 18829
17852 9612 18829
18829 9612 17852
2395 21378 23570
23570 2395 21378
21378 2395 23570
6686 14722 24927
14722 6686 24927
24927 6686 14722
23614 5204 12154
12154 5204 23614
5204 12154 23614
24295 4473 4658
4473 4658 24295
4658 4473 24295
5047 16803 23766
23766 5047 16803
16803 5047 23766
6688 9450 12754
9450 6688 12754
12754 6688 9450
14931 4672 13786
4672 13786 14931
13786 4672 14931
1224 24563 28161
24563 1224 28161
28161 1224 24563
16680 6644 21827
6644 16680 21827
21827 6644 16680
25801 11388 21949
11388 21949 25801
21949 11388 25801
29527 64 12479
12479 64 29527
64 12479 29527
1359 13721 13766
13766 1359 13721
13721 1359 13766
11625 6521 28958
6521 11625 28958
28958 6521 11625
22798 14008 18552
14008 18552 22798
18552 14008 22798
27603 1747 27033
1747 27033 27603
27033 1747 27603
9298 6310 11250
6310 9298 11250
11250 6310 9298
12180 13107 17818
17818 12180 13107
13107 12180 17818
12243 17373 21639
21639 12243 17373
17373 12243 21639
7035 19959 22710
19959 7035 22710
22710 7035 19959
15816 704 4230
4230 704 15816
704 4230 15816
28221 7079 25313
7079 25313 28221
25313 7079 28221
25579 24864 28509
24864 25579 28509
28509 24864 25579
28326 10466 29395
29395 10466 28326
10466 28326 29395
10201 10475 11281
10475 10201 11281
11281 10201 10475
1654 48 8150
8150 48 1654
48 1654 8150
9254 7084 12080
7084 9254 12080
12080 7084 9254
13789 7895 29276
7895 13789 29276
29276 7895 13789
10914 7834 12704
7834 10914 12704
12704 7834 10914
15055 9251 14145
14145 9251 15055
9251 14145 15055
23621 27099 29457
29457 23621 27099
27099 23621 29457
14425 3683 29530
29530 3683 14425
3683 14425 29530
19528 3434 3618
3434 3618 19528
3618 3434 19528
29066 4110 29293
4110 29066 29293
29293 4110 29066
25499 10193 23377
10193 23377 25499
23377 10193 25499
20843 7319 11809
7319 11809 20843
11809 7319 20843
13890 4389 11509
11509 4389 13890
4389 11509 13890
2273 16897 27127
27127 2273 16897
16897 2273 27127
25211 1801 13911
13911 1801 25211
1801 13911 25211
27674 10373 11156
10373 11156 27674
11156 10373 27674
6958 17044 29398
29398 6958 17044
17044 6958 29398
4920 14574 28070
14574 4920 28070
28070 4920 14574
27550 1120 12173
1120 12173 27550
12173 1120 27550
19715 18214 22424
22424 18214 19715
18214 19715 22424
19236 4625 10586
10586 4625 19236
4625 10586 19236
24567 2779 17331
2779 17331 24567
17331 2779 24567
3608 14476 15957
14476 3608 15957
15957 3608 14476
15230 2502 4486
2502 4486 15230
4486 2502 15230
15253 8702 16476
16476 8702 15253
8702 15253 16476
18459 13164 16335
16335 13164 18459
13164 16335 18459
18422 17929 21195
17929 18422 21195
21195 17929 18422
8772 10653 29876
29876 8772 10653
10653 8772 29876
22505 4192 23859
23859 4192 22505
4192 22505 23859
11882 25675 29214
25675 11882 29214
29214 11882 25675
3718 1133 28580
28580 1133 3718
1133 3718 28580
28202 21146 24181
21146 24181 28202
24181 21146 28202
14831 9374 10446
10446 9374 14831
9374 10446 14831
20516 3310 12711
12711 3310 20516
3310 12711 20516
15424 20082 25757
25757 15424 20082
20082 15424 25757
28637 15978 25428
25428 15978 28637
15978 25428 28637
17696 3180 13840
3180 13840 17696
13840 3180 17696
24446 6877 16247
6877 16247 24446
16247 6877 24446
16061 7886 21414
21414 7886 16061
7886 16061 21414
26943 21184 26503
21184 26503 26943
26503 21184 26943
632 12254 13625
13625 632 12254
12254 632 13625
11858 3299 5388
3299 5388 11858
5388 3299 11858
11013 4459 22869
4459 11013 22869
22869 4459 11013
14996 22443 26743
26743 14996 22443
22443 14996 26743
22188 13229 27789
13229 22188 27789
27789 13229 22188
2708 3606 11947
11947 2708 3606
3606 2708 11947
23935 4626 20646
4626 20646 23935
20646 4626 23935
8832 20660 26617
20660 8832 26617
26617 8832 20660
29891 3866 28355
3866 28355 29891
28355 3866 29891
27611 4239 25102
4239 25102 27611
25102 4239 27611
2928 18962 21871
21871 2928 18962
18962 2928 21871
24624 5110 14626
14626 5110 24624
5110 14626 24624
21561 2750 16107
16107 2750 21561
2750 16107 21561
29482 21028 23647
23647 21028 29482
21028 23647 29482
5256 1782 20127
20127 1782 5256
1782 5256 20127
10969 7228 12372
12372 7228 10969
7228 10969 12372
8273 5677 16497
16497 5677 8273
5677 8273 16497
2884 10364 16381
16381 2884 10364
10364 2884 16381
21683 10293 13454
13454 10293 21683
10293 13454 21683
9950 11630 12912
11630 9950 12912
12912 9950 11630
29640 20084 20222
20084 20222 29640
20222 20084 29640
9266 4489 23497
4489 9266 23497
23497 4489 9266
9768 24979 29570
24979 9768 29570
29570 9768 24979
19695 15643 27393
27393 15643 19695
15643 19695 27393
21470 17578 19173
17578 19173 21470
19173 17578 21470
7342 4352 15082
15082 4352 7342
4352 7342 15082
15413 2162 10355
2162 10355 15413
10355 2162 15413
13395 6284 26223
6284 13395 26223
26223 6284 13395
16508 5142 14029
5142 14029 16508
14029 5142 16508
13415 878 28017
28017 878 13415
878 13415 28017
29673 1577 2486
1577 2486 29673
2486 1577 29673
13930 3391 12985
12985 3391 13930
3391 12985 13930
6139 8816 20371
8816 6139 20371
20371 6139 8816
22471 16216 17379
16216 17379 22471
17379 16216 22471
4145 5351 24358
24358 4145 5351
5351 4145 24358
10204 15327 17558
17558 10204 15327
15327 10204 17558
3877 3220 23911
23911 3220 3877
3220 3877 23911
18201 5254 20185
5254 18201 20185
20185 5254 18201
20695 3886 29700
3886 20695 29700
29700 3886 20695
7684 12787 28197
12787 7684 28197
28197 7684 12787
10418 17856 20866
17856 10418 20866
20866 10418 17856
23264 9972 16700
16700 9972 23264
9972 16700 23264
18259 28465 28495
28465 18259 28495
28495 18259 28465
22460 17210 28772
17210 22460 28772
28772 17210 22460
17872 10864 17146
17146 10864 17872
10864 17146 17872
17337 18724 21058
21058 17337 18724
18724 17337 21058
7686 1823 16820
1823 7686 16820
16820 1823 7686
24270 5429 27507
27507 5429 24270
5429 24270 27507
28792 2794 20701
2794 20701 28792
20701 2794 28792
6026 1725 29038
1725 6026 29038
29038 1725 6026
2540 4124 25991
25991 2540 4124
4124 2540 25991
10244 8644 15211
8644 10244 15211
15211 8644 10244
26322 10981 19934
19934 10981 26322
10981 19934 26322
1883 16389 23084
16389 1883 23084
23084 1883 16389
28767 631 22087
631 22087 28767
22087 631 28767
8448 1008 7089
7089 1008 8448
1008 7089 8448
22638 11818 28323
28323 11818 22638
11818 22638 28323
27999 15133 16961
16961 15133 27999
15133 16961 27999
25488 6932 10184
6932 10184 25488
10184 6932 25488
24493 2894 18850
2894 18850 24493
18850 2894 24493
21870 108 20969
108 20969 21870
20969 108 21870
18270 8791 29517
8791 18270 29517
29517 8791 18270
20353 3127 29501
29501 3127 20353
3127 20353 29501
18672 17521 29064
17521 18672 29064
29064 17521 18672
20077 19766 21657
19766 20077 21657
21657 19766 20077
11620 7016 28640
28640 7016 11620
7016 11620 28640
858 7004 9239
9239 858 7004
7004 858 9239
20618 2868 11333
2868 11333 20618
11333 2868 20618
26609 4981 27423
4981 26609 27423
27423 4981 26609
7271 22508 24483
24483 7271 22508
22508 7271 24483
4629 25 5856
25 4629 5856
5856 25 4629
28950 25035 28948
28948 25035 28950
25035 28948 28950
16910 716 8107
716 8107 16910
8107 716 16910
10181 13602 14677
14677 10181 13602
13602 10181 14677
14532 3175 7136
3175 7136 14532
7136 3175 14532
21130 9668 21398
9668 21130 21398
21398 9668 21130
25315 11271 12609
12609 11271 25315
11271 12609 25315
5873 6555 19198
6555 5873 19198
19198 5873 6555
662 3814 12534
12534 662 3814
3814 662 12534
1837 2447 13956
13956 1837 2447
2447 1837 13956
7926 4585 22273
22273 4585 7926
4585 7926 22273
24741 9642 20835
9642 20835 24741
20835 9642 24741
11107 1062 27936
27936 1062 11107
1062 11107 27936
21612 14806 23162
14806 21612 23162
23162 14806 21612
23463 22718 29173
22718 23463 29173
29173 22718 23463
575 6306 12749
6306 575 12749
12749 575 6306
29468 2702 15804
2702 15804 29468
15804 2702 29468
9555 8004 15406
8004 9555 15406
15406 8004 9555
22653 19447 25094
25094 19447 22653
19447 22653 25094
23515 5243 26639
5243 23515 26639
26639 5243 23515
15660 18794 27256
27256 15660 18794
18794 15660 27256
6601 3553 20035
3553 6601 20035
20035 3553 6601
5548 1412 15139
1412 5548 15139
15139 1412 5548
10791 29432 29970
29970 10791 29432
29432 10791 29970
11218 10535 12253
10535 11218 12253
12253 10535 11218
1288 10883 12586
10883 1288 12586
12586 1288 10883
1228 13435 26587
26587 1228 13435
13435 1228 26587
4775 6303 26606
6303 4775 26606
26606 4775 6303
1405 6032 22825
6032 1405 22825
22825 1405 6032
14253 15120 29783
15120 14253 29783
29783 14253 15120
7413 14098 19373
14098 7413 19373
19373 7413 14098
22711 11894 29084
29084 11894 22711
11894 22711 29084
4812 25232 28662
28662 4812 25232
25232 4812 28662
26779 6511 14678
14678 6511 26779
6511 14678 26779
13342 10916 17346
17346 10916 13342
10916 13342 17346
17815 9962 23898
23898 9962 17815
9962 17815 23898
21529 16729 28710
16729 21529 28710
28710 16729 21529
28201 5763 11574
11574 5763 28201
5763 11574 28201
19232 5903 20171
5903 19232 20171
20171 5903 19232
9903 6276 25308
25308 6276 9903
6276 9903 25308
29109 1472 19317
1472 19317 29109
19317 1472 29109
21734 2222 13582
13582 2222 21734
2222 13582 21734
24328 26764 28440
28440 24328 26764
26764 24328 28440
21839 8598 11987
11987 8598 21839
8598 11987 21839
10461 56 15501
15501 56 10461
56 10461 15501
18858 7087 14159
7087 14159 18858
14159 7087 18858
7253 11139 19511
11139 7253 19511
19511 7253 11139
19330 2780 27610
27610 2780 19330
2780 19330 27610
6703 1862 4169
4169 1862 6703
1862 4169 6703
23735 5206 12674
5206 12674 23735
12674 5206 23735
26350 10552 18110
18110 10552 26350
10552 18110 26350
6510 8032 11232
8032 6510 11232
11232 6510 8032
15013 6459 29849
29849 6459 15013
6459 15013 29849
6148 13023 19548
19548 6148 13023
13023 6148 19548
14285 877 23878
877 14285 23878
23878 877 14285
12652 2235 25919
25919 2235 12652
2235 12652 25919
27604 14367 27843
27843 14367 27604
14367 27604 27843
25390 1527 20735
1527 20735 25390
20735 1527 25390
12795 19545 24702
24702 12795 19545
19545 12795 24702
14036 1864 21848
21848 1864 14036
1864 14036 21848
16128 21342 23446
21342 16128 23446
23446 16128 21342
22256 16612 19049
16612 19049 22256
19049 16612 22256
17136 25517 27034
27034 17136 25517
25517 17136 27034
9425 4189 28750
28750 4189 9425
4189 9425 28750
18631 11866 13200
13200 11866 18631
11866 13200 18631
26417 60 23824
60 23824 26417
23824 60 26417
24401 20058 21007
21007 20058 24401
20058 21007 24401
19844 5444 27104
27104 5444 19844
5444 19844 27104
9263 14067 19658
19658 9263 14067
14067 9263 19658
24261 5266 29525
5266 24261 29525
29525 5266 24261
4977 12155 24875
24875 4977 12155
12155 4977 24875
22153 13407 14692
13407 14692 22153
14692 13407 22153
8492 431 25648
25648 431 8492
431 8492 25648
597 8596 14609
14609 597 8596
8596 597 14609
1092 20755 25069
20755 1092 25069
25069 1092 20755
9086 7349 18240
18240 7349 9086
7349 9086 18240
16001 6277 18324
18324 6277 16001
6277 16001 18324
2933 6911 19134
19134 2933 6911
6911 2933 19134
3805 16640 24897
24897 3805 16640
16640 3805 24897
15372 4364 16315
16315 4364 15372
4364 15372 16315
22739 5570 12800
5570 12800 22739
12800 5570 22739
15099 3343 10154
3343 10154 15099
10154 3343 15099
2357 14249 27164
27164 2357 14249
14249 2357 27164
21616 7614 21221
21221 7614 21616
7614 21221 21616
5491 221 28890
221 5491 28890
28890 221 5491
8246 6372 16970
16970 6372 8246
6372 8246 16970
8058 12281 24839
12281 8058 24839
24839 8058 12281
2169 311 6813
6813 311 2169
311 2169 6813
1710 14180 25098
14180 1710 25098
25098 1710 14180
22338 12368 23631
23631 12368 22338
12368 22338 23631
15438 10304 22199
10304 15438 22199
22199 10304 15438
11506 1811 16066
16066 1811 11506
1811 11506 16066
8943 8050 8337
8050 8337 8943
8337 8050 8943
13356 4631 7901
7901 4631 13356
4631 7901 13356
18715 782 5174
5174 782 18715
782 5174 18715
26571 372 8716
8716 372 26571
372 8716 26571
25581 3672 14723
14723 3672 25581
3672 14723 25581
24398 15648 21721
21721 15648 24398
15648 21721 24398
25426 22658 29738
29738 22658 25426
22658 25426 29738
12551 2958 16805
16805 2958 12551
2958 12551 16805
21817 10645 23243
10645 21817 23243
23243 10645 21817
9802 3145 7626
3145 7626 9802
7626 3145 9802
11737 8556 16695
8556 11737 16695
16695 8556 11737
131 18303 20798
18303 131 20798
20798 131 18303
11963 16556 25727
25727 11963 16556
16556 11963 25727
22723 5854 11853
5854 11853 22723
11853 5854 22723
2033 13170 21063
21063 2033 13170
13170 2033 21063
11128 19569 19919
19569 11128 19919
19919 11128 19569
10866 9707 28586
28586 9707 10866
9707 10866 28586
9904 2017 26762
2017 9904 26762
26762 2017 9904
15415 14553 22457
22457 14553 15415
14553 15415 22457
28574 5143 14784
5143 14784 28574
14784 5143 28574
17862 185 21525
185 17862 21525
21525 185 17862
16807 517 7996
7996 517 16807
517 7996 16807
1077 347 1480
1480 347 1077
347 1077 1480
5622 5261 21051
21051 5261 5622
5261 5622 21051
14569 1482 12492
1482 12492 14569
12492 1482 14569
2977 10657 28988
28988 2977 10657
10657 2977 28988
25594 18994 29893
29893 18994 25594
18994 25594 29893
25683 19531 28766
19531 25683 28766
28766 19531 25683
23630 26020 26125
26020 23630 26125
26125 23630 26020
15470 20388 28464
28464 15470 20388
20388 15470 28464
28299 16230 28583
28583 16230 28299
16230 28299 28583
23609 5961 29417
5961 23609 29417
29417 5961 23609
16936 12761 24284
12761 16936 24284
24284 12761 16936
28343 26288 27797
26288 27797 28343
27797 26288 28343
5715 17436 22211
17436 5715 22211
22211 5715 17436
1170 19839 26388
26388 1170 19839
19839 1170 26388
29971 3155 24940
3155 24940 29971
24940 3155 29971
17227 436 24531
436 17227 24531
24531 436 17227
24575 13003 26960
26960 13003 24575
13003 24575 26960
13807 17828 19565
19565 13807 17828
17828 13807 19565
14052 4167 12878
4167 12878 14052
12878 4167 14052
1739 16409 27526
27526 1739 16409
16409 1739 27526
29101 206 27090
206 27090 29101
27090 206 29101
25278 19967 22113
19967 22113 25278
22113 19967 25278
25134 15612 24809
24809 15612 25134
15612 24809 25134
22481 3843 12471
3843 12471 22481
12471 3843 22481
9603 3229 25083
25083 3229 9603
3229 9603 25083
3259 6233 28874
6233 3259 28874
28874 3259 6233
13334 14228 19523
19523 13334 14228
14228 13334 19523
12518 6723 19886
6723 12518 19886
19886 6723 12518
21510 5514 17281
5514 17281 21510
17281 5514 21510
22249 21877 25031
25031 21877 22249
21877 22249 25031
14917 810 2661
2661 810 14917
810 2661 14917
13848 8652 18632
8652 13848 18632
18632 8652 13848
20332 19519 21551
19519 20332 21551
21551 19519 20332
19087 4100 7947
4100 7947 19087
7947 4100 19087
16673 2345 20984
2345 16673 20984
20984 2345 16673
15926 2594 16888
16888 2594 15926
2594 15926 16888
19168 22291 24355
22291 19168 24355
24355 19168 22291
8266 8285 25370
25370 8266 8285
8285 8266 25370
13433 6523 7511
7511 6523 13433
6523 7511 13433
20274 2429 8033
8033 2429 20274
2429 8033 20274
5603 10375 20883
20883 5603 10375
10375 5603 20883
11989 15285 16575
16575 11989 15285
15285 11989 16575
53 3737 29335
29335 53 3737
3737 53 29335
20189 9743 25006
25006 9743 20189
9743 20189 25006
7781 20885 27471
20885 7781 27471
27471 7781 20885
573 925 23592
925 573 23592
23592 573 925
4143 15202 26608
26608 4143 15202
15202 4143 26608
10431 2240 29509
2240 10431 29509
29509 2240 10431
18587 8712 10537
8712 10537 18587
10537 8712 18587
3655 10269 12277
10269 3655 12277
12277 3655 10269
14019 18254 23057
23057 14019 18254
18254 14019 23057
12633 1273 27666
1273 12633 27666
27666 1273 12633
10937 22255 29793
22255 10937 29793
29793 10937 22255
17119 8760 9997
9997 8760 17119
8760 9997 17119
1222 771 6894
771 1222 6894
6894 771 1222
12455 126 139
126 139 12455
139 126 12455
24168 14341 27152
27152 14341 24168
14341 24168 27152
21598 24477 27501
27501 21598 24477
24477 21598 27501
14619 21376 22207
22207 14619 21376
21376 14619 22207
25273 2987 8254
2987 8254 25273
8254 2987 25273
18439 5751 24977
5751 18439 24977
24977 5751 18439
1605 16995 23151
16995 1605 23151
23151 1605 16995
11607 18007 22181
22181 11607 18007
18007 11607 22181
14471 7265 13226
13226 7265 14471
7265 13226 14471
22657 10874 28806
28806 10874 22657
10874 22657 28806
15889 813 15839
813 15839 15889
15839 813 15889
28922 21688 22565
21688 22565 28922
22565 21688 28922
5909 49 14030
14030 49 5909
49 5909 14030
22347 4946 11133
4946 11133 22347
11133 4946 22347
980 13516 17419
13516 980 17419
17419 980 13516
7785 18525 26083
26083 7785 18525
18525 7785 26083
23884 5713 24053
5713 23884 24053
24053 5713 23884
11548 8974 17990
8974 11548 17990
17990 8974 11548
28715 12075 25853
12075 25853 28715
25853 12075 28715
23556 18772 20869
18772 20869 23556
20869 18772 23556
4925 5111 5226
5226 4925 5111
5111 4925 5226
1373 11802 20192
20192 1373 11802
11802 1373 20192
5569 563 7029
563 5569 7029
7029 563 5569
5046 15667 24954
24954 5046 15667
15667 5046 24954
24196 10387 17511
10387 17511 24196
17511 10387 24196
9379 16426 19298
19298 9379 16426
16426 9379 19298
29666 19397 24551
24551 19397 29666
19397 24551 29666
5323 777 12136
777 5323 12136
12136 777 5323
24445 19517 28474
28474 19517 24445
19517 24445 28474
28231 15161 17774
17774 15161 28231
15161 17774 28231
16840 21714 27691
21714 16840 27691
27691 16840 21714
12060 15998 28777
15998 12060 28777
28777 12060 15998
14646 21465 24688
24688 14646 21465
21465 14646 24688
27570 28786 29662
28786 27570 29662
29662 27570 28786
9546 1196 24726
24726 1196 9546
1196 9546 24726
9585 18299 26650
26650 9585 18299
18299 9585 26650
29660 9704 20644
9704 20644 29660
20644 9704 29660
38 12498 28602
12498 38 28602
28602 38 12498
23686 5509 26133
26133 5509 23686
5509 23686 26133
16546 3468 4232
3468 4232 16546
4232 3468 16546
6499 14398 20799
20799 6499 14398
14398 6499 20799
17983 784 16377
784 16377 17983
16377 784 17983
7279 18033 22732
22732 7279 18033
18033 7279 22732
16923 16867 19380
19380 16867 16923
16867 16923 19380
24488 16104 16947
16947 16104 24488
16104 16947 24488
26997 2686 18710
2686 18710 26997
18710 2686 26997
2207 3039 6729
6729 2207 3039
3039 2207 6729
10140 6103 8636
8636 6103 10140
6103 8636 10140
19139 3126 4333
3126 4333 19139
4333 3126 19139
10385 11226 18264
18264 10385 11226
11226 10385 18264
14006 2720 13870
2720 13870 14006
13870 2720 14006
4244 18585 25118
25118 4244 18585
18585 4244 25118
25810 5916 15829
5916 15829 25810
15829 5916 25810
962 13783 16935
13783 962 16935
16935 962 13783
13924 14539 24206
14539 13924 24206
24206 13924 14539
22826 16614 22675
16614 22675 22826
22675 16614 22826
19114 6594 18458
6594 18458 19114
18458 6594 19114
12986 2505 25624
2505 12986 25624
25624 2505 12986
14074 6382 8240
6382 8240 14074
8240 6382 14074
22502 1347 12091
12091 1347 22502
1347 12091 22502
12150 5119 14093
5119 12150 14093
14093 5119 12150
22213 5675 19874
5675 19874 22213
19874 5675 22213
10763 8637 20003
20003 8637 10763
8637 10763 20003
15842 7251 7888
7251 7888 15842
7888 7251 15842
13162 215 12829
215 12829 13162
12829 215 13162
27222 1680 18680
1680 18680 27222
18680 1680 27222
12119 567 28367
28367 567 12119
567 12119 28367
28272 2189 29438
2189 28272 29438
29438 2189 28272
5987 1481 19774
1481 5987 19774
19774 1481 5987
22672 4718 24938
24938 4718 22672
4718 22672 24938
8602 19378 21849
19378 8602 21849
21849 8602 19378
28100 548 29167
548 28100 29167
29167 548 28100
29114 10348 22616
22616 10348 29114
10348 22616 29114
10919 12222 22117
22117 10919 12222
12222 10919 22117
13236 4166 16977
16977 4166 13236
4166 13236 16977
6577 20469 22434
20469 6577 22434
22434 6577 20469
6647 10939 23064
10939 6647 23064
23064 6647 10939
5471 239 22489
22489 239 5471
239 5471 22489
24651 20015 20307
20015 20307 24651
20307 20015 24651
14307 4646 7364
7364 4646 14307
4646 7364 14307
28614 3106 17118
3106 17118 28614
17118 3106 28614
25311 3076 29731
3076 25311 29731
29731 3076 25311
9695 10277 19538
10277 9695 19538
19538 9695 10277
4811 5867 26182
5867 4811 26182
26182 4811 5867
7327 13589 17474
13589 7327 17474
17474 7327 13589
9087 7700 16980
16980 7700 9087
7700 9087 16980
26228 2575 6231
2575 6231 26228
6231 2575 26228
4563 1897 2684
1897 2684 4563
2684 1897 4563
17086 1775 3835
3835 1775 17086
1775 3835 17086
2227 14463 16981
14463 2227 16981
16981 2227 14463
2687 3494 8016
8016 2687 3494
3494 2687 8016
26693 90 29037
29037 90 26693
90 26693 29037
15945 15345 21785
15345 15945 21785
21785 15345 15945
14344 7055 12006
12006 7055 14344
7055 12006 14344
13652 9255 10265
10265 9255 13652
9255 10265 13652
14318 875 9776
9776 875 14318
875 9776 14318
3194 7692 20374
20374 3194 7692
7692 3194 20374
21809 12539 21682
12539 21682 21809
21682 12539 21809
16401 21633 28785
28785 16401 21633
21633 16401 28785
5608 5182 9700
9700 5182 5608
5182 5608 9700
7106 4147 8770
8770 4147 7106
4147 7106 8770
5571 1851 14187
14187 1851 5571
1851 5571 14187
18804 18883 27204
18883 18804 27204
27204 18804 18883
27935 2265 13607
13607 2265 27935
2265 13607 27935
15541 13044 17214
17214 13044 15541
13044 15541 17214
3004 1028 17567
17567 1028 3004
1028 3004 17567
27092 24499 28382
24499 27092 28382
28382 24499 27092
10564 2284 27101
2284 10564 27101
27101 2284 10564
13374 15203 27192
27192 13374 15203
15203 13374 27192
22760 2369 19685
2369 19685 22760
19685 2369 22760
1880 10771 19775
19775 1880 10771
10771 1880 19775
4668 2002 28609
28609 2002 4668
2002 4668 28609
8414 25650 27490
27490 8414 25650
25650 8414 27490
24420 13437 19917
13437 19917 24420
19917 13437 24420
20973 5584 21291
5584 20973 21291
21291 5584 20973
6095 3858 21328
21328 3858 6095
3858 6095 21328
24642 6568 22518
22518 6568 24642
6568 22518 24642
20416 11288 20897
11288 20416 20897
20897 11288 20416
16975 2905 10299
2905 10299 16975
10299 2905 16975
22122 7147 7229
7229 7147 22122
7147 7229 22122
19749 2506 13483
2506 13483 19749
13483 2506 19749
13482 25527 28719
28719 13482 25527
25527 13482 28719
14243 12390 22930
22930 12390 14243
12390 14243 22930
8900 629 27591
27591 629 8900
629 8900 27591
1581 10678 12838
12838 1581 10678
10678 1581 12838
13703 906 11441
11441 906 13703
906 11441 13703
14993 8442 19530
19530 8442 14993
8442 14993 19530
19437 8969 11753
8969 11753 19437
11753 8969 19437
4006 22218 23251
23251 4006 22218
22218 4006 23251
20852 11923 18075
18075 11923 20852
11923 18075 20852
10169 9035 14558
9035 10169 14558
14558 9035 10169
18621 13722 17001
13722 17001 18621
17001 13722 18621
10717 19612 24965
24965 10717 19612
19612 10717 24965
23474 20736 21216
20736 21216 23474
21216 20736 23474
355 4269 16889
4269 355 16889
16889 355 4269
15378 3199 12523
3199 12523 15378
12523 3199 15378
26524 11993 26827
26827 11993 26524
11993 26524 26827
29249 17920 26328
17920 26328 29249
26328 17920 29249
8631 3213 15758
15758 3213 8631
3213 8631 15758
19764 7683 26874
26874 7683 19764
7683 19764 26874
899 5525 9568
9568 899 5525
5525 899 9568
14543 6708 21588
6708 14543 21588
21588 6708 14543
12699 12161 29661
12161 12699 29661
29661 12161 12699
26887 4832 16604
4832 16604 26887
16604 4832 26887
21426 2650 22633
22633 2650 21426
2650 21426 22633
27458 5230 28682
5230 27458 28682
28682 5230 27458
78 10878 23926
23926 78 10878
10878 78 23926
2875 1232 11200
11200 1232 2875
1232 2875 11200
17662 3166 11702
3166 11702 17662
11702 3166 17662
11034 18727 27499
27499 11034 18727
18727 11034 27499
8675 2561 11567
11567 2561 8675
2561 8675 11567
25511 2473 7932
7932 2473 25511
2473 7932 25511
2449 2225 18359
2225 2449 18359
18359 2225 2449
13285 9806 29198
29198 9806 13285
9806 13285 29198
3527 21867 29484
29484 3527 21867
21867 3527 29484
22174 4464 13615
4464 13615 22174
13615 4464 22174
18683 13280 19476
13280 18683 19476
19476 13280 18683
28292 12027 18518
12027 18518 28292
18518 12027 28292
142 21617 26282
26282 142 21617
21617 142 26282
825 7949 23411
23411 825 7949
7949 825 23411
29806 1773 6801
6801 1773 29806
1773 6801 29806
9634 1802 2911
2911 1802 9634
1802 2911 9634
22307 12257 12330
12330 12257 22307
12257 12330 22307
15778 8914 24296
24296 8914 15778
8914 15778 24296
25026 6294 17896
6294 17896 25026
