2903 311 2261
311 2261 2903
2261 311 2903
738 1453 2147
2147 738 1453
1453 738 2147
75 217 441
217 75 441
441 75 217
2337 386 615
386 615 2337
615 386 2337
2358 1001 2907
1001 2358 2907
2907 1001 2358
247 649 1433
1433 247 649
649 247 1433
773 1129 2442
1129 773 2442
2442 773 1129
584 919 1448
1448 584 919
919 584 1448
2611 2437 2603
2603 2437 2611
2437 2603 2611
2136 1196 2351
1196 2136 2351
2351 1196 2136
1352 1584 2101
2101 1352 1584
1584 1352 2101
2111 1086 1714
1086 1714 2111
1714 1086 2111
2606 318 1713
1713 318 2606
318 1713 2606
1358 1744 2765
1744 1358 2765
2765 1358 1744
2845 1292 1710
1292 1710 2845
1710 1292 2845
279 2747 2754
2754 279 2747
2747 279 2754
1248 1859 2730
1859 1248 2730
2730 1248 1859
1273 174 237
174 237 1273
237 174 1273
369 1209 2519
1209 369 2519
2519 369 1209
2192 780 2012
2012 780 2192
780 2012 2192
1023 1558 2503
1558 1023 2503
2503 1023 1558
951 658 1990
658 951 1990
1990 658 951
61 101 733
733 61 101
101 61 733
115 1131 2255
2255 115 1131
1131 115 2255
688 806 2403
2403 688 806
806 688 2403
1002 853 1257
1257 853 1002
853 1002 1257
661 330 550
550 330 661
330 550 661
2513 2291 2367
2367 2291 2513
2291 2367 2513
182 1387 1816
1387 182 1816
1816 182 1387
2897 440 2987
440 2897 2987
2987 440 2897
1948 1361 2011
1361 1948 2011
2011 1361 1948
2050 44 767
44 767 2050
767 44 2050
1095 1624 2320
2320 1095 1624
1624 1095 2320
2444 252 1117
1117 252 2444
252 1117 2444
159 236 1866
1866 159 236
236 159 1866
662 439 2487
439 662 2487
2487 439 662
411 686 796
686 411 796
796 411 686
1188 1608 1707
1707 1188 1608
1608 1188 1707
1832 162 1682
162 1682 1832
1682 162 1832
390 302 1879
1879 302 390
302 390 1879
283 1563 2368
1563 283 2368
2368 283 1563
2714 862 2861
2861 862 2714
862 2714 2861
2553 1652 2094
2094 1652 2553
1652 2094 2553
2006 984 2612
2612 984 2006
984 2006 2612
1305 1075 1648
1648 1075 1305
1075 1305 1648
740 1649 2798
1649 740 2798
2798 740 1649
1396 1134 2610
2610 1134 1396
1134 1396 2610
1480 665 970
970 665 1480
665 970 1480
1146 1689 2080
2080 1146 1689
1689 1146 2080
426 1658 2898
2898 426 1658
1658 426 2898
2702 2 1917
1917 2 2702
2 1917 2702
1299 1667 1758
1667 1299 1758
1758 1299 1667
750 2481 2911
2481 750 2911
2911 750 2481
98 1421 2174
2174 98 1421
1421 98 2174
2896 799 917
917 799 2896
799 917 2896
910 818 1547
818 910 1547
1547 818 910
2662 2144 2699
2699 2144 2662
2144 2662 2699
696 1109 1905
1109 696 1905
1905 696 1109
2268 404 2697
2697 404 2268
404 2268 2697
1655 1385 2963
2963 1385 1655
1385 1655 2963
243 1678 2039
1678 243 2039
2039 243 1678
1049 829 2711
2711 829 1049
829 1049 2711
82 1390 2010
1390 82 2010
2010 82 1390
628 1884 2893
1884 628 2893
2893 628 1884
100 52 1445
1445 52 100
52 100 1445
2169 1194 2309
1194 2169 2309
2309 1194 2169
35 1843 2899
1843 35 2899
2899 35 1843
2966 552 2476
2476 552 2966
552 2476 2966
2607 2307 2516
2516 2307 2607
2307 2516 2607
2989 1067 2300
1067 2300 2989
2300 1067 2989
2383 1413 2783
2783 1413 2383
1413 2383 2783
1369 822 1787
1787 822 1369
822 1369 1787
689 132 2518
132 689 2518
2518 132 689
2239 792 2102
792 2102 2239
2102 792 2239
1137 1290 2533
2533 1137 1290
1290 1137 2533
2679 483 2051
483 2051 2679
2051 483 2679
50 1932 2494
2494 50 1932
1932 50 2494
2477 108 315
108 315 2477
315 108 2477
1830 961 2167
961 1830 2167
2167 961 1830
2639 736 1720
736 1720 2639
1720 736 2639
2203 1301 2214
1301 2203 2214
2214 1301 2203
720 20 913
913 20 720
20 720 913
1100 752 2219
2219 752 1100
752 1100 2219
2881 1755 1906
1906 1755 2881
1755 1906 2881
1913 2161 2366
2366 1913 2161
2161 1913 2366
134 1904 1933
1933 134 1904
1904 134 1933
1958 539 1727
1727 539 1958
539 1727 1958
732 1381 1539
1539 732 1381
1381 732 1539
1515 210 1091
210 1091 1515
1091 210 1515
1564 342 561
561 342 1564
342 561 1564
2983 637 844
637 844 2983
844 637 2983
1160 54 1282
54 1160 1282
1282 54 1160
2353 314 1182
1182 314 2353
314 1182 2353
2661 1139 2924
2924 1139 2661
1139 2661 2924
192 2448 2869
2448 192 2869
2869 192 2448
2412 1644 2829
2829 1644 2412
1644 2412 2829
2746 1165 2260
2260 1165 2746
1165 2260 2746
595 487 856
487 595 856
856 487 595
2049 860 1173
1173 860 2049
860 1173 2049
385 874 2220
2220 385 874
874 385 2220
2879 1966 2457
2457 1966 2879
1966 2457 2879
65 1128 1357
1357 65 1128
1128 65 1357
63 1148 1309
1148 63 1309
1309 63 1148
1313 308 510
510 308 1313
308 510 1313
2394 1499 2922
1499 2394 2922
2922 1499 2394
2166 442 1434
1434 442 2166
442 1434 2166
1657 1625 2031
2031 1625 1657
1625 1657 2031
2705 325 842
842 325 2705
325 842 2705
1450 1572 1940
1940 1450 1572
1572 1450 1940
1892 294 2376
2376 294 1892
294 1892 2376
1749 2768 2826
2768 1749 2826
2826 1749 2768
1929 121 501
501 121 1929
121 501 1929
2588 1315 2103
1315 2103 2588
2103 1315 2588
2683 133 208
133 208 2683
208 133 2683
1656 1368 1896
1368 1656 1896
1896 1368 1656
2034 1217 1875
1875 1217 2034
1217 1875 2034
2321 80 571
80 571 2321
571 80 2321
1223 1701 2613
2613 1223 1701
1701 1223 2613
1092 2395 2540
2395 1092 2540
2540 1092 2395
2254 364 2327
2327 364 2254
364 2254 2327
1642 1639 1729
1639 1642 1729
1729 1639 1642
1377 1610 2070
2070 1377 1610
1610 1377 2070
647 2389 2678
2389 647 2678
2678 647 2389
1725 1850 2547
1850 1725 2547
2547 1725 1850
2347 384 1190
1190 384 2347
384 1190 2347
2007 737 2037
2037 737 2007
737 2007 2037
1443 1101 2256
1101 1443 2256
2256 1101 1443
1603 1536 2258
1536 1603 2258
2258 1536 1603
154 1571 2744
2744 154 1571
1571 154 2744
2908 513 721
513 721 2908
721 513 2908
2424 980 2304
2304 980 2424
980 2304 2424
828 1210 2230
2230 828 1210
1210 828 2230
1206 395 971
395 971 1206
971 395 1206
2713 2146 2823
2823 2146 2713
2146 2713 2823
2774 74 2677
2677 74 2774
74 2677 2774
23 102 1028
102 23 1028
1028 23 102
309 2218 2340
2340 309 2218
2218 309 2340
2962 905 1821
905 1821 2962
1821 905 2962
2973 1271 2064
2064 1271 2973
1271 2064 2973
2059 151 291
151 291 2059
291 151 2059
2868 1545 2821
1545 2821 2868
2821 1545 2868
1790 473 1159
1159 473 1790
473 1159 1790
1695 138 2401
138 1695 2401
2401 138 1695
697 475 1781
1781 475 697
475 697 1781
937 2165 2658
2658 937 2165
2165 937 2658
1293 1514 1767
1767 1293 1514
1514 1293 1767
2377 26 1911
26 1911 2377
1911 26 2377
130 1890 2793
2793 130 1890
1890 130 2793
2370 1184 2331
1184 2331 2370
2331 1184 2370
405 149 1030
1030 149 405
149 405 1030
730 684 1840
1840 684 730
684 730 1840
1254 1045 1620
1620 1045 1254
1045 1254 1620
2454 261 2736
261 2454 2736
2736 261 2454
1203 511 676
676 511 1203
511 676 1203
2684 332 2666
332 2666 2684
2666 332 2684
15 879 1726
879 15 1726
1726 15 879
2909 1805 2120
1805 2120 2909
2120 1805 2909
346 2089 2514
2514 346 2089
2089 346 2514
576 1340 2814
2814 576 1340
1340 576 2814
1072 1056 1492
1056 1072 1492
1492 1056 1072
2055 1135 1629
1135 1629 2055
1629 1135 2055
2929 1167 1602
1602 1167 2929
1167 1602 2929
175 2060 2651
2651 175 2060
2060 175 2651
1804 996 1297
1297 996 1804
996 1297 1804
810 1189 2418
1189 810 2418
2418 810 1189
2627 568 694
694 568 2627
568 694 2627
1132 1591 2655
2655 1132 1591
1591 1132 2655
755 213 2797
2797 213 755
213 755 2797
2637 968 1772
1772 968 2637
968 1772 2637
1007 790 908
908 790 1007
790 908 1007
1228 1099 2634
1099 1228 2634
2634 1099 1228
1785 1395 2950
2950 1395 1785
1395 1785 2950
1712 328 2114
328 1712 2114
2114 328 1712
1597 909 2246
909 1597 2246
2246 909 1597
1881 282 2116
2116 282 1881
282 1881 2116
163 262 2554
262 163 2554
2554 163 262
2586 933 1862
933 1862 2586
1862 933 2586
2882 1863 2883
1863 2882 2883
2883 1863 2882
1118 1442 2910
1442 1118 2910
2910 1118 1442
2243 2150 2244
2244 2150 2243
2150 2243 2244
2725 1405 2695
1405 2695 2725
2695 1405 2725
1280 366 2029
366 1280 2029
2029 366 1280
2435 1149 2269
2269 1149 2435
1149 2269 2435
1505 334 859
859 334 1505
334 859 1505
987 1533 2537
1533 987 2537
2537 987 1533
1034 1617 1874
1617 1034 1874
1874 1034 1617
295 359 2939
359 295 2939
2939 295 359
2414 1241 1693
1693 1241 2414
1241 1693 2414
506 1556 2069
1556 506 2069
2069 506 1556
1716 1489 2185
2185 1489 1716
1489 1716 2185
2737 1000 2912
1000 2737 2912
2912 1000 2737
485 1769 2601
2601 485 1769
1769 485 2601
1922 2315 2608
2608 1922 2315
2315 1922 2608
1631 880 1078
880 1078 1631
1078 880 1631
577 31 2344
2344 31 577
31 577 2344
1984 1447 2398
2398 1447 1984
1447 1984 2398
1430 766 1350
766 1350 1430
1350 766 1430
2664 372 1876
372 1876 2664
1876 372 2664
1934 574 2770
2770 574 1934
574 1934 2770
2875 81 960
960 81 2875
81 960 2875
2930 2112 2324
2112 2324 2930
2324 2112 2930
1491 794 2109
2109 794 1491
794 1491 2109
1829 1467 2605
2605 1467 1829
1467 1829 2605
616 407 2126
407 616 2126
2126 407 616
2227 793 2623
2623 793 2227
793 2227 2623
2154 1168 2865
1168 2154 2865
2865 1168 2154
2946 865 1981
1981 865 2946
865 1981 2946
1852 1576 2411
1576 1852 2411
2411 1576 1852
2618 2462 2953
2462 2618 2953
2953 2462 2618
1860 24 1786
1786 24 1860
24 1786 1860
381 1296 2092
1296 381 2092
2092 381 1296
198 1604 1691
1691 198 1604
1604 198 1691
1121 14 2005
2005 14 1121
14 1121 2005
606 199 1079
199 606 1079
1079 199 606
682 1519 2885
1519 682 2885
2885 682 1519
2381 150 977
150 977 2381
977 150 2381
2426 930 1200
1200 930 2426
930 1200 2426
1518 1439 1870
1439 1518 1870
1870 1439 1518
1754 1 2212
1 1754 2212
2212 1 1754
1513 2410 2510
2510 1513 2410
2410 1513 2510
2210 2564 2675
2564 2210 2675
2675 2210 2564
1479 155 349
349 155 1479
155 349 1479
2155 1730 2624
1730 2155 2624
2624 1730 2155
1557 1018 1899
1018 1557 1899
1899 1018 1557
2217 430 912
430 912 2217
912 430 2217
2562 1317 2423
2423 1317 2562
1317 2423 2562
2847 597 2819
2819 597 2847
597 2819 2847
1638 68 2108
2108 68 1638
68 1638 2108
1454 1411 1483
1483 1411 1454
1411 1454 1483
2319 1183 1605
1183 1605 2319
1605 1183 2319
307 768 2091
2091 307 768
768 307 2091
2143 1476 2118
1476 2118 2143
2118 1476 2143
611 1783 2240
2240 611 1783
1783 611 2240
2790 1230 1702
1702 1230 2790
1230 1702 2790
536 2000 2119
2119 536 2000
2000 536 2119
2764 19 1869
19 1869 2764
1869 19 2764
2382 1038 2262
1038 2262 2382
2262 1038 2382
954 500 972
500 954 972
972 500 954
479 1924 2138
1924 479 2138
2138 479 1924
1402 1466 2680
1466 1402 2680
2680 1402 1466
300 553 2287
553 300 2287
2287 300 553
1851 1311 2906
1311 1851 2906
2906 1311 1851
2577 450 1925
450 1925 2577
1925 450 2577
2667 449 830
830 449 2667
449 830 2667
2173 1356 2132
2132 1356 2173
1356 2132 2173
215 73 1316
1316 73 215
73 215 1316
1481 2172 2776
2776 1481 2172
2172 1481 2776
894 1252 2997
2997 894 1252
1252 894 2997
2517 575 1802
575 1802 2517
1802 575 2517
2771 1554 2750
1554 2750 2771
2750 1554 2771
418 1298 1548
1548 418 1298
1298 418 1548
2836 1835 2584
2584 1835 2836
1835 2584 2836
2222 1416 2413
2413 1416 2222
1416 2222 2413
1919 779 906
779 906 1919
906 779 1919
2198 573 2891
573 2198 2891
2891 573 2198
2348 629 2696
2696 629 2348
629 2348 2696
1828 505 1266
1266 505 1828
505 1266 1828
1551 355 691
691 355 1551
355 691 1551
2958 216 512
512 216 2958
216 512 2958
1333 1074 1485
1074 1333 1485
1485 1074 1333
1581 79 2151
79 1581 2151
2151 79 1581
253 650 762
762 253 650
650 253 762
259 344 2971
2971 259 344
344 259 2971
1986 940 2773
2773 940 1986
940 1986 2773
2363 2249 2390
2390 2249 2363
2249 2363 2390
467 1349 2804
2804 467 1349
1349 467 2804
1635 962 1066
962 1066 1635
1066 962 1635
2472 21 582
582 21 2472
21 582 2472
692 2388 2402
2388 692 2402
2402 692 2388
2139 636 1921
636 1921 2139
1921 636 2139
2852 492 1820
1820 492 2852
492 1820 2852
1424 789 864
864 789 1424
789 864 1424
1944 466 2061
2061 466 1944
466 1944 2061
1838 1213 2718
1213 1838 2718
2718 1213 1838
410 1865 2531
1865 410 2531
2531 410 1865
813 16 567
567 16 813
16 567 813
2456 156 646
156 646 2456
646 156 2456
1335 877 1027
1027 877 1335
877 1027 1335
87 272 1947
1947 87 272
272 87 1947
871 1679 2915
1679 871 2915
2915 871 1679
1263 1579 2500
2500 1263 1579
1579 1263 2500
456 805 2545
2545 456 805
805 456 2545
632 1003 2003
1003 632 2003
2003 632 1003
2251 882 2430
2430 882 2251
882 2251 2430
2756 1192 2373
1192 2373 2756
2373 1192 2756
1318 1219 2027
2027 1219 1318
1219 1318 2027
1417 528 2196
2196 528 1417
528 1417 2196
2840 2298 2396
2298 2396 2840
2396 2298 2840
1985 257 1486
1486 257 1985
257 1486 1985
1201 530 1651
1651 530 1201
530 1201 1651
454 2071 2187
2071 454 2187
2187 454 2071
2617 592 777
777 592 2617
592 777 2617
734 678 1127
678 734 1127
1127 678 734
2445 1797 2724
1797 2445 2724
2724 1797 2445
878 1224 2088
2088 878 1224
1224 878 2088
1535 621 2159
621 1535 2159
2159 621 1535
2409 1383 2665
2665 1383 2409
1383 2409 2665
1931 2263 2279
2279 1931 2263
2263 1931 2279
1977 1179 2573
1179 1977 2573
2573 1179 1977
2043 1119 1928
1119 1928 2043
1928 1119 2043
2506 2097 2579
2579 2097 2506
2097 2506 2579
361 781 1339
781 361 1339
1339 361 781
1935 579 2189
2189 579 1935
579 1935 2189
1432 666 1082
1082 666 1432
666 1082 1432
2468 30 824
824 30 2468
30 824 2468
583 1538 1959
1959 583 1538
1538 583 1959
2194 2082 2590
2082 2194 2590
2590 2082 2194
681 587 2066
2066 587 681
587 681 2066
2098 1006 1815
1006 1815 2098
1815 1006 2098
1490 378 2784
2784 378 1490
378 1490 2784
1225 1208 1359
1359 1208 1225
1208 1225 1359
248 1234 1788
1788 248 1234
1234 248 1788
1106 1971 2965
2965 1106 1971
1971 1106 2965
368 765 1170
1170 368 765
765 368 1170
2419 231 438
231 438 2419
438 231 2419
362 679 711
679 362 711
711 362 679
545 1782 2820
1782 545 2820
2820 545 1782
324 1205 2272
1205 324 2272
2272 324 1205
1496 2501 2738
2501 1496 2738
2738 1496 2501
2578 1392 2046
2046 1392 2578
1392 2046 2578
715 185 2856
185 715 2856
2856 185 715
1753 1888 2002
1888 1753 2002
2002 1753 1888
1055 1147 1918
1918 1055 1147
1147 1055 1918
1574 1262 1329
1329 1262 1574
1262 1329 1574
772 714 849
849 714 772
714 772 849
1686 281 751
751 281 1686
281 751 1686
2855 258 1885
258 1885 2855
1885 258 2855
2673 593 786
786 593 2673
593 786 2673
1063 453 2267
453 1063 2267
2267 453 1063
1122 183 1022
1022 183 1122
183 1022 1122
461 1372 2788
1372 461 2788
2788 461 1372
45 651 1125
651 45 1125
1125 45 651
969 43 2626
2626 43 969
43 969 2626
1827 719 1344
1344 719 1827
719 1344 1827
858 1532 2142
2142 858 1532
1532 858 2142
893 1611 2986
2986 893 1611
1611 893 2986
323 2045 2914
2045 323 2914
2914 323 2045
622 375 1077
1077 375 622
375 622 1077
335 357 1477
357 335 1477
1477 335 357
1286 322 2631
2631 322 1286
322 1286 2631
177 1663 2278
2278 177 1663
1663 177 2278
2018 443 2905
2905 443 2018
443 2018 2905
1653 825 1562
1562 825 1653
825 1562 1653
2237 114 943
114 943 2237
943 114 2237
1051 994 2669
2669 994 1051
994 1051 2669
1675 1104 2935
1104 1675 2935
2935 1104 1675
915 2441 2532
2532 915 2441
2441 915 2532
1264 1974 2657
1974 1264 2657
2657 1264 1974
2743 423 1580
423 1580 2743
1580 423 2743
2575 452 2581
2581 452 2575
452 2575 2581
643 872 2473
2473 643 872
872 643 2473
1310 459 1133
1133 459 1310
459 1133 1310
1594 2330 2982
2982 1594 2330
2330 1594 2982
763 1291 2236
1291 763 2236
2236 763 1291
911 458 474
458 474 911
474 458 911
2894 1076 1831
1831 1076 2894
1076 1831 2894
580 895 920
895 580 920
920 580 895
998 855 1731
1731 855 998
855 998 1731
220 1346 2842
2842 220 1346
1346 220 2842
2933 851 1699
851 1699 2933
1699 851 2933
618 1379 1420
1420 618 1379
1379 618 1420
2429 398 2480
398 2429 2480
2480 398 2429
28 380 2900
2900 28 380
380 28 2900
2846 922 1181
1181 922 2846
922 1181 2846
2241 1398 2561
2561 1398 2241
1398 2241 2561
1969 470 1927
470 1927 1969
1927 470 1969
1900 337 2789
337 1900 2789
2789 337 1900
2692 981 1253
981 1253 2692
1253 981 2692
1326 127 1108
127 1108 1326
1108 127 1326
570 135 2589
2589 135 570
135 570 2589
2318 2216 2379
2216 2318 2379
2379 2216 2318
1320 1342 1600
1600 1320 1342
1342 1320 1600
2135 233 982
233 982 2135
982 233 2135
1059 1673 1812
1812 1059 1673
1673 1059 1812
967 1307 1742
1742 967 1307
1307 967 1742
1895 941 1696
941 1696 1895
1696 941 1895
1163 201 490
490 201 1163
201 490 1163
2452 1126 2534
1126 2452 2534
2534 1126 2452
1774 1114 1756
1114 1756 1774
1756 1114 1774
2822 1394 2211
2211 1394 2822
1394 2211 2822
1037 1259 2599
1259 1037 2599
2599 1037 1259
2074 2434 2549
2434 2074 2549
2549 2074 2434
610 343 1039
1039 343 610
343 610 1039
2427 27 1440
1440 27 2427
27 1440 2427
533 320 2625
2625 320 533
320 533 2625
2281 1880 2129
2129 1880 2281
1880 2129 2281
2864 2523 2837
2837 2523 2864
2523 2837 2864
1993 1185 2843
1185 1993 2843
2843 1185 1993
2984 707 2834
2834 707 2984
707 2834 2984
2131 1798 2980
1798 2131 2980
2980 1798 2131
41 416 2408
416 41 2408
2408 41 416
1107 1370 2838
2838 1107 1370
1370 1107 2838
394 6 1330
6 394 1330
1330 6 394
889 2157 2593
2593 889 2157
2157 889 2593
2186 1250 1561
1250 1561 2186
1561 1250 2186
1612 2643 2779
2779 1612 2643
2643 1612 2779
1968 1760 2369
2369 1760 1968
1760 1968 2369
2787 350 2602
2602 350 2787
350 2602 2787
923 709 2676
2676 709 923
709 923 2676
2960 312 1942
1942 312 2960
312 1942 2960
2451 1465 2504
2504 1465 2451
1465 2451 2504
2833 1960 2993
2993 1960 2833
1960 2833 2993
1222 741 945
945 741 1222
741 945 1222
1441 1016 1436
1016 1436 1441
1436 1016 1441
2646 2270 2491
2270 2491 2646
2491 2270 2646
193 1582 2844
2844 193 1582
1582 193 2844
1994 189 1910
1910 189 1994
189 1910 1994
2201 1728 2035
1728 2035 2201
2035 1728 2201
2334 187 197
197 187 2334
187 197 2334
299 280 2818
280 299 2818
2818 280 299
603 1412 2021
2021 603 1412
1412 603 2021
1174 702 2113
2113 702 1174
702 1174 2113
2024 1058 2180
1058 2024 2180
2180 1058 2024
2156 316 716
316 716 2156
716 316 2156
502 525 1980
525 502 1980
1980 502 525
2587 881 1367
1367 881 2587
881 1367 2587
1901 370 1153
1153 370 1901
370 1153 1901
2735 1283 2134
2134 1283 2735
1283 2134 2735
2850 266 2957
2957 266 2850
266 2850 2957
2527 935 2170
2170 935 2527
935 2170 2527
298 363 2067
363 298 2067
2067 298 363
1365 4 1738
1738 4 1365
4 1365 1738
2782 2068 2474
2068 2474 2782
2474 2068 2782
869 670 2956
2956 670 869
670 869 2956
367 2004 2642
2004 367 2642
2642 367 2004
2739 179 522
179 522 2739
522 179 2739
264 974 2981
2981 264 974
974 264 2981
1967 348 1240
1240 348 1967
348 1240 1967
86 2285 2890
2890 86 2285
2285 86 2890
2975 1762 2122
1762 2122 2975
2122 1762 2975
2475 1166 1497
1166 1497 2475
1497 1166 2475
267 382 1616
382 267 1616
1616 267 382
2652 654 2479
2479 654 2652
654 2479 2652
2432 1011 1162
1011 1162 2432
1162 1011 2432
1819 476 531
531 476 1819
476 531 1819
808 674 1044
1044 674 808
674 808 1044
1999 1578 2105
2105 1578 1999
1578 1999 2105
2542 896 2648
2648 896 2542
896 2542 2648
2892 392 2042
2042 392 2892
392 2042 2892
607 383 620
620 383 607
383 607 620
2152 2488 2614
2614 2152 2488
2488 2152 2614
2359 931 2884
931 2359 2884
2884 931 2359
758 1847 2296
1847 758 2296
2296 758 1847
563 1138 2179
1138 563 2179
2179 563 1138
1588 1130 1813
1813 1130 1588
1130 1588 1813
866 1054 2923
1054 866 2923
2923 866 1054
1613 489 497
489 497 1613
497 489 1613
2870 1684 2019
1684 2019 2870
2019 1684 2870
771 414 2653
414 771 2653
2653 414 771
2160 875 1886
1886 875 2160
875 1886 2160
2541 2407 2757
2407 2541 2757
2757 2407 2541
708 1645 2498
1645 708 2498
2498 708 1645
2023 2748 2753
2753 2023 2748
2748 2023 2753
2961 2234 2264
2264 2234 2961
2234 2264 2961
341 1909 2854
1909 341 2854
2854 341 1909
589 77 165
165 77 589
77 165 589
559 2464 2576
2576 559 2464
2464 559 2576
1950 613 1970
613 1950 1970
1970 613 1950
2619 145 627
145 627 2619
627 145 2619
2252 241 2440
2440 241 2252
241 2252 2440
664 1393 1997
1393 664 1997
1997 664 1393
834 1112 1807
1112 834 1807
1807 834 1112
2443 1093 2253
1093 2253 2443
2253 1093 2443
1998 1488 2490
2490 1488 1998
1488 1998 2490
1408 1035 1643
1035 1408 1643
1643 1035 1408
648 278 2635
2635 278 648
278 648 2635
2294 705 2721
705 2294 2721
2721 705 2294
1155 1457 2917
2917 1155 1457
1457 1155 2917
807 782 2284
2284 782 807
782 807 2284
2054 1303 1662
1662 1303 2054
1303 1662 2054
1435 1268 2183
2183 1268 1435
1268 1435 2183
1360 1239 2275
1239 1360 2275
2275 1239 1360
609 926 2511
2511 609 926
926 609 2511
2732 1073 2816
2816 1073 2732
1073 2732 2816
831 141 1005
141 831 1005
1005 141 831
1837 729 2902
729 1837 2902
2902 729 1837
811 76 1704
1704 76 811
76 811 1704
94 1459 2058
1459 94 2058
2058 94 1459
2028 304 2202
2202 304 2028
304 2028 2202
13 310 529
529 13 310
310 13 529
17 34 1050
1050 17 34
34 17 1050
693 690 1071
1071 690 693
690 693 1071
180 313 498
498 180 313
313 180 498
706 1546 1894
1894 706 1546
1546 706 1894
870 2238 2266
2238 870 2266
2266 870 2238
2077 2044 2137
2137 2044 2077
2044 2077 2137
1606 1670 1907
1670 1606 1907
1907 1606 1670
1889 93 1156
1156 93 1889
93 1156 1889
393 437 1096
1096 393 437
437 393 1096
1085 1144 1893
1893 1085 1144
1144 1085 1893
2482 1431 2232
2232 1431 2482
1431 2232 2482
2493 516 1294
1294 516 2493
516 1294 2493
1800 1854 2250
2250 1800 1854
1854 1800 2250
1195 221 1237
221 1195 1237
1237 221 1195
1235 447 2286
2286 447 1235
447 1235 2286
1961 1795 3000
3000 1795 1961
1795 1961 3000
966 1061 2364
2364 966 1061
1061 966 2364
2162 1671 2795
2795 1671 2162
1671 2162 2795
2073 1752 2380
1752 2073 2380
2380 1752 2073
345 995 2874
995 345 2874
2874 345 995
1300 754 2339
2339 754 1300
754 1300 2339
484 542 1314
542 484 1314
1314 484 542
186 97 1609
1609 97 186
97 186 1609
1062 2716 2761
2761 1062 2716
2716 1062 2761
1528 1526 2417
1526 1528 2417
2417 1526 1528
1796 742 2674
2674 742 1796
742 1796 2674
979 1088 2928
1088 979 2928
2928 979 1088
1887 1472 2360
1472 1887 2360
2360 1472 1887
455 469 1438
1438 455 469
469 455 1438
1995 136 1719
1719 136 1995
136 1719 1995
1954 107 436
107 436 1954
436 107 1954
1399 840 2967
2967 840 1399
840 1399 2967
2421 117 1784
1784 117 2421
117 1784 2421
1592 1848 1939
1939 1592 1848
1848 1592 1939
196 57 2277
2277 57 196
57 196 2277
148 594 1172
1172 148 594
594 148 1172
2008 285 2887
285 2008 2887
2887 285 2008
1057 1308 1988
1308 1057 1988
1988 1057 1308
854 848 2827
2827 848 854
848 854 2827
1628 1246 2057
1246 1628 2057
2057 1246 1628
2785 288 826
288 826 2785
826 288 2785
1883 146 635
635 146 1883
146 635 1883
1338 434 2888
434 1338 2888
2888 434 1338
2470 2016 2378
2016 2378 2470
2378 2016 2470
482 110 1836
1836 110 482
110 482 1836
1839 2233 2538
2233 1839 2538
2538 1839 2233
725 838 2314
2314 725 838
838 725 2314
49 1659 1801
1659 49 1801
1801 49 1659
2800 462 1902
462 1902 2800
1902 462 2800
2799 391 2199
391 2199 2799
2199 391 2799
273 292 2428
292 273 2428
2428 273 292
397 717 2293
717 397 2293
2293 397 717
2207 66 2405
66 2207 2405
2405 66 2207
1878 204 2193
204 1878 2193
2193 204 1878
1633 219 242
219 242 1633
242 219 1633
83 2056 2931
2056 83 2931
2931 83 2056
1384 718 1204
1204 718 1384
718 1204 1384
2081 432 2362
2362 432 2081
432 2081 2362
1641 1191 2461
1191 1641 2461
2461 1191 1641
1141 206 1842
206 1141 1842
1842 206 1141
2164 1052 2505
1052 2164 2505
2505 1052 2164
1811 167 2663
167 1811 2663
2663 167 1811
1493 32 2583
2583 32 1493
32 1493 2583
1504 1425 1660
1425 1504 1660
1660 1425 1504
1665 1688 2649
2649 1665 1688
1688 1665 2649
194 39 1989
1989 39 194
39 194 1989
669 820 2231
2231 669 820
820 669 2231
685 495 1615
495 685 1615
1615 495 685
901 668 1207
1207 668 901
668 901 1207
2723 2365 2636
2365 2636 2723
2636 2365 2723
1041 286 2099
2099 286 1041
286 1041 2099
883 1473 1583
1583 883 1473
1473 883 1583
578 191 1295
191 578 1295
1295 191 578
1683 22 274
274 22 1683
22 274 1683
2803 701 1577
701 1577 2803
1577 701 2803
1516 1251 2062
1251 1516 2062
2062 1251 1516
1672 2083 2352
2352 1672 2083
2083 1672 2352
415 791 1010
791 415 1010
1010 415 791
2954 275 2265
2265 275 2954
275 2265 2954
1482 1009 2208
2208 1009 1482
1009 1482 2208
2871 265 1569
1569 265 2871
265 1569 2871
1700 1197 1509
1197 1509 1700
1509 1197 1700
1410 631 809
809 631 1410
631 809 1410
535 1258 2740
2740 535 1258
1258 535 2740
927 1776 1956
1956 927 1776
1776 927 1956
1031 153 2020
2020 153 1031
153 1031 2020
1739 1484 1687
1484 1687 1739
1687 1484 1739
612 2127 2449
2127 612 2449
2449 612 2127
1565 1789 2107
2107 1565 1789
1789 1565 2107
245 1409 2053
2053 245 1409
1409 245 2053
890 251 1982
1982 251 890
251 890 1982
2047 2153 2937
2937 2047 2153
2153 2047 2937
137 244 1164
244 137 1164
1164 137 244
90 1158 2592
2592 90 1158
1158 90 2592
2431 336 775
336 775 2431
775 336 2431
2247 1916 2525
2525 1916 2247
1916 2247 2525
749 2200 2328
2328 749 2200
2200 749 2328
2509 932 1943
932 1943 2509
1943 932 2509
62 746 1622
1622 62 746
746 62 1622
543 1236 2526
1236 543 2526
2526 543 1236
2017 1553 2704
1553 2017 2704
2704 1553 2017
760 726 2087
2087 726 760
726 760 2087
946 11 2345
2345 11 946
11 946 2345
1650 36 1247
36 1247 1650
1247 36 1650
2121 38 271
271 38 2121
38 271 2121
478 2336 2719
2336 478 2719
2719 478 2336
1065 99 1502
1502 99 1065
99 1065 1502
672 1288 1446
1288 672 1446
1446 672 1288
2524 836 1084
1084 836 2524
836 1084 2524
939 494 2384
494 939 2384
2384 494 939
558 212 2301
2301 212 558
212 558 2301
902 1325 2701
2701 902 1325
1325 902 2701
2492 839 2731
839 2492 2731
2731 839 2492
2660 92 340
92 340 2660
340 92 2660
2280 1992 2204
2204 1992 2280
1992 2204 2280
1920 297 2895
2895 297 1920
297 1920 2895
433 190 2572
190 433 2572
2572 190 433
451 764 2569
764 451 2569
2569 451 764
2858 897 1226
897 1226 2858
1226 897 2858
2693 1593 2621
1593 2621 2693
2621 1593 2693
1779 170 601
170 601 1779
601 170 1779
918 147 886
886 147 918
147 886 918
924 888 2191
888 924 2191
2191 888 924
724 296 353
353 296 724
296 353 724
1152 1140 1750
1140 1152 1750
1750 1140 1152
2471 549 2276
2276 549 2471
549 2276 2471
122 1403 2959
1403 122 2959
2959 122 1403
861 1242 1267
1267 861 1242
1242 861 1267
1142 1777 2248
2248 1142 1777
1777 1142 2248
617 268 538
538 268 617
268 538 617
623 1232 1759
1232 623 1759
1759 623 1232
1231 88 566
566 88 1231
88 566 1231
873 517 2478
517 873 2478
2478 517 873
1427 891 2465
891 1427 2465
2465 891 1427
1668 1521 1822
1521 1668 1822
1822 1521 1668
2734 885 2086
885 2086 2734
2086 885 2734
677 2305 2722
2305 677 2722
2722 677 2305
2489 914 2299
914 2299 2489
2299 914 2489
1423 698 2453
698 1423 2453
2453 698 1423
2115 53 1461
53 1461 2115
1461 53 2115
2486 739 1973
739 1973 2486
1973 739 2486
1404 655 2807
655 1404 2807
2807 655 1404
1599 125 2670
2670 125 1599
125 1599 2670
2335 687 992
687 992 2335
992 687 2335
1487 420 435
420 435 1487
435 420 1487
1269 519 1474
1474 519 1269
519 1269 1474
1323 599 2229
2229 599 1323
599 1323 2229
1531 276 1923
276 1531 1923
1923 276 1531
409 277 2536
2536 277 409
277 409 2536
2760 2528 2948
2948 2528 2760
2528 2760 2948
1145 120 581
120 581 1145
581 120 1145
745 91 2302
2302 91 745
91 745 2302
852 224 2374
224 852 2374
2374 224 852
301 1102 1681
1681 301 1102
1102 301 1681
787 270 1456
270 787 1456
1456 270 787
2630 1375 2745
2745 1375 2630
1375 2630 2745
2325 1354 2777
2777 1354 2325
1354 2325 2777
867 985 2259
985 867 2259
2259 867 985
1371 638 2326
638 1371 2326
2326 638 1371
1319 2775 2992
2775 1319 2992
2992 1319 2775
48 948 1275
1275 48 948
948 48 1275
757 1348 2175
2175 757 1348
1348 757 2175
1332 365 2439
365 1332 2439
2439 365 1332
2226 112 537
112 537 2226
537 112 2226
2940 1540 2694
1540 2694 2940
2694 1540 2940
1978 227 1036
227 1036 1978
1036 227 1978
488 333 2178
2178 333 488
333 488 2178
2941 645 1791
645 1791 2941
1791 645 2941
2123 144 591
591 144 2123
144 591 2123
5 70 2460
70 5 2460
2460 5 70
2913 3 2063
3 2063 2913
2063 3 2913
472 1506 2934
1506 472 2934
2934 472 1506
1740 1053 2758
2758 1053 1740
1053 1740 2758
1337 329 2349
2349 329 1337
329 1337 2349
2343 1607 2817
2817 1607 2343
1607 2343 2817
1287 1697 2205
1697 1287 2205
2205 1287 1697
2215 123 2968
2968 123 2215
123 2215 2968
1098 784 1025
1025 784 1098
784 1025 1098
2972 1281 1858
1858 1281 2972
1281 1858 2972
1500 845 2863
2863 845 1500
845 1500 2863
1227 1414 1428
1414 1227 1428
1428 1227 1414
2672 816 1111
816 1111 2672
1111 816 2672
2733 507 2781
2781 507 2733
507 2733 2781
534 250 2065
250 534 2065
2065 250 534
2919 269 633
633 269 2919
269 633 2919
2927 1157 1475
1157 1475 2927
1475 1157 2927
532 555 2289
2289 532 555
555 532 2289
2539 700 2889
700 2539 2889
2889 700 2539
2128 33 1161
1161 33 2128
33 1161 2128
12 2484 2976
2484 12 2976
2976 12 2484
1154 40 2985
40 1154 2985
2985 40 1154
2591 1470 1748
1470 1748 2591
1748 1470 2591
2810 652 1449
1449 652 2810
652 1449 2810
2831 1585 1949
1949 1585 2831
1585 1949 2831
857 1120 2872
2872 857 1120
1120 857 2872
2466 526 2786
2786 526 2466
526 2466 2786
2668 222 2329
2329 222 2668
222 2329 2668
2297 1017 2274
1017 2274 2297
2274 1017 2297
1255 1014 1068
1014 1068 1255
1068 1014 1255
371 1177 2295
1177 371 2295
2295 371 1177
2729 2338 2420
2420 2338 2729
2338 2420 2729
1849 1345 2685
1345 1849 2685
2685 1345 1849
1914 1302 2387
2387 1302 1914
1302 1914 2387
51 903 2552
2552 51 903
903 51 2552
1793 446 2597
2597 446 1793
446 1793 2597
1306 1020 2876
2876 1020 1306
1020 1306 2876
2313 560 2093
560 2093 2313
2093 560 2313
327 1946 2970
1946 327 2970
2970 327 1946
176 448 1596
1596 176 448
448 176 1596
887 1834 2763
1834 887 2763
2763 887 1834
226 1081 1090
1090 226 1081
1081 226 1090
1364 1806 2350
2350 1364 1806
1806 1364 2350
2221 1116 1495
1495 1116 2221
1116 1495 2221
1180 1507 1560
1507 1180 1560
1560 1180 1507
949 596 1626
596 949 1626
1626 596 949
240 400 2568
400 240 2568
2568 240 400
172 747 2223
747 172 2223
2223 172 747
1270 160 1256
160 1256 1270
1256 160 1270
2873 374 1113
1113 374 2873
374 1113 2873
1429 1630 2762
2762 1429 1630
1630 1429 2762
2988 2213 2323
2213 2323 2988
2323 2213 2988
1897 161 1872
1872 161 1897
161 1872 1897
354 663 1861
663 354 1861
1861 354 663
2341 2357 2715
2357 2341 2715
2715 2341 2357
2659 338 2656
2656 338 2659
338 2656 2659
1284 319 2521
2521 319 1284
319 1284 2521
2181 1347 2310
1347 2181 2310
2310 1347 2181
964 103 249
103 249 964
249 103 964
129 2190 2512
2512 129 2190
2190 129 2512
1355 907 2416
907 1355 2416
2416 907 1355
445 1552 2645
1552 445 2645
2645 445 1552
1008 731 2529
2529 731 1008
731 1008 2529
207 1422 2707
1422 207 2707
2707 207 1422
1544 904 2515
904 1544 2515
2515 904 1544
743 521 1004
1004 521 743
521 743 1004
2375 656 1245
656 1245 2375
1245 656 2375
644 723 2824
2824 644 723
723 644 2824
703 2085 2312
2312 703 2085
2085 703 2312
557 1202 1260
1202 557 1260
1260 557 1202
1737 465 1388
465 1388 1737
1388 465 1737
1517 728 1115
1115 728 1517
728 1115 1517
1824 1249 1976
1249 1824 1976
1976 1249 1824
255 1386 2991
1386 255 2991
2991 255 1386
608 1522 1698
1522 608 1698
1698 608 1522
499 104 2727
104 499 2727
2727 104 499
195 238 1647
1647 195 238
238 195 1647
2078 950 1711
950 1711 2078
1711 950 2078
2502 89 2641
89 2502 2641
2641 89 2502
2808 2041 2815
2041 2808 2815
2815 2041 2808
841 898 2990
2990 841 898
898 841 2990
1833 1070 2282
1070 1833 2282
2282 1070 1833
2609 1809 1810
1809 1810 2609
1810 1809 2609
1734 1336 1803
1803 1336 1734
1336 1734 1803
166 379 460
379 166 460
460 166 379
491 246 614
246 491 614
614 246 491
965 916 989
989 916 965
916 965 989
1955 25 835
835 25 1955
25 835 1955
306 2700 2806
2806 306 2700
2700 306 2806
1936 2802 2926
2926 1936 2802
2802 1936 2926
2749 797 929
929 797 2749
797 929 2749
997 1709 2867
2867 997 1709
1709 997 2867
1021 990 1733
990 1021 1733
1733 990 1021
2356 1064 2176
2176 1064 2356
1064 2176 2356
2830 1718 2859
2859 1718 2830
1718 2830 2859
95 850 2072
2072 95 850
850 95 2072
1963 863 2942
2942 863 1963
863 1963 2942
116 2124 2904
2124 116 2904
2904 116 2124
2257 1451 2877
1451 2257 2877
2877 1451 2257
388 178 2317
178 388 2317
2317 178 388
1024 812 2544
2544 812 1024
812 1024 2544
85 1353 2090
1353 85 2090
2090 85 1353
2977 963 2839
963 2839 2977
2839 963 2977
2805 548 2616
548 2616 2805
2616 548 2805
290 1418 2355
2355 290 1418
1418 290 2355
2556 1276 2163
1276 2163 2556
2163 1276 2556
1525 389 2546
389 1525 2546
2546 389 1525
2999 876 2712
876 2712 2999
2712 876 2999
2582 55 2316
55 2316 2582
2316 55 2582
2862 837 1780
1780 837 2862
837 1780 2862
1745 508 1814
1814 508 1745
508 1745 1814
657 778 1510
1510 657 778
778 657 1510
1570 524 2245
524 1570 2245
2245 524 1570
1046 800 1550
800 1046 1550
1550 800 1046
1351 158 1915
158 1351 1915
1915 158 1351
2901 504 1601
504 1601 2901
1601 504 2901
396 1087 2978
1087 396 2978
2978 396 1087
2038 1957 2644
1957 2038 2644
2644 1957 2038
412 339 2361
339 412 2361
2361 339 412
1478 569 2686
569 1478 2686
2686 569 1478
1690 1097 1444
1097 1444 1690
1444 1097 1690
1623 671 2769
2769 671 1623
671 1623 2769
1818 1243 1669
1243 1669 1818
1669 1243 1818
544 2791 2920
2791 544 2920
2920 544 2791
2032 683 2703
683 2032 2703
2703 683 2032
1823 1136 1452
1136 1452 1823
1452 1136 1823
464 317 2133
2133 317 464
317 464 2133
431 2104 2600
2104 431 2600
2600 431 2104
1621 152 1012
1012 152 1621
152 1012 1621
496 403 2647
2647 403 496
403 496 2647
2849 958 2585
2585 958 2849
958 2585 2849
1708 260 2100
260 1708 2100
2100 260 1708
2148 798 2188
2188 798 2148
798 2148 2188
586 358 680
358 586 680
680 358 586
956 408 938
408 938 956
938 408 956
200 1792 2943
1792 200 2943
2943 200 1792
2681 572 1468
572 1468 2681
1468 572 2681
547 71 1212
1212 71 547
71 547 1212
2311 477 1987
477 1987 2311
1987 477 2311
289 1401 1543
1401 289 1543
1543 289 1401
356 1775 1817
1775 356 1817
1817 356 1775
713 2522 2936
2522 713 2936
2936 713 2522
2742 722 2878
2878 722 2742
722 2742 2878
373 1941 2026
1941 373 2026
2026 373 1941
1215 1979 2333
2333 1215 1979
1979 1215 2333
515 1220 2766
1220 515 2766
2766 515 1220
2706 1595 2918
1595 2706 2918
2918 1595 2706
37 1426 1501
1501 37 1426
1426 37 1501
1567 785 2947
2947 785 1567
785 1567 2947
641 959 2629
959 641 2629
2629 641 959
69 1464 1844
1844 69 1464
1464 69 1844
326 1722 2780
2780 326 1722
1722 326 2780
305 1221 1871
1871 305 1221
1221 305 1871
1766 1575 2025
2025 1575 1766
1575 1766 2025
2622 1261 2076
1261 2076 2622
2076 1261 2622
817 1732 2851
2851 817 1732
1732 817 2851
1636 1143 1334
1334 1143 1636
1143 1334 1636
2322 1757 1808
1757 1808 2322
1808 1757 2322
546 993 1103
1103 546 993
993 546 1103
142 2030 2288
2288 142 2030
2030 142 2288
947 973 2140
973 947 2140
2140 947 973
1060 427 2168
2168 427 1060
427 1060 2168
804 143 1527
1527 143 804
143 804 1527
47 1176 1494
1494 47 1176
1176 47 1494
1674 406 675
675 406 1674
406 675 1674
1366 944 2406
944 1366 2406
2406 944 1366
1312 1590 1912
1912 1312 1590
1590 1312 1912
223 457 1965
457 223 1965
1965 223 457
983 788 2594
788 983 2594
2594 788 983
2130 1747 1996
1996 1747 2130
1747 1996 2130
1397 1341 1523
1523 1341 1397
1341 1397 1523
352 1764 2455
2455 352 1764
1764 352 2455
1864 759 1882
759 1864 1882
1882 759 1864
802 1768 1903
1903 802 1768
1768 802 1903
1598 169 598
169 598 1598
598 169 1598
113 639 1826
639 113 1826
1826 113 639
2372 1324 2206
2206 1324 2372
1324 2206 2372
1407 1175 2551
1175 1407 2551
2551 1175 1407
1029 1198 1328
1328 1029 1198
1198 1029 1328
630 203 1524
1524 203 630
203 630 1524
1666 2469 2698
2698 1666 2469
2469 1666 2698
2371 605 673
605 673 2371
673 605 2371
1983 126 1083
1083 126 1983
126 1083 1983
2995 667 2853
2853 667 2995
667 2853 2995
1285 1169 2726
1169 1285 2726
2726 1169 1285
1042 2084 2242
2242 1042 2084
2084 1042 2242
640 2292 2458
2458 640 2292
2292 640 2458
67 1511 2759
2759 67 1511
1511 67 2759
1150 1373 1841
1373 1150 1841
1841 1150 1373
2001 1043 2945
1043 2001 2945
2945 1043 2001
72 111 1867
1867 72 111
111 72 1867
1721 988 2596
988 1721 2596
2596 988 1721
953 109 1015
1015 109 953
109 953 1015
2755 955 1677
1677 955 2755
955 1677 2755
704 1123 1945
1945 704 1123
1123 704 1945
1568 1214 2228
2228 1214 1568
1214 1568 2228
976 1469 2925
1469 976 2925
2925 976 1469
868 1304 2620
2620 868 1304
1304 868 2620
710 1555 2404
2404 710 1555
1555 710 2404
1664 600 2014
600 1664 2014
2014 600 1664
986 2691 2801
2801 986 2691
2691 986 2801
2944 2235 2751
2751 2235 2944
2235 2751 2944
2994 387 604
604 387 2994
387 604 2994
847 2125 2794
2125 847 2794
2794 847 2125
214 936 1661
1661 214 936
936 214 1661
377 1211 2415
1211 377 2415
2415 377 1211
1898 2332 2952
2332 1898 2952
2952 1898 2332
2689 753 1193
753 1193 2689
1193 753 2689
1634 128 1171
1171 128 1634
128 1171 1634
2177 815 2633
2633 815 2177
815 2177 2633
774 417 480
417 480 774
480 417 774
1512 139 1199
139 1199 1512
1199 139 1512
424 884 1685
1685 424 884
884 424 1685
2860 952 1503
1503 952 2860
952 1503 2860
1825 256 2710
2710 256 1825
256 1825 2710
2640 444 2555
2555 444 2640
444 2555 2640
1637 429 2969
429 1637 2969
2969 429 1637
124 514 2079
2079 124 514
514 124 2079
2570 999 1458
1458 999 2570
999 1458 2570
64 331 376
331 64 376
376 64 331
157 230 1566
230 157 1566
1566 157 230
624 140 827
827 140 624
140 624 827
585 1520 1771
1771 585 1520
1520 585 1771
1855 106 744
744 106 1855
106 744 1855
1962 1654 2022
2022 1654 1962
1654 1962 2022
942 503 1692
503 942 1692
1692 503 942
2615 1105 2548
2548 1105 2615
1105 2548 2615
1272 2436 2566
2436 1272 2566
2566 1272 2436
2303 1694 1856
1694 1856 2303
1856 1694 2303
1952 232 823
232 823 1952
823 232 1952
1080 96 2096
2096 96 1080
96 1080 2096
2075 425 2463
2463 425 2075
425 2075 2463
228 1770 2446
1770 228 2446
2446 228 1770
659 471 1534
471 659 1534
1534 471 659
2567 634 843
634 843 2567
843 634 2567
105 184 1178
1178 105 184
184 105 1178
1703 957 1229
1229 957 1703
957 1229 1703
56 1778 1868
1868 56 1778
1778 56 1868
2955 520 1646
1646 520 2955
520 1646 2955
1216 588 2141
588 1216 2141
2141 588 1216
1040 653 1991
1991 653 1040
653 1040 1991
2638 18 776
18 776 2638
776 18 2638
1951 769 2197
2197 769 1951
769 1951 2197
2720 2497 2857
2857 2497 2720
2497 2720 2857
2752 803 1619
1619 803 2752
803 1619 2752
229 2052 2283
2283 229 2052
2052 229 2283
202 1618 2397
2397 202 1618
1618 202 2397
1877 181 2385
2385 181 1877
181 1877 2385
1705 1930 2717
1930 1705 2717
2717 1705 1930
1026 1627 1799
1627 1026 1799
1799 1026 1627
2450 60 1529
1529 60 2450
60 1529 2450
235 29 2841
29 235 2841
2841 29 235
1278 564 1857
564 1278 1857
1857 564 1278
254 1530 2508
1530 254 2508
2508 254 1530
1406 1400 1773
1773 1400 1406
1400 1406 1773
1972 321 1233
321 1233 1972
1233 321 1972
899 978 2565
2565 899 978
978 899 2565
2195 2530 2557
2557 2195 2530
2530 2195 2557
1715 211 1586
1586 211 1715
211 1586 1715
2688 401 590
401 590 2688
590 401 2688
1187 2040 2149
2149 1187 2040
2040 1187 2149
1724 2106 2306
2106 1724 2306
2306 1724 2106
2342 2209 2271
2271 2209 2342
2209 2271 2342
1013 413 1573
413 1013 1573
1573 413 1013
2741 892 1741
1741 892 2741
892 1741 2741
1460 1640 2998
1640 1460 2998
2998 1460 1640
1343 347 735
735 347 1343
347 735 1343
7 921 2974
2974 7 921
921 7 2974
2467 1391 2391
1391 2391 2467
2391 1391 2467
1743 770 2880
2880 770 1743
770 1743 2880
168 1926 2690
1926 168 2690
2690 168 1926
2682 1846 2949
1846 2682 2949
2949 1846 2682
642 727 2485
727 642 2485
2485 642 727
1938 1047 1186
1186 1047 1938
1047 1186 1938
801 1891 2778
1891 801 2778
2778 801 1891
2571 8 2182
8 2182 2571
2182 8 2571
928 9 2171
9 928 2171
2171 9 928
1277 481 2520
2520 481 1277
481 1277 2520
2938 1069 2574
2574 1069 2938
1069 2574 2938
1048 1853 2425
1853 1048 2425
2425 1048 1853
84 78 2848
78 84 2848
2848 78 84
2290 625 1374
625 1374 2290
1374 625 2290
925 10 819
10 819 925
819 10 925
1735 293 1589
293 1589 1735
1589 293 1735
2399 284 2598
2598 284 2399
284 2399 2598
1559 1244 1327
1244 1327 1559
1327 1244 1559
209 1363 1380
1363 209 1380
1380 209 1363
1736 619 2346
2346 619 1736
619 1736 2346
1680 422 2996
422 1680 2996
2996 422 1680
1362 660 1508
1508 660 1362
660 1362 1508
1389 748 1975
1975 748 1389
748 1389 1975
1289 783 1706
1706 783 1289
783 1289 1706
419 518 2708
518 419 2708
2708 419 518
2550 2225 2687
2225 2550 2687
2687 2225 2550
2386 1751 2580
1751 2386 2580
2580 1751 2386
2812 493 2483
2483 493 2812
493 2483 2812
900 565 1632
1632 565 900
565 900 1632
1937 2535 2916
2535 1937 2916
2916 1937 2535
2835 1415 2036
1415 2036 2835
2036 1415 2835
239 832 2813
832 239 2813
2813 239 832
833 218 2184
2184 218 833
218 833 2184
263 2563 2921
2921 263 2563
2563 263 2921
2595 1019 2543
1019 2543 2595
2543 1019 2595
1614 421 2393
2393 421 1614
421 1614 2393
2796 46 1462
1462 46 2796
46 1462 2796
1723 399 2558
399 1723 2558
2558 399 1723
562 1763 2979
2979 562 1763
1763 562 2979
991 59 1321
59 991 1321
1321 59 991
1761 934 1265
934 1265 1761
1265 934 1761
2015 303 2447
2447 303 2015
303 2015 2447
1964 626 1587
626 1587 1964
