99 14 69
14 69 99
69 14 99
75 153 173
153 75 173
173 75 153
240 43 101
101 43 240
43 101 240
242 11 263
11 242 263
263 11 242
152 2 37
2 37 152
37 2 152
5 7 234
234 5 7
7 5 234
241 182 273
273 182 241
182 241 273
299 98 115
98 115 299
115 98 299
35 139 156
156 35 139
139 35 156
275 144 145
145 144 275
144 145 275
248 195 239
195 239 248
239 195 248
105 132 148
148 105 132
132 105 148
36 78 260
78 36 260
260 36 78
140 284 286
286 140 284
284 140 286
207 102 231
102 207 231
231 102 207
230 84 95
95 84 230
84 95 230
168 34 296
34 168 296
296 34 168
143 93 209
93 143 209
209 93 143
48 46 74
46 48 74
74 46 48
174 216 249
249 174 216
216 174 249
203 1 171
1 171 203
171 1 203
266 104 272
104 266 272
272 104 266
237 103 229
103 229 237
229 103 237
255 80 280
280 80 255
80 255 280
196 82 185
82 185 196
185 82 196
142 213 277
213 142 277
277 142 213
41 70 246
70 41 246
246 41 70
157 159 276
276 157 159
159 157 276
253 83 166
83 166 253
166 83 253
212 162 178
178 162 212
162 178 212
114 92 170
92 114 170
170 92 114
169 164 215
164 169 215
215 164 169
118 25 50
50 25 118
25 50 118
223 176 243
243 176 223
176 223 243
57 18 130
18 57 130
130 18 57
257 151 172
151 172 257
172 151 257
31 179 270
270 31 179
179 31 270
201 127 252
127 201 252
252 127 201
300 198 287
287 198 300
198 287 300
136 62 116
62 116 136
116 62 136
108 199 281
281 108 199
199 108 281
218 147 235
235 147 218
147 218 235
295 47 271
47 271 295
271 47 295
72 55 289
289 55 72
55 72 289
28 262 264
264 28 262
262 28 264
40 13 123
13 40 123
123 13 40
158 73 77
77 73 158
73 77 158
122 67 161
67 122 161
161 67 122
129 20 44
20 44 129
44 20 129
54 106 283
106 54 283
283 54 106
26 138 233
138 26 233
233 26 138
258 21 45
45 21 258
21 45 258
76 126 254
126 76 254
254 76 126
155 154 267
154 155 267
267 154 155
6 180 181
180 6 181
181 6 180
68 90 188
90 68 188
188 68 90
119 112 247
247 112 119
112 119 247
135 66 133
66 133 135
133 66 135
61 87 131
131 61 87
87 61 131
175 64 141
64 141 175
141 64 175
232 125 274
125 232 274
274 125 232
165 183 227
183 165 227
227 165 183
285 15 191
191 15 285
15 191 285
211 22 250
250 22 211
22 211 250
256 39 96
39 96 256
96 39 256
244 38 146
146 38 244
38 146 244
194 3 24
3 24 194
24 3 194
117 217 236
217 117 236
236 117 217
297 17 86
86 17 297
17 86 297
206 56 269
56 206 269
269 56 206
94 33 187
187 33 94
33 94 187
225 204 278
204 225 278
278 204 225
167 149 197
197 149 167
149 167 197
59 10 279
10 59 279
279 10 59
265 71 192
71 192 265
192 71 265
228 190 294
190 228 294
294 190 228
220 32 205
205 32 220
32 205 220
150 208 261
261 150 208
208 150 261
85 214 268
268 85 214
214 85 268
219 29 30
30 29 219
29 30 219
63 81 100
100 63 81
81 63 100
107 160 221
221 107 160
160 107 221
4 51 113
113 4 51
51 4 113
224 109 193
193 109 224
109 193 224
53 27 222
222 27 53
27 53 222
65 9 19
19 9 65
9 19 65
60 128 290
290 60 128
128 60 290
226 8 177
177 8 226
8 177 226
120 16 210
16 120 210
210 16 120
282 163 291
163 282 291
291 163 282
184 79 124
124 79 184
79 124 184
292 49 97
97 49 292
49 97 292
251 12 58
12 58 251
58 12 251
23 52 245
245 23 52
52 23 245
91 89 202
202 89 91
89 91 202
42 134 259
259 42 134
134 42 259
137 111 186
186 111 137
111 137 186
121 110 200
200 110 121
110 121 200
293 238 288
238 288 293
288 238 293
88 189 298
298 88 189
189 88 298
