4801 22319 29874
29874 4801 22319
22319 4801 29874
12984 3563 19056
19056 3563 12984
3563 12984 19056
16768 7344 15290
7344 15290 16768
15290 7344 16768
5300 147 5838
5838 147 5300
147 5300 5838
19051 22641 25547
22641 19051 25547
25547 19051 22641
24828 1542 18720
18720 1542 24828
1542 18720 24828
26286 6871 17304
6871 17304 26286
17304 6871 26286
335 22804 23161
22804 335 23161
23161 335 22804
9011 415 11359
415 9011 11359
11359 415 9011
901 589 3076
589 901 3076
3076 589 901
10566 3878 29050
29050 3878 10566
3878 10566 29050
13166 228 1054
228 1054 13166
1054 228 13166
27665 829 14236
829 14236 27665
14236 829 27665
12977 12160 23135
23135 12160 12977
12160 12977 23135
3280 7987 25323
7987 3280 25323
25323 3280 7987
103 5106 10219
10219 103 5106
5106 103 10219
18170 18413 28341
28341 18170 18413
18413 18170 28341
29508 19224 28392
19224 28392 29508
28392 19224 29508
5049 12177 29768
29768 5049 12177
12177 5049 29768
18826 9337 26758
9337 18826 26758
26758 9337 18826
19788 22562 25370
25370 19788 22562
22562 19788 25370
12725 8937 13811
8937 12725 13811
13811 8937 12725
24815 8715 20199
8715 20199 24815
20199 8715 24815
15143 5726 13936
13936 5726 15143
5726 13936 15143
19527 19655 23003
19655 19527 23003
23003 19527 19655
11425 190 3325
190 3325 11425
3325 190 11425
10282 13834 20691
13834 10282 20691
20691 10282 13834
25031 3611 4833
4833 3611 25031
3611 4833 25031
17752 9306 27992
27992 9306 17752
9306 17752 27992
23326 4937 27007
27007 4937 23326
4937 23326 27007
6135 3943 6416
3943 6135 6416
6416 3943 6135
28730 6092 16946
16946 6092 28730
6092 16946 28730
21303 20993 23677
23677 20993 21303
20993 21303 23677
24966 25772 27632
27632 24966 25772
25772 24966 27632
26888 2548 14209
2548 14209 26888
14209 2548 26888
19760 6253 23169
6253 19760 23169
23169 6253 19760
27100 700 29189
29189 700 27100
700 27100 29189
24301 4996 16847
16847 4996 24301
4996 16847 24301
13503 10974 14583
14583 10974 13503
10974 13503 14583
7011 20605 21646
20605 7011 21646
21646 7011 20605
8019 5242 8948
8948 5242 8019
5242 8019 8948
4619 11499 15957
15957 4619 11499
11499 4619 15957
7564 4941 19663
19663 4941 7564
4941 7564 19663
9553 2240 7524
2240 7524 9553
7524 2240 9553
9716 10358 22321
10358 9716 22321
22321 9716 10358
9523 5981 11240
5981 9523 11240
11240 5981 9523
23536 5709 26606
5709 23536 26606
26606 5709 23536
21189 20186 20451
20186 20451 21189
20451 20186 21189
15793 10281 11263
11263 10281 15793
10281 11263 15793
29524 5911 7420
5911 7420 29524
7420 5911 29524
12250 8209 23800
8209 12250 23800
23800 8209 12250
7156 9055 10753
10753 7156 9055
9055 7156 10753
17979 5541 19813
5541 17979 19813
19813 5541 17979
9058 22647 26334
26334 9058 22647
22647 9058 26334
6609 579 26977
26977 579 6609
579 6609 26977
8093 14002 19364
19364 8093 14002
14002 8093 19364
7311 11508 28718
11508 7311 28718
28718 7311 11508
22579 11950 20180
11950 20180 22579
20180 11950 22579
15549 20407 24376
20407 15549 24376
24376 15549 20407
23459 12360 27678
27678 12360 23459
12360 23459 27678
21121 192 29587
192 21121 29587
29587 192 21121
1156 8147 27003
27003 1156 8147
8147 1156 27003
8514 7965 12498
7965 8514 12498
12498 7965 8514
8950 15763 26435
15763 8950 26435
26435 8950 15763
20443 11140 17310
11140 17310 20443
17310 11140 20443
8070 4388 16233
16233 4388 8070
4388 8070 16233
14692 5357 12320
5357 12320 14692
12320 5357 14692
3041 4702 28763
4702 3041 28763
28763 3041 4702
10390 18429 22506
22506 10390 18429
18429 10390 22506
10008 10988 27561
10988 10008 27561
27561 10008 10988
8969 1572 16701
1572 8969 16701
16701 1572 8969
7469 9876 28281
9876 7469 28281
28281 7469 9876
26864 3198 27589
3198 26864 27589
27589 3198 26864
25294 2118 12913
2118 12913 25294
12913 2118 25294
26357 9060 9605
9605 9060 26357
9060 9605 26357
9025 4316 14350
14350 4316 9025
4316 9025 14350
889 24229 28735
24229 889 28735
28735 889 24229
4018 3447 6200
6200 3447 4018
3447 4018 6200
28310 13550 29125
29125 13550 28310
13550 28310 29125
8202 7287 29092
29092 7287 8202
7287 8202 29092
2645 9826 16218
16218 2645 9826
9826 2645 16218
11609 1471 4570
4570 1471 11609
1471 4570 11609
28751 16722 17746
17746 16722 28751
16722 17746 28751
6754 12527 12887
12887 6754 12527
12527 6754 12887
28545 7145 12656
12656 7145 28545
7145 12656 28545
212 9688 22239
22239 212 9688
9688 212 22239
6305 16090 27060
16090 6305 27060
27060 6305 16090
1158 14381 22927
14381 1158 22927
22927 1158 14381
265 17706 22661
22661 265 17706
17706 265 22661
8765 5492 9073
5492 8765 9073
9073 5492 8765
8371 1843 9932
9932 1843 8371
1843 8371 9932
27049 5767 29021
29021 5767 27049
5767 27049 29021
28806 22486 24276
24276 22486 28806
22486 24276 28806
10894 14729 25380
25380 10894 14729
14729 10894 25380
5230 1045 18535
1045 5230 18535
18535 1045 5230
7035 27718 29659
29659 7035 27718
27718 7035 29659
13759 9430 12239
12239 9430 13759
9430 12239 13759
2400 2284 5364
5364 2284 2400
2284 2400 5364
24934 3811 24712
24712 3811 24934
3811 24712 24934
26668 5980 10192
10192 5980 26668
5980 10192 26668
10722 2068 2684
2068 2684 10722
2684 2068 10722
3390 13259 20410
20410 3390 13259
13259 3390 20410
19408 12872 19427
12872 19408 19427
19427 12872 19408
3983 9769 26506
9769 3983 26506
26506 3983 9769
21117 9377 23667
23667 9377 21117
9377 21117 23667
5210 14816 19738
14816 5210 19738
19738 5210 14816
24686 21823 28597
21823 24686 28597
28597 21823 24686
28873 10080 23261
23261 10080 28873
10080 23261 28873
4225 7031 25630
25630 4225 7031
7031 4225 25630
9320 9983 26370
9983 9320 26370
26370 9320 9983
22434 13714 22708
22708 13714 22434
13714 22434 22708
3702 6610 26248
6610 3702 26248
26248 3702 6610
8819 23118 24025
23118 8819 24025
24025 8819 23118
16623 11413 18013
11413 16623 18013
18013 11413 16623
29921 4309 29767
4309 29767 29921
29767 4309 29921
1127 15208 28245
28245 1127 15208
15208 1127 28245
25969 24756 29887
24756 25969 29887
29887 24756 25969
4168 22738 28500
22738 4168 28500
28500 4168 22738
20393 14086 28189
28189 14086 20393
14086 20393 28189
16480 9946 20644
9946 16480 20644
20644 9946 16480
15629 2670 18009
2670 15629 18009
18009 2670 15629
24937 14504 25826
25826 14504 24937
14504 24937 25826
3152 22386 23758
22386 3152 23758
23758 3152 22386
12846 14651 17526
17526 12846 14651
14651 12846 17526
10048 3473 16157
3473 10048 16157
16157 3473 10048
7728 2789 14853
14853 2789 7728
2789 7728 14853
20716 6696 28997
28997 6696 20716
6696 20716 28997
2309 1587 7514
1587 2309 7514
7514 1587 2309
20235 14081 19421
14081 19421 20235
19421 14081 20235
24368 2864 15575
15575 2864 24368
2864 15575 24368
28535 5955 10926
10926 5955 28535
5955 10926 28535
18833 24336 28459
24336 18833 28459
28459 18833 24336
1678 17143 25998
25998 1678 17143
17143 1678 25998
3968 18193 19804
19804 3968 18193
18193 3968 19804
14368 2119 15456
2119 14368 15456
15456 2119 14368
22492 24123 27827
27827 22492 24123
24123 22492 27827
5513 9966 17130
17130 5513 9966
9966 5513 17130
4425 6192 29984
29984 4425 6192
6192 4425 29984
18457 5585 5699
5585 5699 18457
5699 5585 18457
14621 3709 29522
3709 14621 29522
29522 3709 14621
14867 3120 27831
27831 3120 14867
3120 14867 27831
14313 12813 13773
13773 12813 14313
12813 13773 14313
13766 22020 27663
22020 13766 27663
27663 13766 22020
14429 844 10633
844 10633 14429
10633 844 14429
4108 374 12674
12674 374 4108
374 4108 12674
9282 4232 25864
4232 9282 25864
25864 4232 9282
17537 8704 20645
8704 17537 20645
20645 8704 17537
2844 11032 26690
11032 2844 26690
26690 2844 11032
27397 11771 23016
11771 23016 27397
23016 11771 27397
18893 2060 27139
2060 18893 27139
27139 2060 18893
7894 11623 22622
11623 7894 22622
22622 7894 11623
23251 2402 12950
12950 2402 23251
2402 12950 23251
6803 13332 18548
18548 6803 13332
13332 6803 18548
12730 11985 28590
11985 12730 28590
28590 11985 12730
3689 21221 24051
21221 3689 24051
24051 3689 21221
13059 3398 10687
10687 3398 13059
3398 10687 13059
7810 4251 14320
14320 4251 7810
4251 7810 14320
12358 18839 19863
18839 12358 19863
19863 12358 18839
15430 15442 22093
22093 15430 15442
15442 15430 22093
15489 6143 25955
6143 15489 25955
25955 6143 15489
4788 11501 19267
19267 4788 11501
11501 4788 19267
8688 15769 27679
15769 8688 27679
27679 8688 15769
27790 8426 10711
8426 10711 27790
10711 8426 27790
26938 1681 28057
1681 26938 28057
28057 1681 26938
18294 8060 19904
19904 8060 18294
8060 18294 19904
11591 3035 21935
21935 3035 11591
3035 11591 21935
18339 10433 15276
10433 15276 18339
15276 10433 18339
17837 18391 29190
29190 17837 18391
18391 17837 29190
14179 16519 26126
26126 14179 16519
16519 14179 26126
15452 24490 26807
24490 15452 26807
26807 15452 24490
16487 10375 27938
10375 16487 27938
27938 10375 16487
9066 15041 24289
15041 9066 24289
24289 9066 15041
21483 5667 26055
5667 21483 26055
26055 5667 21483
19744 1584 25385
25385 1584 19744
1584 19744 25385
17041 20953 26263
26263 17041 20953
20953 17041 26263
27301 1264 29094
1264 27301 29094
29094 1264 27301
20871 8701 17072
17072 8701 20871
8701 17072 20871
27368 15614 16716
15614 16716 27368
16716 15614 27368
2327 14029 23448
23448 2327 14029
14029 2327 23448
5734 7442 12958
12958 5734 7442
7442 5734 12958
2206 16799 18612
16799 2206 18612
18612 2206 16799
28170 10166 20924
20924 10166 28170
10166 20924 28170
26018 19618 25752
25752 19618 26018
19618 25752 26018
16133 11471 18790
18790 11471 16133
11471 16133 18790
6757 6884 10916
10916 6757 6884
6884 6757 10916
11928 13824 14836
14836 11928 13824
13824 11928 14836
19925 3375 18227
3375 18227 19925
18227 3375 19925
27789 3450 7541
3450 7541 27789
7541 3450 27789
27934 21897 22607
22607 21897 27934
21897 22607 27934
22977 9993 23703
23703 9993 22977
9993 22977 23703
1804 24202 24858
24858 1804 24202
24202 1804 24858
8323 3961 20161
3961 8323 20161
20161 3961 8323
13711 11363 21873
11363 13711 21873
21873 11363 13711
4200 10410 22709
10410 4200 22709
22709 4200 10410
25524 504 1901
1901 504 25524
504 1901 25524
11036 13384 20108
20108 11036 13384
13384 11036 20108
14020 4259 16995
16995 4259 14020
4259 14020 16995
13445 12439 17284
17284 12439 13445
12439 13445 17284
22213 17611 19686
17611 19686 22213
19686 17611 22213
2868 3493 24157
24157 2868 3493
3493 2868 24157
15736 14123 21202
14123 15736 21202
21202 14123 15736
5187 10285 19045
19045 5187 10285
10285 5187 19045
24144 16140 20458
16140 20458 24144
20458 16140 24144
1519 29351 29397
29397 1519 29351
29351 1519 29397
19132 2350 9501
9501 2350 19132
2350 9501 19132
5561 1456 14006
1456 5561 14006
14006 1456 5561
29640 13568 24852
13568 24852 29640
24852 13568 29640
8288 3917 28697
28697 3917 8288
3917 8288 28697
29425 14157 24141
24141 14157 29425
14157 24141 29425
8978 12494 21227
12494 8978 21227
21227 8978 12494
6770 11862 21853
11862 6770 21853
21853 6770 11862
19947 1613 11106
11106 1613 19947
1613 11106 19947
28079 12835 23642
23642 12835 28079
12835 23642 28079
14837 314 2523
314 2523 14837
2523 314 14837
1211 14245 15682
15682 1211 14245
14245 1211 15682
17411 309 19187
309 17411 19187
19187 309 17411
13459 6488 9115
6488 9115 13459
9115 6488 13459
28964 7208 26892
26892 7208 28964
7208 26892 28964
1363 1232 11009
11009 1232 1363
1232 1363 11009
19021 3062 12938
3062 12938 19021
12938 3062 19021
29027 14300 29347
29347 14300 29027
14300 29027 29347
17018 11588 20226
11588 17018 20226
20226 11588 17018
1329 9288 18873
18873 1329 9288
9288 1329 18873
12265 17924 28543
17924 12265 28543
28543 12265 17924
8761 3635 21461
3635 8761 21461
21461 3635 8761
14058 12573 26509
12573 14058 26509
26509 12573 14058
14928 3985 23744
3985 14928 23744
23744 3985 14928
2829 6779 7515
7515 2829 6779
6779 2829 7515
18660 21293 23836
23836 18660 21293
21293 18660 23836
12019 16803 23256
16803 12019 23256
23256 12019 16803
24386 7357 23823
7357 23823 24386
23823 7357 24386
19401 21627 27706
27706 19401 21627
21627 19401 27706
4118 17050 22050
22050 4118 17050
17050 4118 22050
16761 7075 12774
7075 12774 16761
12774 7075 16761
20202 1810 3417
1810 3417 20202
3417 1810 20202
17325 12309 15265
12309 15265 17325
15265 12309 17325
10691 3970 25046
3970 10691 25046
25046 3970 10691
9239 3161 13160
13160 3161 9239
3161 9239 13160
22077 290 27890
27890 290 22077
290 22077 27890
10341 12937 15584
12937 10341 15584
15584 10341 12937
9247 5407 7686
5407 7686 9247
7686 5407 9247
11170 21563 23885
23885 11170 21563
21563 11170 23885
12523 6307 15058
15058 6307 12523
6307 12523 15058
21570 15031 22170
15031 21570 22170
22170 15031 21570
29399 16162 26831
16162 26831 29399
26831 16162 29399
4097 13373 16574
13373 4097 16574
16574 4097 13373
19602 5124 22539
22539 5124 19602
5124 19602 22539
7157 12889 20481
20481 7157 12889
12889 7157 20481
23999 25668 29211
29211 23999 25668
25668 23999 29211
20804 3659 7367
3659 7367 20804
7367 3659 20804
13492 10468 11847
10468 11847 13492
11847 10468 13492
13303 17229 20603
17229 13303 20603
20603 13303 17229
20209 11812 13118
13118 11812 20209
11812 13118 20209
5118 1911 3784
3784 1911 5118
1911 3784 5118
24742 10484 23849
10484 23849 24742
23849 10484 24742
85 1032 16863
1032 85 16863
16863 85 1032
7368 8207 28850
28850 7368 8207
8207 7368 28850
22515 17936 26673
17936 22515 26673
26673 17936 22515
19206 9799 24110
24110 9799 19206
9799 19206 24110
10652 28017 29870
29870 10652 28017
28017 10652 29870
28233 2163 25925
25925 2163 28233
2163 25925 28233
17720 22707 28884
28884 17720 22707
22707 17720 28884
12042 5018 16118
5018 12042 16118
16118 5018 12042
2076 29488 29853
29488 2076 29853
29853 2076 29488
26234 15739 23470
15739 23470 26234
23470 15739 26234
17551 13927 16587
16587 13927 17551
13927 16587 17551
15025 529 10034
10034 529 15025
529 10034 15025
18293 11944 24169
24169 11944 18293
11944 18293 24169
29291 10762 14068
14068 10762 29291
10762 14068 29291
8073 7033 12108
7033 8073 12108
12108 7033 8073
142 14048 15345
15345 142 14048
14048 142 15345
2391 4866 20034
20034 2391 4866
4866 2391 20034
20771 2255 15088
2255 15088 20771
15088 2255 20771
16608 10839 14698
14698 10839 16608
10839 14698 16608
28489 4922 9676
9676 4922 28489
4922 9676 28489
16045 22177 22723
22723 16045 22177
22177 16045 22723
1360 8625 19806
8625 1360 19806
19806 1360 8625
7913 5543 21771
21771 5543 7913
5543 7913 21771
22006 22802 24183
22802 22006 24183
24183 22006 22802
29916 12761 23155
12761 23155 29916
23155 12761 29916
21156 4218 5883
5883 4218 21156
4218 5883 21156
27794 15645 17852
15645 17852 27794
17852 15645 27794
17863 170 15767
170 15767 17863
15767 170 17863
28731 266 24726
266 24726 28731
24726 266 28731
12695 8951 20689
8951 12695 20689
20689 8951 12695
8191 5343 10761
10761 5343 8191
5343 8191 10761
12363 14290 17827
17827 12363 14290
14290 12363 17827
3752 7076 19188
19188 3752 7076
7076 3752 19188
311 470 26784
26784 311 470
470 311 26784
23648 2810 12870
12870 2810 23648
2810 12870 23648
2078 4808 7114
4808 2078 7114
7114 2078 4808
20703 20203 27026
27026 20203 20703
20203 20703 27026
23614 9781 19389
9781 19389 23614
19389 9781 23614
1574 14834 27631
27631 1574 14834
14834 1574 27631
11452 11368 27878
11368 11452 27878
27878 11368 11452
20918 13283 21906
13283 20918 21906
21906 13283 20918
27975 16127 25036
25036 16127 27975
16127 25036 27975
7627 1035 19405
1035 7627 19405
19405 1035 7627
17333 2134 29752
29752 2134 17333
2134 17333 29752
5506 6638 23732
6638 5506 23732
23732 5506 6638
5830 22678 23929
23929 5830 22678
22678 5830 23929
15495 12260 27724
12260 15495 27724
27724 12260 15495
293 1973 25257
1973 293 25257
25257 293 1973
25631 9886 12857
12857 9886 25631
9886 12857 25631
18625 17747 28790
17747 18625 28790
28790 17747 18625
25282 14127 22596
22596 14127 25282
14127 22596 25282
11922 5636 27406
27406 5636 11922
5636 11922 27406
10478 510 4136
4136 510 10478
510 4136 10478
6823 14467 21663
21663 6823 14467
14467 6823 21663
26006 6575 16026
6575 16026 26006
16026 6575 26006
12053 22598 26631
26631 12053 22598
22598 12053 26631
455 11092 25674
25674 455 11092
11092 455 25674
5511 17499 27449
17499 5511 27449
27449 5511 17499
26625 4140 16161
4140 16161 26625
16161 4140 26625
12333 14799 16473
16473 12333 14799
14799 12333 16473
10037 26384 29885
26384 10037 29885
29885 10037 26384
5173 10001 23182
23182 5173 10001
10001 5173 23182
10971 17479 25250
17479 10971 25250
25250 10971 17479
26038 24684 26137
26137 24684 26038
24684 26038 26137
342 13355 17769
17769 342 13355
13355 342 17769
10073 3496 25945
3496 10073 25945
25945 3496 10073
14620 11063 24701
24701 11063 14620
11063 14620 24701
22276 9332 13660
9332 13660 22276
13660 9332 22276
12411 17097 20826
17097 12411 20826
20826 12411 17097
13661 24155 26436
26436 13661 24155
24155 13661 26436
16199 11820 21272
21272 11820 16199
11820 16199 21272
17520 3991 23575
3991 17520 23575
23575 3991 17520
29966 10591 28525
28525 10591 29966
10591 28525 29966
21689 21507 24337
24337 21507 21689
21507 21689 24337
5051 18595 25730
18595 5051 25730
25730 5051 18595
23947 7744 21188
7744 21188 23947
21188 7744 23947
18278 7643 13734
7643 13734 18278
13734 7643 18278
13270 325 24375
24375 325 13270
325 13270 24375
760 2797 5818
5818 760 2797
2797 760 5818
17360 10190 18215
10190 17360 18215
18215 10190 17360
12397 9846 13939
9846 12397 13939
13939 9846 12397
20870 3629 21383
3629 20870 21383
21383 3629 20870
17134 3971 15883
15883 3971 17134
3971 15883 17134
17929 5434 25663
5434 17929 25663
25663 5434 17929
29333 16621 21618
21618 16621 29333
16621 21618 29333
27390 12911 19179
19179 12911 27390
12911 19179 27390
25264 25139 26232
25139 25264 26232
26232 25139 25264
17114 15428 24310
24310 15428 17114
15428 17114 24310
19605 25185 25834
25834 19605 25185
25185 19605 25834
8291 26185 28844
26185 8291 28844
28844 8291 26185
12836 10911 26202
10911 12836 26202
26202 10911 12836
13304 16415 29938
16415 13304 29938
29938 13304 16415
9366 15508 18739
18739 9366 15508
15508 9366 18739
25236 2460 5468
5468 2460 25236
2460 5468 25236
8726 5267 21541
21541 5267 8726
5267 8726 21541
1167 6706 9141
6706 1167 9141
9141 1167 6706
22800 18607 23785
23785 18607 22800
18607 22800 23785
14077 7724 9117
7724 9117 14077
9117 7724 14077
28570 4793 24103
4793 24103 28570
24103 4793 28570
7220 10878 18797
18797 7220 10878
10878 7220 18797
4660 1013 16545
1013 4660 16545
16545 1013 4660
25760 7338 21457
21457 7338 25760
7338 21457 25760
21437 9236 18664
18664 9236 21437
9236 18664 21437
7093 833 26866
26866 833 7093
833 7093 26866
10870 12542 20387
12542 10870 20387
20387 10870 12542
11971 4358 28319
28319 4358 11971
4358 11971 28319
10618 722 14827
14827 722 10618
722 10618 14827
21917 5139 6681
5139 6681 21917
6681 5139 21917
8190 1748 8221
1748 8190 8221
8221 1748 8190
28291 9174 14356
14356 9174 28291
9174 14356 28291
1814 15598 16424
16424 1814 15598
15598 1814 16424
782 17364 23521
23521 782 17364
17364 782 23521
22667 21450 22000
21450 22000 22667
22000 21450 22667
28789 17292 29008
17292 28789 29008
29008 17292 28789
11740 14744 17857
14744 11740 17857
17857 11740 14744
3843 5344 10752
5344 3843 10752
10752 3843 5344
13744 9665 13895
9665 13744 13895
13895 9665 13744
9633 4236 11241
4236 9633 11241
11241 4236 9633
12017 1025 9368
9368 1025 12017
1025 9368 12017
15073 6623 25633
25633 6623 15073
6623 15073 25633
29169 26931 26973
26931 26973 29169
26973 26931 29169
10417 21059 21292
21292 10417 21059
21059 10417 21292
17055 13016 21599
13016 17055 21599
21599 13016 17055
13419 24352 29419
29419 13419 24352
24352 13419 29419
2167 5858 5931
5858 2167 5931
5931 2167 5858
24023 13049 16597
16597 13049 24023
13049 16597 24023
28229 14195 20231
20231 14195 28229
14195 20231 28229
10254 9131 9711
9711 9131 10254
9131 9711 10254
12729 13995 26396
13995 12729 26396
26396 12729 13995
7506 21498 27924
27924 7506 21498
21498 7506 27924
19095 15011 19897
15011 19095 19897
19897 15011 19095
1851 1380 16884
16884 1380 1851
1380 1851 16884
28954 16098 21544
21544 16098 28954
16098 21544 28954
2278 1534 6673
6673 1534 2278
1534 2278 6673
15486 2437 10915
10915 2437 15486
2437 10915 15486
27538 1273 19463
19463 1273 27538
1273 19463 27538
891 8098 12354
12354 891 8098
8098 891 12354
14008 3887 8769
8769 3887 14008
3887 8769 14008
2717 11786 13848
11786 2717 13848
13848 2717 11786
12275 19099 25740
19099 12275 25740
25740 12275 19099
6756 2517 2995
2517 2995 6756
2995 2517 6756
14654 6449 9405
9405 6449 14654
6449 9405 14654
11561 7498 25483
25483 7498 11561
7498 11561 25483
7609 755 16509
16509 755 7609
755 7609 16509
12443 5109 21172
21172 5109 12443
5109 12443 21172
24075 18107 19345
19345 18107 24075
18107 19345 24075
8666 8117 21645
21645 8117 8666
8117 8666 21645
5571 1554 26545
1554 5571 26545
26545 1554 5571
5011 6979 28647
28647 5011 6979
6979 5011 28647
18786 14875 21602
14875 18786 21602
21602 14875 18786
9736 277 26250
26250 277 9736
277 9736 26250
10521 133 8252
8252 133 10521
133 8252 10521
26415 12321 24912
12321 24912 26415
24912 12321 26415
7745 9022 9916
9916 7745 9022
9022 7745 9916
2321 11675 22557
11675 2321 22557
22557 2321 11675
3523 15902 16925
16925 3523 15902
15902 3523 16925
18230 11943 17010
11943 17010 18230
17010 11943 18230
27140 3339 24487
3339 24487 27140
24487 3339 27140
24220 1941 21772
1941 21772 24220
21772 1941 24220
17546 11312 21934
11312 17546 21934
21934 11312 17546
25071 16065 23216
23216 16065 25071
16065 23216 25071
6778 12201 15141
12201 6778 15141
15141 6778 12201
21078 9985 28447
9985 21078 28447
28447 9985 21078
27835 365 20536
365 20536 27835
20536 365 27835
26259 16080 29730
29730 16080 26259
16080 26259 29730
13450 13965 14211
14211 13450 13965
13965 13450 14211
14273 26051 29415
26051 14273 29415
29415 14273 26051
8131 15017 26117
15017 8131 26117
26117 8131 15017
6479 12295 25646
12295 6479 25646
25646 6479 12295
3163 1065 15820
1065 3163 15820
15820 1065 3163
14576 10267 26150
10267 14576 26150
26150 10267 14576
3604 16740 25221
16740 3604 25221
25221 3604 16740
19700 2103 20373
2103 19700 20373
20373 2103 19700
13977 26212 26943
26212 13977 26943
26943 13977 26212
24435 18582 27043
27043 18582 24435
18582 24435 27043
11840 16533 22575
22575 11840 16533
16533 11840 22575
10609 11411 23858
23858 10609 11411
11411 10609 23858
28111 12576 17705
17705 12576 28111
12576 17705 28111
16051 1011 28962
28962 1011 16051
1011 16051 28962
3662 4308 10822
4308 3662 10822
10822 3662 4308
27602 8535 21133
8535 21133 27602
21133 8535 27602
690 26062 26460
26062 690 26460
26460 690 26062
22178 15604 25289
25289 15604 22178
15604 22178 25289
9576 7828 26657
7828 9576 26657
26657 7828 9576
12717 23315 25735
25735 12717 23315
23315 12717 25735
14420 18402 23598
18402 14420 23598
23598 14420 18402
11014 26595 28737
26595 11014 28737
28737 11014 26595
3830 8864 22484
22484 3830 8864
8864 3830 22484
12749 12759 14188
12759 12749 14188
14188 12749 12759
20380 5575 7934
5575 7934 20380
7934 5575 20380
20068 4194 12166
12166 4194 20068
4194 12166 20068
23593 7219 25755
25755 7219 23593
7219 23593 25755
14513 4656 27907
4656 14513 27907
27907 4656 14513
4842 2135 4693
2135 4693 4842
4693 2135 4842
7911 5607 11311
5607 7911 11311
11311 5607 7911
26308 5623 15365
15365 5623 26308
5623 15365 26308
10863 6115 29676
29676 6115 10863
6115 10863 29676
7379 14784 20143
20143 7379 14784
14784 7379 20143
27786 6487 8049
6487 8049 27786
8049 6487 27786
11278 9280 19105
19105 9280 11278
9280 11278 19105
12559 6697 29353
6697 12559 29353
29353 6697 12559
11000 10015 24119
10015 11000 24119
24119 10015 11000
19593 20576 20881
20881 19593 20576
20576 19593 20881
15563 5372 8096
5372 8096 15563
8096 5372 15563
3776 3600 23111
3600 3776 23111
23111 3600 3776
21377 21945 26161
21945 21377 26161
26161 21377 21945
6498 2365 19087
19087 2365 6498
2365 6498 19087
28420 12232 20514
12232 20514 28420
20514 12232 28420
3529 12049 26655
26655 3529 12049
12049 3529 26655
24068 909 14483
909 14483 24068
14483 909 24068
16457 6506 21551
6506 16457 21551
21551 6506 16457
16823 15509 29015
15509 16823 29015
29015 15509 16823
4153 8857 26825
26825 4153 8857
8857 4153 26825
19301 10555 20665
20665 10555 19301
10555 19301 20665
3055 7949 16498
7949 3055 16498
16498 3055 7949
18684 1378 26633
1378 18684 26633
26633 1378 18684
29951 6920 17913
6920 17913 29951
17913 6920 29951
26670 14891 28756
14891 26670 28756
28756 14891 26670
27644 2643 23092
23092 2643 27644
2643 23092 27644
10494 248 21495
248 10494 21495
21495 248 10494
29965 3903 18265
18265 3903 29965
3903 18265 29965
21105 29700 29808
29808 21105 29700
29700 21105 29808
1879 21549 23099
21549 1879 23099
23099 1879 21549
29413 4215 13588
4215 13588 29413
13588 4215 29413
2064 4461 15542
4461 2064 15542
15542 2064 4461
23280 19595 22078
19595 22078 23280
22078 19595 23280
1082 13063 24928
24928 1082 13063
13063 1082 24928
28463 13024 20862
13024 20862 28463
20862 13024 28463
9764 17761 22819
22819 9764 17761
17761 9764 22819
19542 15451 27586
27586 15451 19542
15451 19542 27586
16711 347 13287
13287 347 16711
347 13287 16711
27859 17854 19641
19641 17854 27859
17854 19641 27859
18591 1182 16658
16658 1182 18591
1182 16658 18591
9653 1988 7654
7654 1988 9653
1988 7654 9653
23821 3526 14820
14820 3526 23821
3526 14820 23821
27012 26911 28749
28749 26911 27012
26911 27012 28749
28261 23314 27337
23314 27337 28261
27337 23314 28261
13434 7546 15274
7546 13434 15274
15274 7546 13434
1029 11779 22980
11779 1029 22980
22980 1029 11779
11583 4387 9580
4387 9580 11583
9580 4387 11583
24188 747 10750
747 10750 24188
10750 747 24188
23776 17778 27849
17778 23776 27849
27849 17778 23776
15716 7599 13727
7599 13727 15716
13727 7599 15716
13625 7395 13070
13070 7395 13625
7395 13070 13625
15026 3459 25295
3459 15026 25295
25295 3459 15026
18040 9450 29847
9450 18040 29847
29847 9450 18040
4874 6888 19984
19984 4874 6888
6888 4874 19984
1055 2909 27380
27380 1055 2909
2909 1055 27380
122 4993 25037
4993 122 25037
25037 122 4993
2182 6444 17646
17646 2182 6444
6444 2182 17646
9649 12531 19815
19815 9649 12531
12531 9649 19815
24582 16502 23561
23561 16502 24582
16502 23561 24582
22656 10546 11597
11597 10546 22656
10546 11597 22656
2242 3342 23192
23192 2242 3342
3342 2242 23192
8393 21244 25519
25519 8393 21244
21244 8393 25519
25142 4330 27477
4330 25142 27477
27477 4330 25142
28266 3124 16331
16331 3124 28266
3124 16331 28266
13414 2013 16407
16407 2013 13414
2013 13414 16407
27400 25981 26676
26676 25981 27400
25981 26676 27400
11563 10045 20248
10045 11563 20248
20248 10045 11563
4632 11440 17966
17966 4632 11440
11440 4632 17966
15140 6593 17754
6593 15140 17754
17754 6593 15140
20301 8145 25767
8145 20301 25767
25767 8145 20301
15985 5707 6352
6352 5707 15985
5707 6352 15985
8837 9617 29337
29337 8837 9617
9617 8837 29337
4888 15832 24940
24940 4888 15832
15832 4888 24940
29132 22751 26524
22751 26524 29132
26524 22751 29132
11766 22364 24236
24236 11766 22364
22364 11766 24236
20448 17157 20276
17157 20276 20448
20276 17157 20448
10293 14076 23133
14076 10293 23133
23133 10293 14076
4276 14956 24515
14956 4276 24515
24515 4276 14956
2378 11670 14386
11670 2378 14386
14386 2378 11670
20642 11284 20081
20081 11284 20642
11284 20081 20642
6459 5226 23476
23476 5226 6459
5226 6459 23476
14479 3349 17595
3349 14479 17595
17595 3349 14479
12507 2465 10005
10005 2465 12507
2465 10005 12507
27841 3753 8057
8057 3753 27841
3753 8057 27841
26433 25166 25367
25367 25166 26433
25166 25367 26433
27682 13519 23250
13519 23250 27682
23250 13519 27682
13767 8928 17625
8928 13767 17625
17625 8928 13767
9866 13990 25062
13990 9866 25062
25062 9866 13990
24207 1453 11289
11289 1453 24207
1453 11289 24207
13241 25506 27054
27054 13241 25506
25506 13241 27054
3740 6044 8586
8586 3740 6044
6044 3740 8586
2833 23890 24284
24284 2833 23890
23890 2833 24284
16304 13032 27832
13032 16304 27832
27832 13032 16304
14586 14093 23957
14093 14586 23957
23957 14093 14586
29115 5223 8133
5223 8133 29115
8133 5223 29115
27517 8480 17631
17631 8480 27517
8480 17631 27517
3336 24311 27450
27450 3336 24311
24311 3336 27450
15546 10006 22174
10006 15546 22174
22174 10006 15546
22851 17685 23276
23276 17685 22851
17685 22851 23276
4249 10349 10435
10435 4249 10349
10349 4249 10435
21799 5782 7227
7227 5782 21799
5782 7227 21799
26034 6336 27614
27614 6336 26034
6336 26034 27614
2265 3060 9989
3060 2265 9989
9989 2265 3060
6513 9467 12252
12252 6513 9467
9467 6513 12252
3799 14208 25931
14208 3799 25931
25931 3799 14208
18025 12927 21487
12927 18025 21487
21487 12927 18025
25840 4233 5671
4233 5671 25840
5671 4233 25840
27630 21509 27340
27340 21509 27630
21509 27340 27630
12366 5239 24920
24920 5239 12366
5239 12366 24920
28899 12408 29135
29135 12408 28899
12408 28899 29135
15078 2129 2238
2238 2129 15078
2129 2238 15078
29029 23624 25966
25966 23624 29029
23624 25966 29029
26343 1930 20058
1930 20058 26343
20058 1930 26343
8222 10385 11837
11837 8222 10385
10385 8222 11837
16148 8331 19163
19163 8331 16148
8331 16148 19163
5730 2577 9880
2577 5730 9880
9880 2577 5730
28371 508 17253
508 17253 28371
17253 508 28371
5745 8878 29579
8878 5745 29579
29579 5745 8878
27291 4875 11528
11528 4875 27291
4875 11528 27291
7012 5102 18658
5102 7012 18658
18658 5102 7012
10194 1818 6158
6158 1818 10194
1818 6158 10194
4073 5320 17897
17897 4073 5320
5320 4073 17897
25177 5114 9828
9828 5114 25177
5114 9828 25177
3705 14278 18825
18825 3705 14278
14278 3705 18825
10705 14279 20372
14279 10705 20372
20372 10705 14279
19396 24516 25975
25975 19396 24516
24516 19396 25975
17048 20810 28417
28417 17048 20810
20810 17048 28417
25309 12092 19037
19037 12092 25309
12092 19037 25309
27699 8125 15203
15203 8125 27699
8125 15203 27699
2721 9537 10672
9537 2721 10672
10672 2721 9537
21429 23009 29141
29141 21429 23009
23009 21429 29141
25041 9192 15463
15463 9192 25041
9192 15463 25041
29558 11915 22588
11915 22588 29558
22588 11915 29558
8583 12110 29036
12110 8583 29036
29036 8583 12110
27672 13737 23524
23524 13737 27672
13737 23524 27672
29597 10418 23637
23637 10418 29597
10418 23637 29597
6324 10869 29568
10869 6324 29568
29568 6324 10869
7139 12486 21611
12486 7139 21611
21611 7139 12486
25339 18494 26563
18494 25339 26563
26563 18494 25339
2615 14392 17700
17700 2615 14392
14392 2615 17700
6534 4429 20200
20200 4429 6534
4429 6534 20200
26782 431 1573
431 1573 26782
1573 431 26782
14233 21722 28713
28713 14233 21722
21722 14233 28713
7946 1761 13639
1761 7946 13639
13639 1761 7946
5841 1420 2104
1420 2104 5841
2104 1420 5841
17544 962 27619
27619 962 17544
962 17544 27619
15047 2665 20240
20240 2665 15047
2665 15047 20240
2937 15971 19462
19462 2937 15971
15971 2937 19462
20824 2491 12998
12998 2491 20824
2491 12998 20824
25092 6682 17413
17413 6682 25092
6682 17413 25092
26427 10421 13475
13475 10421 26427
10421 13475 26427
17163 17272 28673
28673 17163 17272
17272 17163 28673
13387 14560 28739
14560 13387 28739
28739 13387 14560
3745 5528 22733
22733 3745 5528
5528 3745 22733
17 23611 27072
23611 17 27072
27072 17 23611
8465 10612 19094
19094 8465 10612
10612 8465 19094
17269 17744 23027
17744 17269 23027
23027 17269 17744
22613 9223 14412
14412 9223 22613
9223 14412 22613
11227 1151 14421
1151 11227 14421
14421 1151 11227
5015 104 1015
1015 104 5015
104 1015 5015
19511 9322 20243
9322 19511 20243
20243 9322 19511
8391 1007 19260
19260 1007 8391
1007 8391 19260
11008 10942 26567
10942 11008 26567
26567 10942 11008
23139 4843 29888
4843 23139 29888
29888 4843 23139
10706 1755 26798
26798 1755 10706
1755 10706 26798
22705 15851 20156
15851 20156 22705
20156 15851 22705
12823 4879 10884
4879 10884 12823
10884 4879 12823
3504 7798 13697
7798 3504 13697
13697 3504 7798
1538 5126 29041
29041 1538 5126
5126 1538 29041
17103 2357 26324
26324 2357 17103
2357 17103 26324
13880 6316 19949
6316 13880 19949
19949 6316 13880
3896 11852 16247
11852 3896 16247
16247 3896 11852
7622 9525 29527
9525 7622 29527
29527 7622 9525
24628 19811 24984
24984 19811 24628
19811 24628 24984
21109 28916 29763
29763 21109 28916
28916 21109 29763
21643 3964 7148
7148 3964 21643
3964 7148 21643
28005 22974 27792
27792 22974 28005
22974 27792 28005
18537 1062 26583
26583 1062 18537
1062 18537 26583
18343 144 5218
144 5218 18343
5218 144 18343
22049 1178 2375
2375 1178 22049
1178 2375 22049
13189 436 8065
436 8065 13189
8065 436 13189
9344 17603 21820
21820 9344 17603
17603 9344 21820
24624 9375 11051
9375 11051 24624
11051 9375 24624
10160 6605 17165
6605 10160 17165
17165 6605 10160
28279 8301 19483
19483 8301 28279
8301 19483 28279
20335 218 13589
218 13589 20335
13589 218 20335
26336 12413 13751
12413 13751 26336
13751 12413 26336
6917 22698 29003
29003 6917 22698
22698 6917 29003
17424 2589 19415
2589 17424 19415
19415 2589 17424
10590 17669 24226
17669 10590 24226
24226 10590 17669
27677 10940 22871
22871 10940 27677
10940 22871 27677
19665 12035 28440
12035 19665 28440
28440 12035 19665
12572 23330 24532
24532 12572 23330
23330 12572 24532
5435 21766 26592
21766 5435 26592
26592 5435 21766
21629 1663 25364
1663 21629 25364
25364 1663 21629
22642 2318 29454
29454 2318 22642
2318 22642 29454
29417 9919 19431
19431 9919 29417
9919 19431 29417
9541 8456 10924
10924 8456 9541
8456 9541 10924
2213 12234 23313
23313 2213 12234
12234 2213 23313
29836 56 22287
22287 56 29836
56 22287 29836
1034 24802 29071
24802 1034 29071
29071 1034 24802
9738 9776 27117
27117 9738 9776
9776 9738 27117
15362 15266 28843
28843 15266 15362
15266 15362 28843
26000 4612 9540
9540 4612 26000
4612 9540 26000
16126 11741 15096
11741 15096 16126
15096 11741 16126
14954 524 3138
524 3138 14954
3138 524 14954
17678 553 6282
6282 553 17678
553 6282 17678
11708 515 2127
2127 515 11708
515 2127 11708
24792 1366 16902
1366 16902 24792
16902 1366 24792
18055 18208 18334
18208 18055 18334
18334 18055 18208
8040 2729 25311
25311 2729 8040
2729 8040 25311
13458 6542 17104
6542 13458 17104
17104 6542 13458
13545 5839 21876
21876 5839 13545
5839 13545 21876
19702 18701 24324
18701 19702 24324
24324 18701 19702
7051 1292 9234
9234 1292 7051
1292 7051 9234
15236 6477 24196
24196 6477 15236
6477 15236 24196
29078 6388 14947
6388 14947 29078
14947 6388 29078
27379 8591 29235
8591 27379 29235
29235 8591 27379
3842 8825 23783
8825 3842 23783
23783 3842 8825
15897 20238 29689
20238 15897 29689
29689 15897 20238
20710 18850 22165
18850 20710 22165
22165 18850 20710
14647 15556 16145
15556 14647 16145
16145 14647 15556
26711 6068 19685
19685 6068 26711
6068 19685 26711
16326 11213 11303
11303 11213 16326
11213 11303 16326
25584 7585 9177
7585 9177 25584
9177 7585 25584
17666 3016 21973
21973 3016 17666
3016 17666 21973
4384 6191 18092
18092 4384 6191
6191 4384 18092
3821 19409 24152
19409 3821 24152
24152 3821 19409
28661 1066 4503
1066 4503 28661
4503 1066 28661
17117 8968 18651
18651 8968 17117
8968 17117 18651
3679 22121 29244
29244 3679 22121
22121 3679 29244
4361 1921 11077
1921 4361 11077
11077 1921 4361
7431 13361 24543
13361 7431 24543
24543 7431 13361
28479 26695 29227
29227 26695 28479
26695 28479 29227
20619 8836 11503
8836 11503 20619
11503 8836 20619
16437 9349 28450
28450 9349 16437
9349 16437 28450
27734 4785 18002
18002 4785 27734
4785 18002 27734
17037 12627 22107
22107 12627 17037
12627 17037 22107
20049 3608 12060
12060 3608 20049
3608 12060 20049
25947 4698 19629
4698 19629 25947
19629 4698 25947
22025 6643 15871
15871 6643 22025
6643 15871 22025
7888 1107 9771
9771 1107 7888
1107 7888 9771
9615 10010 12069
10010 9615 12069
12069 9615 10010
2457 15837 27258
27258 2457 15837
15837 2457 27258
12966 204 21685
204 12966 21685
21685 204 12966
18880 20142 27260
20142 18880 27260
27260 18880 20142
2394 97 20988
97 2394 20988
20988 97 2394
20570 11225 24085
11225 20570 24085
24085 11225 20570
11294 158 3409
158 3409 11294
3409 158 11294
14251 6088 19923
6088 14251 19923
19923 6088 14251
31 3915 7481
3915 31 7481
7481 31 3915
26056 8646 24804
24804 8646 26056
8646 24804 26056
1625 3182 23895
23895 1625 3182
3182 1625 23895
27236 1361 9773
9773 1361 27236
1361 9773 27236
6923 6205 12556
12556 6205 6923
6205 6923 12556
23243 5383 26209
26209 5383 23243
5383 23243 26209
14133 3716 6430
3716 6430 14133
6430 3716 14133
1940 208 3567
3567 208 1940
208 1940 3567
2004 634 4877
4877 634 2004
634 2004 4877
29529 319 21348
319 21348 29529
21348 319 29529
23237 8645 28725
28725 8645 23237
8645 23237 28725
14402 14674 17371
17371 14402 14674
14674 14402 17371
3043 24709 26189
26189 3043 24709
24709 3043 26189
28526 383 4924
383 4924 28526
4924 383 28526
29512 11486 28978
11486 28978 29512
28978 11486 29512
21808 615 18551
615 18551 21808
18551 615 21808
26394 6321 23468
23468 6321 26394
6321 23468 26394
7189 4229 28076
28076 4229 7189
4229 7189 28076
22397 4493 24570
24570 4493 22397
4493 22397 24570
26282 13105 14549
14549 13105 26282
13105 14549 26282
19842 19727 21622
21622 19727 19842
19727 19842 21622
15491 16724 24186
16724 15491 24186
24186 15491 16724
27065 2686 5098
2686 5098 27065
5098 2686 27065
8187 5399 17084
5399 8187 17084
17084 5399 8187
20091 5270 23441
5270 20091 23441
23441 5270 20091
1694 23485 26628
23485 1694 26628
26628 1694 23485
7561 1217 28089
1217 7561 28089
28089 1217 7561
15663 4751 5785
4751 5785 15663
5785 4751 15663
28497 10249 27576
27576 10249 28497
10249 27576 28497
26688 4254 28910
4254 26688 28910
28910 4254 26688
4657 9578 21479
21479 4657 9578
9578 4657 21479
24372 14888 20158
14888 20158 24372
20158 14888 24372
11964 10201 14175
10201 11964 14175
14175 10201 11964
15256 20652 27095
20652 15256 27095
27095 15256 20652
7251 513 29358
29358 513 7251
513 7251 29358
13641 13672 20190
20190 13641 13672
13672 13641 20190
25811 9128 17688
17688 9128 25811
9128 17688 25811
3000 14804 14830
14804 3000 14830
14830 3000 14804
13383 8448 23866
23866 8448 13383
8448 13383 23866
6570 11192 22193
11192 6570 22193
22193 6570 11192
4049 14117 22448
14117 4049 22448
22448 4049 14117
9189 1713 15284
15284 1713 9189
1713 9189 15284
156 4995 24682
24682 156 4995
4995 156 24682
26609 12079 13248
12079 13248 26609
13248 12079 26609
28672 15161 27214
27214 15161 28672
15161 27214 28672
19433 11208 19830
19830 11208 19433
11208 19433 19830
3503 10991 29257
29257 3503 10991
10991 3503 29257
18035 13752 23950
13752 18035 23950
23950 13752 18035
466 4876 26120
4876 466 26120
26120 466 4876
28758 14248 22959
14248 22959 28758
22959 14248 28758
24163 9600 18474
9600 18474 24163
18474 9600 24163
519 5680 18362
18362 519 5680
5680 519 18362
19779 1286 21721
1286 19779 21721
21721 1286 19779
26636 4468 25231
4468 25231 26636
25231 4468 26636
3168 8063 8990
8063 3168 8990
8990 3168 8063
8405 4389 19573
4389 8405 19573
19573 4389 8405
27093 1536 25724
1536 25724 27093
25724 1536 27093
17224 2056 16853
2056 16853 17224
16853 2056 17224
17064 23132 26097
23132 17064 26097
26097 17064 23132
1770 2 2785
2 1770 2785
2785 2 1770
489 8492 15016
15016 489 8492
8492 489 15016
22560 4904 13250
4904 13250 22560
13250 4904 22560
22852 19126 19635
19635 19126 22852
19126 19635 22852
16624 23411 24240
23411 16624 24240
24240 16624 23411
21023 2108 26685
2108 21023 26685
26685 2108 21023
12359 2752 8087
8087 2752 12359
2752 8087 12359
21349 11390 18896
11390 18896 21349
18896 11390 21349
5164 18933 18972
18933 5164 18972
18972 5164 18933
17818 18251 24460
18251 17818 24460
24460 17818 18251
11612 13484 25194
25194 11612 13484
13484 11612 25194
23709 8752 20218
8752 20218 23709
20218 8752 23709
1400 48 2870
2870 48 1400
48 1400 2870
6048 5903 10901
10901 5903 6048
5903 6048 10901
23378 22404 26939
22404 23378 26939
26939 22404 23378
29490 2141 18217
18217 2141 29490
2141 18217 29490
19027 5101 21825
5101 19027 21825
21825 5101 19027
3996 10463 25520
10463 3996 25520
25520 3996 10463
24881 16637 23554
23554 16637 24881
16637 23554 24881
19783 3819 15777
15777 3819 19783
3819 15777 19783
20026 4983 14950
4983 14950 20026
14950 4983 20026
21391 15585 27676
15585 21391 27676
27676 15585 21391
6805 9006 17481
17481 6805 9006
9006 6805 17481
17386 17845 27800
17845 17386 27800
27800 17386 17845
26958 3232 17022
3232 17022 26958
17022 3232 26958
17076 5261 24292
24292 5261 17076
5261 17076 24292
8462 4299 14312
14312 4299 8462
4299 8462 14312
9531 4516 10984
10984 4516 9531
4516 9531 10984
23579 4858 7821
4858 7821 23579
7821 4858 23579
1368 5539 22528
22528 1368 5539
5539 1368 22528
356 1143 4342
4342 356 1143
1143 356 4342
14484 5436 21386
21386 5436 14484
5436 14484 21386
