17559 20313 25770
25770 17559 20313
20313 17559 25770
14399 16323 22469
22469 14399 16323
16323 14399 22469
9704 2555 27260
27260 2555 9704
2555 9704 27260
3843 21910 25912
25912 3843 21910
21910 3843 25912
9145 10352 24762
24762 9145 10352
10352 9145 24762
4031 23482 28128
28128 4031 23482
23482 4031 28128
17497 5688 8236
8236 5688 17497
5688 8236 17497
12735 5813 26224
5813 12735 26224
26224 5813 12735
1804 16002 22795
16002 1804 22795
22795 1804 16002
20870 14701 16455
14701 16455 20870
16455 14701 20870
15568 17496 21429
21429 15568 17496
17496 15568 21429
2133 5530 16295
5530 2133 16295
16295 2133 5530
1599 18394 24173
18394 1599 24173
24173 1599 18394
26593 16928 21742
16928 21742 26593
21742 16928 26593
29435 11313 16440
11313 16440 29435
16440 11313 29435
26033 1437 19778
19778 1437 26033
1437 19778 26033
2326 14631 28804
28804 2326 14631
14631 2326 28804
5741 13872 15995
15995 5741 13872
13872 5741 15995
9031 421 19245
19245 421 9031
421 9031 19245
7001 4454 5799
5799 4454 7001
4454 5799 7001
27743 13775 19142
19142 13775 27743
13775 19142 27743
23399 2752 20604
2752 20604 23399
20604 2752 23399
20677 9121 23774
9121 20677 23774
23774 9121 20677
25316 6925 26314
26314 6925 25316
6925 25316 26314
28656 1005 20937
20937 1005 28656
1005 20937 28656
2736 13630 25521
13630 2736 25521
25521 2736 13630
24092 3001 19656
3001 19656 24092
19656 3001 24092
3497 12185 13512
12185 3497 13512
13512 3497 12185
15835 26199 29067
29067 15835 26199
26199 15835 29067
29623 2242 15551
2242 15551 29623
15551 2242 29623
16118 1489 4342
4342 1489 16118
1489 4342 16118
22210 16422 23323
16422 22210 23323
23323 16422 22210
22815 806 10934
806 10934 22815
10934 806 22815
19617 10141 27028
27028 10141 19617
10141 19617 27028
10021 13172 15356
13172 10021 15356
15356 10021 13172
7899 8161 26219
8161 7899 26219
26219 7899 8161
11640 16011 26272
26272 11640 16011
16011 11640 26272
21922 13768 18987
13768 18987 21922
18987 13768 21922
2307 20733 22094
20733 2307 22094
22094 2307 20733
23912 22074 29809
29809 22074 23912
22074 23912 29809
14039 7646 10123
10123 7646 14039
7646 10123 14039
20408 6709 9520
6709 9520 20408
9520 6709 20408
3965 22246 25942
22246 3965 25942
25942 3965 22246
909 14468 26420
26420 909 14468
14468 909 26420
20366 2266 16575
2266 16575 20366
16575 2266 20366
8016 16854 22031
16854 8016 22031
22031 8016 16854
9444 7290 14189
7290 9444 14189
14189 7290 9444
23297 11760 13534
13534 11760 23297
11760 13534 23297
1813 473 7321
473 1813 7321
7321 473 1813
19927 13960 19831
13960 19831 19927
19831 13960 19927
27976 3038 25364
25364 3038 27976
3038 25364 27976
2939 21176 29313
21176 2939 29313
29313 2939 21176
8563 3365 3815
3815 3365 8563
3365 3815 8563
703 8506 9900
8506 703 9900
9900 703 8506
14932 11111 24646
11111 14932 24646
24646 11111 14932
15761 1174 25743
25743 1174 15761
1174 15761 25743
3426 844 1949
844 1949 3426
1949 844 3426
19124 585 7853
7853 585 19124
585 7853 19124
13566 19100 27948
19100 13566 27948
27948 13566 19100
27735 10242 12751
10242 12751 27735
12751 10242 27735
9517 13192 28351
28351 9517 13192
13192 9517 28351
4112 27962 27963
27963 4112 27962
27962 4112 27963
21788 10481 12493
12493 10481 21788
10481 12493 21788
17035 7532 22570
7532 17035 22570
22570 7532 17035
15024 1939 2577
1939 2577 15024
2577 1939 15024
2568 8394 15515
15515 2568 8394
8394 2568 15515
322 1969 4504
1969 322 4504
4504 322 1969
22511 2381 22716
2381 22511 22716
22716 2381 22511
28657 2093 21537
21537 2093 28657
2093 21537 28657
13567 13106 24157
24157 13106 13567
13106 13567 24157
18870 8079 19876
19876 8079 18870
8079 18870 19876
10795 19106 20372
20372 10795 19106
19106 10795 20372
12973 8281 10498
10498 8281 12973
8281 10498 12973
6062 15209 25612
25612 6062 15209
15209 6062 25612
20337 1091 9350
1091 9350 20337
9350 1091 20337
7939 16814 17570
17570 7939 16814
16814 7939 17570
18773 13784 27547
27547 13784 18773
13784 18773 27547
4694 6524 23435
6524 4694 23435
23435 4694 6524
10651 19419 21307
19419 10651 21307
21307 10651 19419
4855 52 2881
2881 52 4855
52 2881 4855
614 3722 6880
3722 614 6880
6880 614 3722
18364 22731 23955
23955 18364 22731
22731 18364 23955
22464 4727 22213
4727 22213 22464
22213 4727 22464
15454 20746 21248
21248 15454 20746
20746 15454 21248
15432 13891 22888
13891 15432 22888
22888 13891 15432
12291 4038 23543
23543 4038 12291
4038 12291 23543
19641 4105 13155
4105 13155 19641
13155 4105 19641
8164 13650 24918
13650 8164 24918
24918 8164 13650
2493 6007 18796
6007 2493 18796
18796 2493 6007
11042 9311 22229
22229 9311 11042
9311 11042 22229
973 7449 19585
7449 973 19585
19585 973 7449
13999 20401 24491
20401 13999 24491
24491 13999 20401
26479 1052 9575
9575 1052 26479
1052 9575 26479
9485 20535 21223
21223 9485 20535
20535 9485 21223
5477 3444 27160
3444 5477 27160
27160 3444 5477
2306 12016 25533
25533 2306 12016
12016 2306 25533
19389 13765 15681
15681 13765 19389
13765 15681 19389
27575 7538 19105
7538 19105 27575
19105 7538 27575
6967 7535 11039
7535 6967 11039
11039 6967 7535
26935 1917 16196
1917 16196 26935
16196 1917 26935
20807 1970 18412
1970 18412 20807
18412 1970 20807
16950 7953 12881
12881 7953 16950
7953 12881 16950
24011 22475 29572
22475 24011 29572
29572 22475 24011
10486 3958 16034
3958 10486 16034
16034 3958 10486
28578 4678 9324
4678 9324 28578
9324 4678 28578
9654 25503 27446
27446 9654 25503
25503 9654 27446
21259 6540 29004
6540 21259 29004
29004 6540 21259
7157 10999 15833
10999 7157 15833
15833 7157 10999
3586 22524 25159
22524 3586 25159
25159 3586 22524
12325 403 8768
8768 403 12325
403 8768 12325
2619 6587 23079
6587 2619 23079
23079 2619 6587
1696 6993 8344
6993 1696 8344
8344 1696 6993
26965 4899 16597
4899 16597 26965
16597 4899 26965
79 19161 29389
29389 79 19161
19161 79 29389
8774 12071 23770
23770 8774 12071
12071 8774 23770
4352 13016 18403
18403 4352 13016
13016 4352 18403
3074 26943 29128
26943 3074 29128
29128 3074 26943
7537 11212 27062
11212 7537 27062
27062 7537 11212
17173 13182 19925
19925 13182 17173
13182 17173 19925
20771 9138 25051
9138 20771 25051
25051 9138 20771
29458 22664 27320
27320 22664 29458
22664 27320 29458
29047 2786 11683
2786 11683 29047
11683 2786 29047
21207 4165 25805
25805 4165 21207
4165 21207 25805
16383 13062 27145
27145 13062 16383
13062 16383 27145
17428 9992 12065
12065 9992 17428
9992 12065 17428
17214 11635 21899
11635 17214 21899
21899 11635 17214
26290 3850 12263
12263 3850 26290
3850 12263 26290
699 952 28763
28763 699 952
952 699 28763
29070 7878 15324
15324 7878 29070
7878 15324 29070
7781 7243 8672
7243 7781 8672
8672 7243 7781
4499 1481 10686
1481 4499 10686
10686 1481 4499
747 18730 22629
18730 747 22629
22629 747 18730
28195 18897 28392
18897 28195 28392
28392 18897 28195
2877 14045 20347
14045 2877 20347
20347 2877 14045
15522 2671 16001
2671 15522 16001
16001 2671 15522
28583 6286 14759
14759 6286 28583
6286 14759 28583
21771 15131 16436
15131 16436 21771
16436 15131 21771
8031 16739 26567
16739 8031 26567
26567 8031 16739
243 21747 29111
21747 243 29111
29111 243 21747
8408 8168 8885
8168 8408 8885
8885 8168 8408
27068 7325 23759
23759 7325 27068
7325 23759 27068
16639 5055 23992
23992 5055 16639
5055 16639 23992
28981 1660 22844
22844 1660 28981
1660 22844 28981
10885 9639 29181
29181 9639 10885
9639 10885 29181
8940 8231 29316
8231 8940 29316
29316 8231 8940
24437 702 29310
702 24437 29310
29310 702 24437
4551 2365 25069
2365 4551 25069
25069 2365 4551
9666 7978 29428
29428 7978 9666
7978 9666 29428
17800 1394 28434
1394 17800 28434
28434 1394 17800
10681 3176 20425
20425 3176 10681
3176 10681 20425
16037 5653 19796
19796 5653 16037
5653 16037 19796
22643 11450 13958
11450 13958 22643
13958 11450 22643
24779 23124 28270
23124 24779 28270
28270 23124 24779
1134 4867 8107
4867 1134 8107
8107 1134 4867
10657 1778 18007
1778 10657 18007
18007 1778 10657
18279 25233 25870
25233 18279 25870
25870 18279 25233
22078 27300 27999
27300 22078 27999
27999 22078 27300
7995 25850 28440
28440 7995 25850
25850 7995 28440
3560 17004 18034
17004 3560 18034
18034 3560 17004
25681 2278 3149
2278 3149 25681
3149 2278 25681
18418 13577 18360
13577 18360 18418
18360 13577 18418
2870 3912 19657
19657 2870 3912
3912 2870 19657
27373 15740 27581
15740 27373 27581
27581 15740 27373
26459 4085 14187
14187 4085 26459
4085 14187 26459
26343 1383 9010
1383 9010 26343
9010 1383 26343
28701 14291 26962
14291 26962 28701
26962 14291 28701
17054 6863 10927
10927 6863 17054
6863 10927 17054
27979 2146 7046
7046 2146 27979
2146 7046 27979
12537 12074 22411
12074 12537 22411
22411 12074 12537
9695 15849 19532
15849 9695 19532
19532 9695 15849
87 1490 22337
1490 87 22337
22337 87 1490
7288 3939 24359
24359 3939 7288
3939 7288 24359
7819 5455 29129
29129 5455 7819
5455 7819 29129
1428 6720 9868
6720 1428 9868
9868 1428 6720
25756 1060 23532
1060 23532 25756
23532 1060 25756
13013 9030 23944
9030 13013 23944
23944 9030 13013
25854 295 15005
15005 295 25854
295 15005 25854
21003 10676 18055
18055 10676 21003
10676 18055 21003
10304 1320 14662
14662 1320 10304
1320 10304 14662
576 7 4149
4149 7 576
7 576 4149
1322 10968 23281
10968 1322 23281
23281 1322 10968
3386 2373 20090
2373 3386 20090
20090 2373 3386
9461 18962 21189
18962 9461 21189
21189 9461 18962
27709 2627 6676
6676 2627 27709
2627 6676 27709
9381 2067 12400
12400 2067 9381
2067 9381 12400
24436 2986 13889
2986 13889 24436
13889 2986 24436
8845 16477 29669
29669 8845 16477
16477 8845 29669
14516 12608 17943
17943 12608 14516
12608 14516 17943
28389 2282 5143
2282 5143 28389
5143 2282 28389
26673 4810 7041
4810 7041 26673
7041 4810 26673
24360 7178 19900
7178 19900 24360
19900 7178 24360
17032 1495 26956
1495 17032 26956
26956 1495 17032
24742 6920 27492
6920 24742 27492
27492 6920 24742
9018 9907 23114
23114 9018 9907
9907 9018 23114
8256 9777 15891
9777 8256 15891
15891 8256 9777
7121 1678 27969
1678 7121 27969
27969 1678 7121
11928 11810 21498
11810 11928 21498
21498 11810 11928
18567 6011 11407
6011 11407 18567
11407 6011 18567
8671 8289 23913
23913 8289 8671
8289 8671 23913
17224 7420 11180
11180 7420 17224
7420 11180 17224
26382 2254 24894
24894 2254 26382
2254 24894 26382
4588 9922 10074
9922 4588 10074
10074 4588 9922
10277 6396 11669
11669 6396 10277
6396 10277 11669
24835 18884 28881
18884 24835 28881
28881 18884 24835
28728 5316 9712
5316 9712 28728
9712 5316 28728
681 1573 13235
13235 681 1573
1573 681 13235
4807 371 3193
371 3193 4807
3193 371 4807
28820 23656 29198
23656 28820 29198
29198 23656 28820
6802 13563 28068
28068 6802 13563
13563 6802 28068
2019 5891 20119
20119 2019 5891
5891 2019 20119
22397 150 7162
7162 150 22397
150 7162 22397
11353 21657 26377
26377 11353 21657
21657 11353 26377
11150 3407 8779
8779 3407 11150
3407 8779 11150
18822 7284 18909
7284 18822 18909
18909 7284 18822
20083 16645 25754
16645 20083 25754
25754 16645 20083
20521 5961 16343
5961 16343 20521
16343 5961 20521
6031 10363 18791
10363 6031 18791
18791 6031 10363
12784 14574 20851
20851 12784 14574
14574 12784 20851
6836 19520 20961
19520 6836 20961
20961 6836 19520
24886 1782 17902
1782 17902 24886
17902 1782 24886
564 3644 7060
3644 564 7060
7060 564 3644
24421 8759 14282
14282 8759 24421
8759 14282 24421
28900 12089 16891
12089 16891 28900
16891 12089 28900
805 8008 25459
25459 805 8008
8008 805 25459
15256 1722 8364
8364 1722 15256
1722 8364 15256
3925 4154 23025
23025 3925 4154
4154 3925 23025
24683 1109 26923
1109 24683 26923
26923 1109 24683
19807 19764 21413
21413 19764 19807
19764 19807 21413
11265 14767 23547
14767 11265 23547
23547 11265 14767
10782 95 18546
95 10782 18546
18546 95 10782
5679 17666 20043
20043 5679 17666
17666 5679 20043
20802 4508 17443
17443 4508 20802
4508 17443 20802
5253 8961 12475
8961 5253 12475
12475 5253 8961
4848 15143 21382
21382 4848 15143
15143 4848 21382
22058 24159 24542
24542 22058 24159
24159 22058 24542
27871 13319 20472
20472 13319 27871
13319 20472 27871
20386 2666 6400
6400 2666 20386
2666 6400 20386
21544 21354 24286
24286 21354 21544
21354 21544 24286
12672 7198 21713
21713 7198 12672
7198 12672 21713
2087 22234 26719
22234 2087 26719
26719 2087 22234
23425 904 5032
5032 904 23425
904 5032 23425
2491 11465 19365
11465 2491 19365
19365 2491 11465
28457 8798 15948
8798 15948 28457
15948 8798 28457
14383 11910 25276
11910 14383 25276
25276 11910 14383
1017 8132 17026
17026 1017 8132
8132 1017 17026
23878 17963 23612
17963 23612 23878
23612 17963 23878
749 5000 15390
5000 749 15390
15390 749 5000
5743 6064 29661
29661 5743 6064
6064 5743 29661
19542 3117 6517
3117 6517 19542
6517 3117 19542
27682 6561 19969
6561 19969 27682
19969 6561 27682
11682 17065 29219
29219 11682 17065
17065 11682 29219
21675 4152 10869
10869 4152 21675
4152 10869 21675
28980 676 1821
1821 676 28980
676 1821 28980
8359 22644 23916
22644 8359 23916
23916 8359 22644
21065 2071 6547
6547 2071 21065
2071 6547 21065
10256 558 8972
558 8972 10256
8972 558 10256
454 14036 15500
15500 454 14036
14036 454 15500
944 675 1082
675 944 1082
1082 675 944
23603 967 11932
11932 967 23603
967 11932 23603
11965 19201 28726
28726 11965 19201
19201 11965 28726
21793 7262 11436
11436 7262 21793
7262 11436 21793
29225 8771 9643
9643 8771 29225
8771 9643 29225
23490 1367 19351
1367 19351 23490
19351 1367 23490
17250 24538 24808
24808 17250 24538
24538 17250 24808
11245 23450 27239
23450 11245 27239
27239 11245 23450
3794 15010 16847
15010 3794 16847
16847 3794 15010
26276 8905 21427
8905 21427 26276
21427 8905 26276
6046 4183 23235
4183 6046 23235
23235 4183 6046
8694 8910 24293
8910 8694 24293
24293 8694 8910
2954 1644 5112
1644 2954 5112
5112 1644 2954
14172 10594 12315
12315 10594 14172
10594 12315 14172
17364 11567 26589
11567 17364 26589
26589 11567 17364
14764 13302 28486
28486 13302 14764
13302 14764 28486
15119 8901 17157
8901 15119 17157
17157 8901 15119
10871 21589 24514
24514 10871 21589
21589 10871 24514
8358 6684 7077
7077 6684 8358
6684 7077 8358
14297 6037 24182
24182 6037 14297
6037 14297 24182
21114 2861 21000
2861 21000 21114
21000 2861 21114
19942 7842 26049
26049 7842 19942
7842 19942 26049
24615 23494 29999
29999 23494 24615
23494 24615 29999
16093 24754 25678
25678 16093 24754
24754 16093 25678
28876 26185 28628
26185 28628 28876
28628 26185 28876
15737 1048 28111
1048 15737 28111
28111 1048 15737
18052 23882 27990
27990 18052 23882
23882 18052 27990
29688 14078 16792
16792 14078 29688
14078 16792 29688
27346 7925 23007
7925 23007 27346
23007 7925 27346
17503 3618 10741
3618 10741 17503
10741 3618 17503
2318 1092 13523
1092 2318 13523
13523 1092 2318
628 6377 18498
6377 628 18498
18498 628 6377
6765 16345 18099
16345 6765 18099
18099 6765 16345
10401 13801 28499
13801 10401 28499
28499 10401 13801
15786 21496 28891
28891 15786 21496
21496 15786 28891
7100 7848 25619
25619 7100 7848
7848 7100 25619
18217 5194 19243
19243 5194 18217
5194 18217 19243
4269 12548 28212
28212 4269 12548
12548 4269 28212
21765 5552 21566
5552 21566 21765
21566 5552 21765
9142 5794 25146
25146 5794 9142
5794 9142 25146
8544 11624 28226
11624 8544 28226
28226 8544 11624
9946 7859 28362
7859 9946 28362
28362 7859 9946
18144 4457 21615
21615 4457 18144
4457 18144 21615
7814 6805 7490
6805 7490 7814
7490 6805 7814
5801 3970 21901
21901 3970 5801
3970 5801 21901
9497 11769 14418
11769 9497 14418
14418 9497 11769
4051 2265 14778
14778 2265 4051
2265 4051 14778
18328 14968 20938
14968 18328 20938
20938 14968 18328
3361 17479 26889
26889 3361 17479
17479 3361 26889
7182 3051 5936
3051 5936 7182
5936 3051 7182
23306 2887 25228
25228 2887 23306
2887 23306 25228
1606 3254 22378
3254 1606 22378
22378 1606 3254
9204 2345 3332
3332 2345 9204
2345 3332 9204
7421 6069 6287
6069 6287 7421
6287 6069 7421
20579 12617 22439
12617 20579 22439
22439 12617 20579
13352 13905 23112
23112 13352 13905
13905 13352 23112
15002 1668 14639
1668 14639 15002
14639 1668 15002
3468 3389 12075
3389 3468 12075
12075 3389 3468
24822 20443 25211
25211 20443 24822
20443 24822 25211
29361 1751 8253
1751 8253 29361
8253 1751 29361
13866 5674 13920
5674 13866 13920
13920 5674 13866
11022 22016 25220
22016 11022 25220
25220 11022 22016
14628 13236 20403
13236 14628 20403
20403 13236 14628
3667 2497 20644
2497 3667 20644
20644 2497 3667
27461 7128 19177
19177 7128 27461
7128 19177 27461
3821 11340 29165
29165 3821 11340
11340 3821 29165
20682 9405 28036
28036 9405 20682
9405 20682 28036
15397 14374 20120
14374 15397 20120
20120 14374 15397
7827 10150 21447
10150 7827 21447
21447 7827 10150
15726 2851 22290
22290 2851 15726
2851 15726 22290
12795 21241 29224
21241 12795 29224
29224 12795 21241
11922 5658 12740
5658 11922 12740
12740 5658 11922
19952 14685 19329
14685 19329 19952
19329 14685 19952
17234 26328 26509
26328 17234 26509
26509 17234 26328
25216 15829 23595
15829 23595 25216
23595 15829 25216
15310 3595 7281
7281 3595 15310
3595 7281 15310
14622 15990 26754
15990 14622 26754
26754 14622 15990
22560 10941 19180
19180 10941 22560
10941 19180 22560
16129 7035 25506
25506 7035 16129
7035 16129 25506
20059 7228 28648
7228 20059 28648
28648 7228 20059
10918 18592 26785
18592 10918 26785
26785 10918 18592
25760 457 15045
457 15045 25760
15045 457 25760
13582 13164 15549
15549 13164 13582
13164 13582 15549
15188 12322 20329
20329 12322 15188
12322 15188 20329
927 20312 27613
20312 927 27613
27613 927 20312
26400 29277 29663
29277 26400 29663
29663 26400 29277
23358 6466 26183
6466 23358 26183
26183 6466 23358
4548 18858 23121
23121 4548 18858
18858 4548 23121
16051 14419 17187
17187 14419 16051
14419 16051 17187
24490 9207 25806
9207 24490 25806
25806 9207 24490
1973 7357 7994
7994 1973 7357
7357 1973 7994
25799 272 5404
272 5404 25799
5404 272 25799
2113 21443 25079
21443 2113 25079
25079 2113 21443
4047 10597 10814
10814 4047 10597
10597 4047 10814
23644 19642 24406
19642 23644 24406
24406 19642 23644
4702 1943 12464
1943 4702 12464
12464 1943 4702
15180 13601 13694
13601 13694 15180
13694 13601 15180
1374 10899 14264
10899 1374 14264
14264 1374 10899
28219 1679 13730
13730 1679 28219
1679 13730 28219
5567 3257 6998
6998 3257 5567
3257 5567 6998
12517 11589 22272
11589 12517 22272
22272 11589 12517
20804 6489 6739
6489 6739 20804
6739 6489 20804
26412 3679 12435
3679 12435 26412
12435 3679 26412
11814 10812 16994
10812 11814 16994
16994 10812 11814
16410 19941 26528
19941 16410 26528
26528 16410 19941
5010 25298 28299
28299 5010 25298
25298 5010 28299
3517 7392 24802
24802 3517 7392
7392 3517 24802
23239 1686 24628
24628 1686 23239
1686 23239 24628
29020 3902 19056
3902 19056 29020
19056 3902 29020
26799 8266 9122
8266 9122 26799
9122 8266 26799
10120 5785 12302
5785 10120 12302
12302 5785 10120
677 2044 22241
2044 677 22241
22241 677 2044
18080 670 12860
12860 670 18080
670 12860 18080
14533 21068 29238
29238 14533 21068
21068 14533 29238
634 14329 16935
16935 634 14329
14329 634 16935
15337 15178 26654
26654 15178 15337
15178 15337 26654
3268 9802 17944
9802 3268 17944
17944 3268 9802
29320 1934 29005
29005 1934 29320
1934 29005 29320
10727 4935 5929
4935 5929 10727
5929 4935 10727
23813 15368 27212
27212 15368 23813
15368 23813 27212
12237 13381 19344
19344 12237 13381
13381 12237 19344
21529 11326 27826
27826 11326 21529
11326 21529 27826
22294 27827 29527
29527 22294 27827
27827 22294 29527
6908 7887 26805
26805 6908 7887
7887 6908 26805
4698 21372 28988
28988 4698 21372
21372 4698 28988
22557 17089 24506
17089 22557 24506
24506 17089 22557
28558 16010 19094
19094 16010 28558
16010 19094 28558
1163 24553 29300
24553 1163 29300
29300 1163 24553
23888 13997 15719
15719 13997 23888
13997 15719 23888
6293 9451 14630
14630 6293 9451
9451 6293 14630
11935 14775 17022
14775 11935 17022
17022 11935 14775
2886 11695 17123
11695 2886 17123
17123 2886 11695
27004 16336 18470
18470 16336 27004
16336 18470 27004
21884 6718 18317
6718 18317 21884
18317 6718 21884
26983 21149 26197
26197 21149 26983
21149 26197 26983
19826 2984 22471
2984 19826 22471
22471 2984 19826
15668 4175 24234
24234 4175 15668
4175 15668 24234
24207 9825 11555
11555 9825 24207
9825 11555 24207
24275 21082 25084
21082 24275 25084
25084 21082 24275
19963 4464 13417
13417 4464 19963
4464 13417 19963
18603 12994 26890
12994 18603 26890
26890 12994 18603
3086 7277 23065
7277 3086 23065
23065 3086 7277
27249 5576 21493
5576 21493 27249
21493 5576 27249
19599 25020 26842
25020 19599 26842
26842 19599 25020
17338 3987 9299
9299 3987 17338
3987 9299 17338
657 8693 15146
15146 657 8693
8693 657 15146
27188 14226 18158
14226 18158 27188
18158 14226 27188
115 1385 13974
13974 115 1385
1385 115 13974
4180 4787 20447
20447 4180 4787
4787 4180 20447
22113 2809 5395
5395 2809 22113
2809 5395 22113
7972 10036 25582
10036 7972 25582
25582 7972 10036
24324 3182 23394
23394 3182 24324
3182 23394 24324
17139 16070 27385
27385 16070 17139
16070 17139 27385
8650 9376 24898
24898 8650 9376
9376 8650 24898
13313 4856 24105
24105 4856 13313
4856 13313 24105
28443 4389 17450
17450 4389 28443
4389 17450 28443
28548 14444 19404
19404 14444 28548
14444 19404 28548
28442 14033 14845
14033 14845 28442
14845 14033 28442
7440 6346 10377
6346 7440 10377
10377 6346 7440
10564 4791 21625
4791 10564 21625
21625 4791 10564
23808 14563 24713
14563 23808 24713
24713 14563 23808
26273 3736 24512
24512 3736 26273
3736 24512 26273
20198 20580 27259
27259 20198 20580
20580 20198 27259
2225 5133 21029
21029 2225 5133
5133 2225 21029
21316 6229 23672
6229 21316 23672
23672 6229 21316
6638 9819 16827
9819 6638 16827
16827 6638 9819
12282 6567 11277
6567 11277 12282
11277 6567 12282
4387 22518 22770
22518 4387 22770
22770 4387 22518
15425 19758 25938
25938 15425 19758
19758 15425 25938
12266 16738 27851
27851 12266 16738
16738 12266 27851
5566 4033 17423
4033 5566 17423
17423 4033 5566
4954 2171 2349
2349 2171 4954
2171 2349 4954
8500 18456 25478
18456 8500 25478
25478 8500 18456
9298 24980 29802
29802 9298 24980
24980 9298 29802
21112 3104 11207
11207 3104 21112
3104 11207 21112
11845 3963 20633
20633 3963 11845
3963 11845 20633
22041 2435 19817
19817 2435 22041
2435 19817 22041
28373 3219 4780
3219 4780 28373
4780 3219 28373
3733 940 6080
6080 940 3733
940 3733 6080
1184 18810 25419
25419 1184 18810
18810 1184 25419
13645 14712 28727
28727 13645 14712
14712 13645 28727
19970 10514 14726
14726 10514 19970
10514 14726 19970
27159 15305 25917
15305 25917 27159
25917 15305 27159
21050 12490 29456
12490 21050 29456
29456 12490 21050
3392 10227 12906
12906 3392 10227
10227 3392 12906
2001 12746 13956
12746 2001 13956
13956 2001 12746
12754 12184 29427
12184 12754 29427
29427 12184 12754
16979 15897 16821
15897 16821 16979
16821 15897 16979
10803 7209 12525
7209 10803 12525
12525 7209 10803
10921 10965 21477
10965 10921 21477
21477 10921 10965
19233 7622 20432
7622 19233 20432
20432 7622 19233
10369 8662 21698
8662 10369 21698
21698 8662 10369
8909 6813 20584
20584 6813 8909
6813 8909 20584
12710 19062 26483
19062 12710 26483
26483 12710 19062
2152 16283 17093
17093 2152 16283
16283 2152 17093
26231 10380 24380
24380 10380 26231
10380 24380 26231
6552 8518 10593
8518 6552 10593
10593 6552 8518
14824 19561 23429
23429 14824 19561
19561 14824 23429
3950 5811 11316
5811 3950 11316
11316 3950 5811
27404 21403 29177
29177 21403 27404
21403 27404 29177
25629 8340 18957
18957 8340 25629
8340 18957 25629
1662 16949 27421
27421 1662 16949
16949 1662 27421
24390 4386 27194
27194 4386 24390
4386 24390 27194
18927 12593 27164
27164 12593 18927
12593 18927 27164
17410 1264 22333
1264 17410 22333
22333 1264 17410
5972 5616 19167
5616 5972 19167
19167 5616 5972
6415 9321 14477
9321 6415 14477
14477 6415 9321
15023 1165 11785
1165 11785 15023
11785 1165 15023
9834 4990 19659
19659 4990 9834
4990 9834 19659
10001 10201 23218
23218 10001 10201
10201 10001 23218
10116 4110 13185
4110 10116 13185
13185 4110 10116
14714 1832 20434
20434 1832 14714
1832 14714 20434
28347 16325 24432
24432 16325 28347
16325 24432 28347
19690 817 4574
4574 817 19690
817 4574 19690
13570 1361 26315
26315 1361 13570
1361 13570 26315
25554 17887 27521
27521 17887 25554
17887 25554 27521
23396 7407 9917
7407 9917 23396
9917 7407 23396
4236 17512 26944
26944 4236 17512
17512 4236 26944
26639 5449 28737
5449 26639 28737
28737 5449 26639
5996 7718 9319
7718 5996 9319
9319 5996 7718
4297 13343 17971
13343 4297 17971
17971 4297 13343
19847 26744 27318
26744 19847 27318
27318 19847 26744
8354 13513 16869
16869 8354 13513
13513 8354 16869
23613 20882 29852
20882 23613 29852
29852 20882 23613
19217 10353 28094
28094 10353 19217
10353 19217 28094
18685 3792 20417
20417 3792 18685
3792 18685 20417
3364 8992 22517
22517 3364 8992
8992 3364 22517
13219 7350 29807
29807 7350 13219
7350 13219 29807
14946 26572 27943
26572 14946 27943
27943 14946 26572
19633 4195 7401
7401 4195 19633
4195 7401 19633
43 11962 20275
20275 43 11962
11962 43 20275
28715 9776 26434
9776 26434 28715
26434 9776 28715
21194 151 28833
151 21194 28833
28833 151 21194
7300 14136 24108
24108 7300 14136
14136 7300 24108
1417 19829 24780
24780 1417 19829
19829 1417 24780
3311 2342 8092
2342 3311 8092
8092 2342 3311
29960 8996 17681
17681 8996 29960
8996 17681 29960
28298 10124 24221
24221 10124 28298
10124 24221 28298
25427 6478 26422
26422 6478 25427
6478 25427 26422
28882 3883 4621
3883 4621 28882
4621 3883 28882
8423 17452 20162
20162 8423 17452
17452 8423 20162
17160 5574 8083
8083 5574 17160
5574 8083 17160
2504 26779 27656
26779 2504 27656
27656 2504 26779
28030 211 23931
23931 211 28030
211 23931 28030
21780 4471 12669
4471 12669 21780
12669 4471 21780
7940 10145 29384
10145 7940 29384
29384 7940 10145
5472 21514 25904
21514 5472 25904
25904 5472 21514
25361 5286 10451
5286 10451 25361
10451 5286 25361
2140 15428 25784
25784 2140 15428
15428 2140 25784
13861 11600 21808
11600 13861 21808
21808 11600 13861
5506 11974 18793
18793 5506 11974
11974 5506 18793
8809 18557 21190
21190 8809 18557
18557 8809 21190
5158 9799 27621
27621 5158 9799
9799 5158 27621
26156 20582 27899
27899 20582 26156
20582 26156 27899
14922 12226 16121
12226 14922 16121
16121 12226 14922
7114 11680 21424
21424 7114 11680
11680 7114 21424
20179 5050 28427
5050 20179 28427
28427 5050 20179
25880 10254 20204
20204 10254 25880
10254 20204 25880
18243 6830 14860
14860 6830 18243
6830 14860 18243
5117 778 24653
778 5117 24653
24653 778 5117
10744 3249 24192
3249 10744 24192
24192 3249 10744
12873 8332 24891
8332 12873 24891
24891 8332 12873
4166 20976 25701
20976 4166 25701
25701 4166 20976
2614 312 25517
25517 312 2614
312 2614 25517
28096 7710 28369
7710 28096 28369
28369 7710 28096
25519 4039 19357
19357 4039 25519
4039 19357 25519
12473 3204 28924
28924 3204 12473
3204 12473 28924
26248 8903 26393
26393 8903 26248
8903 26248 26393
16050 6971 21731
6971 16050 21731
21731 6971 16050
19719 20321 29330
29330 19719 20321
20321 19719 29330
18772 6988 16595
16595 6988 18772
6988 16595 18772
20947 3223 27660
3223 20947 27660
27660 3223 20947
23942 12590 14805
14805 12590 23942
12590 14805 23942
18222 2231 15210
2231 15210 18222
15210 2231 18222
7122 8060 16718
16718 7122 8060
8060 7122 16718
16236 19994 22310
22310 16236 19994
19994 16236 22310
1527 4844 28267
28267 1527 4844
4844 1527 28267
5017 24483 29274
24483 5017 29274
29274 5017 24483
4930 9865 24115
9865 4930 24115
24115 4930 9865
12630 3164 7351
3164 7351 12630
7351 3164 12630
25385 8844 25524
25524 8844 25385
8844 25385 25524
11674 8692 22991
8692 11674 22991
22991 8692 11674
27757 7188 13530
13530 7188 27757
7188 13530 27757
23851 6260 8390
6260 8390 23851
8390 6260 23851
22376 24045 26758
24045 22376 26758
26758 22376 24045
12403 14396 28514
28514 12403 14396
14396 12403 28514
26969 16355 18174
18174 16355 26969
16355 18174 26969
4575 15163 15461
15163 4575 15461
15461 4575 15163
25266 824 20796
20796 824 25266
824 20796 25266
3873 3000 20814
3000 3873 20814
20814 3000 3873
15942 7645 21387
7645 15942 21387
21387 7645 15942
22976 16106 27402
27402 16106 22976
16106 22976 27402
8510 2610 3256
2610 3256 8510
3256 2610 8510
8850 24669 27462
27462 8850 24669
24669 8850 27462
16951 12114 29820
12114 16951 29820
29820 12114 16951
7165 16071 21525
21525 7165 16071
16071 7165 21525
7229 4108 4114
4108 4114 7229
4114 4108 7229
6724 12201 20519
12201 6724 20519
20519 6724 12201
15837 24579 28186
24579 15837 28186
28186 15837 24579
12764 9935 27974
27974 9935 12764
9935 12764 27974
16613 5467 20840
5467 16613 20840
20840 5467 16613
13132 5359 13554
13554 5359 13132
5359 13132 13554
15979 6919 15007
6919 15007 15979
15007 6919 15979
8495 3724 18352
18352 3724 8495
3724 8495 18352
21076 10828 25262
10828 21076 25262
25262 10828 21076
11913 10709 18828
18828 10709 11913
10709 11913 18828
13150 2882 3437
3437 2882 13150
2882 3437 13150
5618 13181 23549
23549 5618 13181
13181 5618 23549
25748 7055 20493
20493 7055 25748
7055 20493 25748
24705 3645 24247
3645 24247 24705
24247 3645 24705
1100 5676 29162
5676 1100 29162
29162 1100 5676
7753 9926 28781
28781 7753 9926
9926 7753 28781
3941 9352 10364
10364 3941 9352
9352 3941 10364
28822 22366 29228
29228 22366 28822
22366 28822 29228
27700 7042 21369
7042 21369 27700
21369 7042 27700
4528 10566 17204
10566 4528 17204
17204 4528 10566
983 9650 10174
9650 983 10174
10174 983 9650
19523 12820 24460
24460 12820 19523
12820 19523 24460
1372 23957 24938
23957 1372 24938
24938 1372 23957
5161 16255 25808
16255 5161 25808
25808 5161 16255
21084 17179 21365
21365 17179 21084
17179 21084 21365
5299 5212 25998
25998 5212 5299
5212 5299 25998
7133 2360 17109
2360 7133 17109
17109 2360 7133
9880 8113 12919
12919 8113 9880
8113 9880 12919
24351 7458 28540
28540 7458 24351
7458 24351 28540
12779 15498 20478
20478 12779 15498
15498 12779 20478
4082 16035 22717
22717 4082 16035
16035 4082 22717
6281 2799 27286
27286 2799 6281
2799 6281 27286
25544 11901 21968
21968 11901 25544
11901 21968 25544
418 3635 4158
4158 418 3635
3635 418 4158
9334 24521 25501
24521 9334 25501
25501 9334 24521
11852 15547 18304
15547 11852 18304
18304 11852 15547
21807 1940 19557
1940 19557 21807
19557 1940 21807
24401 4258 5066
5066 4258 24401
4258 5066 24401
11847 2925 14217
2925 11847 14217
14217 2925 11847
13498 1242 11240
11240 1242 13498
1242 11240 13498
28774 5945 20954
20954 5945 28774
5945 20954 28774
583 7744 15369
7744 583 15369
15369 583 7744
25175 13593 14684
13593 14684 25175
14684 13593 25175
12802 3875 4730
4730 3875 12802
3875 4730 12802
11113 21245 22379
22379 11113 21245
21245 11113 22379
22713 3475 13184
13184 3475 22713
3475 13184 22713
2479 12267 27148
27148 2479 12267
12267 2479 27148
7600 6058 6236
6058 6236 7600
6236 6058 7600
29296 12458 21667
21667 12458 29296
12458 21667 29296
28756 3602 29108
29108 3602 28756
3602 28756 29108
2420 14608 28303
14608 2420 28303
28303 2420 14608
21767 5360 20465
5360 20465 21767
20465 5360 21767
23581 19596 23798
23798 19596 23581
19596 23581 23798
13021 19500 25293
25293 13021 19500
19500 13021 25293
9878 11013 27237
27237 9878 11013
11013 9878 27237
26001 5737 8120
5737 8120 26001
8120 5737 26001
2299 18952 29771
29771 2299 18952
18952 2299 29771
14163 2433 23213
2433 14163 23213
23213 2433 14163
9469 7012 29651
29651 7012 9469
7012 9469 29651
11308 5555 6901
5555 6901 11308
6901 5555 11308
12695 2427 28143
2427 12695 28143
28143 2427 12695
13009 22834 24413
24413 13009 22834
22834 13009 24413
15569 8926 13952
13952 8926 15569
8926 13952 15569
2739 13457 29926
13457 2739 29926
29926 2739 13457
5834 10599 18142
10599 5834 18142
18142 5834 10599
10055 4315 16695
16695 4315 10055
4315 10055 16695
4628 14126 21109
21109 4628 14126
14126 4628 21109
20737 6369 7816
7816 6369 20737
6369 7816 20737
12123 2617 14963
2617 12123 14963
14963 2617 12123
5508 6004 13290
6004 5508 13290
13290 5508 6004
11579 25424 28971
25424 11579 28971
28971 11579 25424
1884 6714 15827
15827 1884 6714
6714 1884 15827
4189 12370 23707
23707 4189 12370
12370 4189 23707
17229 12277 17613
12277 17229 17613
17613 12277 17229
11653 19174 27596
27596 11653 19174
19174 11653 27596
2138 2545 15789
2545 2138 15789
15789 2138 2545
22952 5538 15090
15090 5538 22952
5538 15090 22952
18398 22698 27865
22698 18398 27865
27865 18398 22698
24559 529 16957
529 16957 24559
16957 529 24559
6522 16405 29795
16405 6522 29795
29795 6522 16405
18694 18201 18788
18788 18201 18694
18201 18694 18788
8447 2552 26319
2552 8447 26319
26319 2552 8447
22506 14691 16073
14691 16073 22506
16073 14691 22506
15636 3229 23725
3229 15636 23725
23725 3229 15636
12162 14895 29101
14895 12162 29101
29101 12162 14895
19797 11950 21197
11950 19797 21197
21197 11950 19797
8833 10752 19541
19541 8833 10752
10752 8833 19541
2159 18874 22004
22004 2159 18874
18874 2159 22004
11408 29249 29895
29249 11408 29895
29895 11408 29249
28622 6485 29605
29605 6485 28622
6485 28622 29605
25897 16734 22302
16734 22302 25897
22302 16734 25897
1070 12097 15723
12097 1070 15723
15723 1070 12097
23421 9611 11258
9611 11258 23421
11258 9611 23421
13698 8046 27563
27563 8046 13698
8046 13698 27563
15767 997 16219
16219 997 15767
997 15767 16219
19898 3091 3676
3676 3091 19898
3091 3676 19898
1316 19370 25232
19370 1316 25232
25232 1316 19370
12276 8342 22881
22881 8342 12276
8342 12276 22881
10773 3150 16992
3150 10773 16992
16992 3150 10773
22604 11866 20772
11866 20772 22604
20772 11866 22604
16757 1608 6933
6933 1608 16757
1608 6933 16757
27003 12659 23514
23514 12659 27003
12659 23514 27003
631 5020 20532
20532 631 5020
5020 631 20532
16558 9943 11817
11817 9943 16558
9943 11817 16558
29038 6569 14299
14299 6569 29038
6569 14299 29038
21782 20549 24837
20549 21782 24837
24837 20549 21782
12731 8954 19551
19551 8954 12731
8954 12731 19551
13976 11884 23876
11884 13976 23876
23876 11884 13976
13500 27773 29690
27773 13500 29690
29690 13500 27773
20215 13459 23389
13459 20215 23389
23389 13459 20215
7313 28 23918
28 7313 23918
23918 28 7313
5774 3383 8457
3383 5774 8457
8457 3383 5774
8729 20818 21709
21709 8729 20818
20818 8729 21709
15855 19407 29245
19407 15855 29245
29245 15855 19407
12816 1526 9484
1526 9484 12816
9484 1526 12816
29199 16671 17031
17031 16671 29199
16671 17031 29199
24636 8116 18524
8116 18524 24636
18524 8116 24636
1002 17183 19608
19608 1002 17183
17183 1002 19608
28730 4710 28508
4710 28508 28730
28508 4710 28730
16464 990 9552
990 9552 16464
9552 990 16464
5827 4616 7087
7087 4616 5827
4616 5827 7087
12354 4280 15285
4280 12354 15285
15285 4280 12354
7445 4129 6680
6680 4129 7445
4129 6680 7445
12812 8485 11345
11345 8485 12812
8485 11345 12812
739 2461 29344
2461 739 29344
29344 739 2461
12819 6196 27351
27351 6196 12819
6196 12819 27351
18196 2534 11328
2534 11328 18196
11328 2534 18196
29722 6864 20249
20249 6864 29722
6864 20249 29722
1727 12993 15448
12993 1727 15448
15448 1727 12993
3709 24622 29271
29271 3709 24622
24622 3709 29271
3214 11859 23277
11859 3214 23277
23277 3214 11859
961 16991 28268
28268 961 16991
16991 961 28268
14989 8884 27643
27643 8884 14989
8884 14989 27643
18888 6133 26390
26390 6133 18888
6133 18888 26390
20911 8111 18449
18449 8111 20911
8111 18449 20911
17490 4358 11175
4358 11175 17490
11175 4358 17490
8748 9831 24426
24426 8748 9831
9831 8748 24426
13052 6138 8684
6138 8684 13052
8684 6138 13052
20774 15580 21313
15580 20774 21313
21313 15580 20774
20704 10623 23417
10623 20704 23417
23417 10623 20704
26464 2347 11617
11617 2347 26464
2347 11617 26464
15456 16811 17698
16811 15456 17698
17698 15456 16811
12734 7923 22117
7923 12734 22117
22117 7923 12734
19453 2581 11189
2581 11189 19453
11189 2581 19453
23561 4299 27074
27074 4299 23561
4299 23561 27074
18633 482 17974
482 17974 18633
17974 482 18633
577 4170 17166
17166 577 4170
4170 577 17166
13165 1261 18714
18714 1261 13165
1261 13165 18714
27180 20987 23097
20987 23097 27180
23097 20987 27180
29474 5808 19103
19103 5808 29474
5808 19103 29474
5524 7574 14783
7574 5524 14783
14783 5524 7574
20689 22194 23161
23161 20689 22194
22194 20689 23161
4089 16887 23852
16887 4089 23852
23852 4089 16887
24239 28948 29093
28948 24239 29093
29093 24239 28948
7326 3350 26016
3350 7326 26016
26016 3350 7326
28266 17162 24381
17162 24381 28266
24381 17162 28266
29925 12057 28496
28496 12057 29925
12057 28496 29925
10427 20587 28343
28343 10427 20587
20587 10427 28343
12405 3368 20513
3368 12405 20513
20513 3368 12405
10081 22828 29787
29787 10081 22828
22828 10081 29787
19517 1315 27391
1315 19517 27391
27391 1315 19517
11505 6285 28408
6285 11505 28408
28408 6285 11505
832 2763 8312
8312 832 2763
2763 832 8312
12516 8574 14979
14979 8574 12516
8574 12516 14979
16899 12112 22392
22392 12112 16899
12112 16899 22392
27118 11152 14094
14094 11152 27118
11152 14094 27118
22963 6632 8417
8417 6632 22963
6632 8417 22963
2103 2571 29299
2571 2103 29299
29299 2103 2571
6633 11700 12686
11700 6633 12686
12686 6633 11700
9996 7692 22826
22826 7692 9996
7692 9996 22826
24840 15211 19294
19294 15211 24840
15211 19294 24840
21172 399 4022
4022 399 21172
399 4022 21172
2048 11158 12308
11158 2048 12308
12308 2048 11158
11990 765 29915
765 11990 29915
29915 765 11990
17615 15440 28491
28491 15440 17615
15440 17615 28491
12715 2187 25451
2187 12715 25451
25451 2187 12715
26862 16218 27892
27892 16218 26862
16218 26862 27892
21058 9735 15626
15626 9735 21058
9735 15626 21058
23153 11850 25163
11850 23153 25163
25163 11850 23153
22974 3277 13127
13127 3277 22974
3277 13127 22974
8562 15058 22769
15058 8562 22769
22769 8562 15058
24934 9034 11717
9034 11717 24934
11717 9034 24934
17233 17899 20522
20522 17233 17899
17899 17233 20522
7682 9223 22836
9223 7682 22836
22836 7682 9223
10057 15785 16875
15785 10057 16875
16875 10057 15785
14740 3366 10524
10524 3366 14740
3366 10524 14740
13204 21740 25740
25740 13204 21740
21740 13204 25740
17628 2626 19382
2626 17628 19382
19382 2626 17628
14507 6954 12013
6954 12013 14507
12013 6954 14507
10443 6788 12641
6788 10443 12641
12641 6788 10443
16732 1305 21732
1305 16732 21732
21732 1305 16732
21101 13345 14108
14108 13345 21101
13345 14108 21101
19196 6747 13968
13968 6747 19196
6747 13968 19196
22579 15801 18063
15801 18063 22579
18063 15801 22579
9827 12262 15151
12262 9827 15151
15151 9827 12262
23455 17360 23262
17360 23262 23455
23262 17360 23455
22120 17728 19208
19208 17728 22120
17728 19208 22120
26941 7523 17721
17721 7523 26941
7523 17721 26941
6721 712 22819
22819 712 6721
712 6721 22819
15263 23027 23405
23405 15263 23027
23027 15263 23405
28148 9811 11443
9811 11443 28148
11443 9811 28148
7002 15025 19862
15025 7002 19862
19862 7002 15025
20479 21839 29593
21839 20479 29593
29593 20479 21839
25254 17069 19960
19960 17069 25254
17069 19960 25254
24386 8521 17106
8521 17106 24386
17106 8521 24386
15931 6367 15555
15555 6367 15931
6367 15555 15931
2524 821 8546
8546 821 2524
821 2524 8546
9349 2508 16161
2508 9349 16161
16161 2508 9349
7570 6685 17784
6685 7570 17784
17784 6685 7570
9793 14203 15583
15583 9793 14203
14203 9793 15583
22261 13080 25985
13080 22261 25985
25985 13080 22261
100 3165 20007
3165 100 20007
20007 100 3165
12689 12064 22547
22547 12064 12689
12064 12689 22547
18315 15992 23729
15992 18315 23729
23729 15992 18315
6119 6862 12195
6862 6119 12195
12195 6119 6862
12303 6127 8473
6127 8473 12303
8473 6127 12303
2440 10586 11689
11689 2440 10586
10586 2440 11689
18542 5463 26829
5463 18542 26829
26829 5463 18542
28509 19890 23204
19890 23204 28509
23204 19890 28509
3056 3580 20002
20002 3056 3580
3580 3056 20002
16319 2276 22298
22298 2276 16319
2276 16319 22298
9703 7057 27132
7057 9703 27132
27132 7057 9703
25349 358 988
358 988 25349
988 358 25349
27157 13556 25346
25346 13556 27157
13556 25346 27157
14661 9841 24777
9841 14661 24777
24777 9841 14661
5823 8916 24263
24263 5823 8916
8916 5823 24263
22346 7323 18123
7323 18123 22346
18123 7323 22346
12472 21334 28419
28419 12472 21334
21334 12472 28419
20258 13212 18454
13212 18454 20258
18454 13212 20258
2414 17349 19760
19760 2414 17349
17349 2414 19760
13842 16424 21744
16424 13842 21744
21744 13842 16424
24585 6338 13338
13338 6338 24585
6338 13338 24585
14324 5135 7131
5135 7131 14324
7131 5135 14324
11749 2717 11428
2717 11428 11749
11428 2717 11749
15716 15739 20473
15739 15716 20473
20473 15716 15739
3126 19084 28167
28167 3126 19084
19084 3126 28167
18368 13103 21432
21432 13103 18368
13103 18368 21432
23214 3289 20498
