1176 373 742
373 742 1176
742 373 1176
1696 93 2318
93 1696 2318
2318 93 1696
2124 322 1261
1261 322 2124
322 1261 2124
2767 1749 2461
2461 1749 2767
1749 2461 2767
2449 42 636
636 42 2449
42 636 2449
2398 136 2971
2971 136 2398
136 2398 2971
1510 1923 2067
2067 1510 1923
1923 1510 2067
545 1955 2708
1955 545 2708
2708 545 1955
855 1093 2891
1093 855 2891
2891 855 1093
1085 227 524
227 524 1085
524 227 1085
572 1897 2462
2462 572 1897
1897 572 2462
493 122 589
122 493 589
589 122 493
1205 749 2916
2916 749 1205
749 1205 2916
277 117 1139
117 277 1139
1139 117 277
1634 1885 2540
1885 1634 2540
2540 1634 1885
2600 68 2207
68 2207 2600
2207 68 2600
2156 44 1519
1519 44 2156
44 1519 2156
1054 861 2388
2388 861 1054
861 1054 2388
2275 1802 2855
1802 2275 2855
2855 1802 2275
151 1690 2317
2317 151 1690
1690 151 2317
931 1107 2130
2130 931 1107
1107 931 2130
186 1391 1427
1391 186 1427
1427 186 1391
2415 2118 2859
2118 2415 2859
2859 2118 2415
221 1546 2157
1546 221 2157
2157 221 1546
2119 109 2772
2772 109 2119
109 2119 2772
852 1845 2490
1845 852 2490
2490 852 1845
2555 1408 1864
1408 1864 2555
1864 1408 2555
83 792 1119
1119 83 792
792 83 1119
1984 496 2515
2515 496 1984
496 1984 2515
414 187 1842
187 414 1842
1842 187 414
809 955 2521
2521 809 955
955 809 2521
2278 684 744
684 744 2278
744 684 2278
2668 1798 1875
1798 1875 2668
1875 1798 2668
1025 301 1358
1358 301 1025
301 1025 1358
480 60 2740
2740 60 480
60 480 2740
714 52 2710
2710 52 714
52 714 2710
240 2360 2897
2360 240 2897
2897 240 2360
977 233 857
857 233 977
233 857 977
907 1468 2788
2788 907 1468
1468 907 2788
2185 603 1797
1797 603 2185
603 1797 2185
2994 834 1646
1646 834 2994
834 1646 2994
1348 2816 2954
2816 1348 2954
2954 1348 2816
2561 499 2751
499 2561 2751
2751 499 2561
590 530 633
633 530 590
530 590 633
711 819 2182
819 711 2182
2182 711 819
1356 1453 2168
1453 1356 2168
2168 1356 1453
1066 2238 2307
2307 1066 2238
2238 1066 2307
2334 1123 1562
1123 1562 2334
1562 1123 2334
2528 37 2481
37 2481 2528
2481 37 2528
97 561 1483
1483 97 561
561 97 1483
264 246 1344
246 264 1344
1344 246 264
269 61 474
61 269 474
474 61 269
58 396 950
396 58 950
950 58 396
2486 1387 2556
1387 2486 2556
2556 1387 2486
2180 364 1909
1909 364 2180
364 1909 2180
1203 1023 2625
2625 1023 1203
1023 1203 2625
2930 1276 2697
2697 1276 2930
1276 2697 2930
1612 555 1029
1029 555 1612
555 1029 1612
2002 245 1275
1275 245 2002
245 1275 2002
132 2257 2303
2303 132 2257
2257 132 2303
2882 1732 2393
2393 1732 2882
1732 2393 2882
1155 1724 2353
2353 1155 1724
1724 1155 2353
2466 178 1974
1974 178 2466
178 1974 2466
1894 1626 2210
1626 1894 2210
2210 1626 1894
1997 1937 2102
2102 1937 1997
1937 1997 2102
1810 84 1535
1535 84 1810
84 1535 1810
1232 910 1995
910 1232 1995
1995 910 1232
1004 862 1913
1913 862 1004
862 1004 1913
596 234 1455
1455 234 596
234 596 1455
1367 1264 1346
1264 1346 1367
1346 1264 1367
2136 2405 2902
2902 2136 2405
2405 2136 2902
1317 1251 2641
1251 1317 2641
2641 1251 1317
378 1224 2587
1224 378 2587
2587 378 1224
380 1661 2958
2958 380 1661
1661 380 2958
1452 718 1668
1668 718 1452
718 1452 1668
2975 1403 1839
1839 1403 2975
1403 1839 2975
294 1411 2364
1411 294 2364
2364 294 1411
1924 629 2242
2242 629 1924
629 1924 2242
1129 691 1218
691 1129 1218
1218 691 1129
1110 609 2005
609 1110 2005
2005 609 1110
2807 1492 1905
1492 1905 2807
1905 1492 2807
2545 583 2828
2828 583 2545
583 2545 2828
1132 1532 1596
1596 1132 1532
1532 1132 1596
1225 1461 2095
1461 1225 2095
2095 1225 1461
478 36 2025
36 478 2025
2025 36 478
1880 1102 1511
1102 1511 1880
1511 1102 1880
2440 2391 2434
2434 2391 2440
2391 2434 2440
737 33 2676
33 737 2676
2676 33 737
2651 531 1389
1389 531 2651
531 1389 2651
1520 490 1393
1393 490 1520
490 1393 1520
2183 630 1462
1462 630 2183
630 1462 2183
2256 338 2206
2206 338 2256
338 2206 2256
1349 498 2647
498 1349 2647
2647 498 1349
2080 1703 2008
1703 2008 2080
2008 1703 2080
2747 375 2149
2149 375 2747
375 2149 2747
1021 352 1573
352 1021 1573
1573 352 1021
2030 601 2219
601 2030 2219
2219 601 2030
2037 1622 2357
2357 1622 2037
1622 2037 2357
432 624 2570
624 432 2570
2570 432 624
1469 2198 2793
2793 1469 2198
2198 1469 2793
1126 835 1906
835 1126 1906
1906 835 1126
2787 2241 2314
2314 2241 2787
2241 2314 2787
2646 319 2374
2374 319 2646
319 2374 2646
337 1284 1509
1509 337 1284
1284 337 1509
2866 1808 2105
2105 1808 2866
1808 2105 2866
1563 637 2084
637 1563 2084
2084 637 1563
428 441 2533
441 428 2533
2533 428 441
1372 477 2527
2527 477 1372
477 1372 2527
1258 170 2059
170 1258 2059
2059 170 1258
1693 1561 2174
2174 1561 1693
1561 1693 2174
2122 1010 1037
1010 1037 2122
1037 1010 2122
1662 1640 2617
2617 1640 1662
1640 1662 2617
358 2093 2112
2093 358 2112
2112 358 2093
1629 325 1149
1149 325 1629
325 1149 1629
808 2046 2199
2199 808 2046
2046 808 2199
2622 951 1932
1932 951 2622
951 1932 2622
149 1743 2247
2247 149 1743
1743 149 2247
2079 370 952
952 370 2079
370 952 2079
2745 2565 2632
2565 2632 2745
2632 2565 2745
401 953 1939
953 401 1939
1939 401 953
469 305 1235
1235 305 469
305 469 1235
5 208 1138
1138 5 208
208 5 1138
1212 2201 2349
2349 1212 2201
2201 1212 2349
2992 425 2899
425 2899 2992
2899 425 2992
1114 1109 2294
2294 1109 1114
1109 1114 2294
155 59 1632
59 155 1632
1632 59 155
1994 204 2092
204 1994 2092
2092 204 1994
256 962 1375
962 256 1375
1375 256 962
73 1742 2768
2768 73 1742
1742 73 2768
2034 920 1197
920 1197 2034
1197 920 2034
8 696 2889
2889 8 696
696 8 2889
241 4 2413
2413 4 241
4 241 2413
1638 235 462
462 235 1638
235 462 1638
26 1213 2839
1213 26 2839
2839 26 1213
1637 31 2400
2400 31 1637
31 1637 2400
2289 2669 2880
2669 2289 2880
2880 2289 2669
685 716 2800
2800 685 716
716 685 2800
1773 2169 2225
2225 1773 2169
2169 1773 2225
1051 1370 2655
2655 1051 1370
1370 1051 2655
1162 2255 2946
2255 1162 2946
2946 1162 2255
2384 2196 2371
2371 2196 2384
2196 2371 2384
1834 2435 2972
2972 1834 2435
2435 1834 2972
1058 925 1826
1826 925 1058
925 1058 1826
687 1849 2316
1849 687 2316
2316 687 1849
1599 1046 1451
1046 1451 1599
1451 1046 1599
647 975 2633
2633 647 975
975 647 2633
2299 1274 2053
2053 1274 2299
1274 2053 2299
2582 762 2361
2361 762 2582
762 2361 2582
2870 1250 2909
1250 2870 2909
2909 1250 2870
48 274 2439
274 48 2439
2439 48 274
1359 1571 1720
1720 1359 1571
1571 1359 1720
2943 638 2020
2020 638 2943
638 2020 2943
773 2048 2081
2048 773 2081
2081 773 2048
1432 1067 1447
1447 1067 1432
1067 1432 1447
1478 94 1764
94 1478 1764
1764 94 1478
1582 203 1181
203 1181 1582
1181 203 1582
410 625 2939
625 410 2939
2939 410 625
2237 1648 2959
1648 2237 2959
2959 1648 2237
1903 2204 2660
2660 1903 2204
2204 1903 2660
2297 584 915
915 584 2297
584 915 2297
2680 1512 2761
1512 2680 2761
2761 1512 2680
1297 329 2153
2153 329 1297
329 1297 2153
200 791 1788
791 200 1788
1788 200 791
880 223 1769
1769 223 880
223 880 1769
2023 526 900
526 900 2023
900 526 2023
863 557 2685
2685 557 863
557 863 2685
344 918 2560
2560 344 918
918 344 2560
1471 2129 2492
2492 1471 2129
2129 1471 2492
1113 1216 1861
1216 1113 1861
1861 1113 1216
1711 2284 2844
2284 1711 2844
2844 1711 2284
2615 628 1236
1236 628 2615
628 1236 2615
1003 479 2383
2383 479 1003
479 1003 2383
143 259 1676
259 143 1676
1676 143 259
1964 1867 2721
1867 1964 2721
2721 1867 1964
1092 1137 2927
2927 1092 1137
1137 1092 2927
1028 888 2381
2381 888 1028
888 1028 2381
2593 342 552
552 342 2593
342 552 2593
1686 1156 1266
1266 1156 1686
1156 1266 1686
1607 1248 1558
1558 1248 1607
1248 1558 1607
1364 315 1717
315 1364 1717
1717 315 1364
2450 779 1083
1083 779 2450
779 1083 2450
1033 426 2675
2675 426 1033
426 1033 2675
770 775 1689
775 770 1689
1689 770 775
86 1414 2810
1414 86 2810
2810 86 1414
2567 547 662
547 662 2567
662 547 2567
475 2147 2616
2147 475 2616
2616 475 2147
2350 1506 2123
2123 1506 2350
1506 2123 2350
2542 1421 1654
1654 1421 2542
1421 1654 2542
2766 190 806
806 190 2766
190 806 2766
1180 1116 1332
1116 1180 1332
1332 1116 1180
1243 1060 2404
1060 1243 2404
2404 1060 1243
966 119 318
119 318 966
318 119 966
566 675 2151
2151 566 675
675 566 2151
1096 177 2004
177 1096 2004
2004 177 1096
945 1836 1996
1836 945 1996
1996 945 1836
1491 627 2287
627 1491 2287
2287 627 1491
386 108 2980
2980 108 386
108 386 2980
1930 1917 2452
2452 1917 1930
1917 1930 2452
1740 202 2190
202 1740 2190
2190 202 1740
1677 1555 2319
1555 1677 2319
2319 1555 1677
2163 2377 2505
2505 2163 2377
2377 2163 2505
282 783 1260
1260 282 783
783 282 1260
634 2111 2501
2111 634 2501
2501 634 2111
150 179 2729
2729 150 179
179 150 2729
1231 1580 1916
1580 1231 1916
1916 1231 1580
2166 217 300
300 217 2166
217 300 2166
252 510 1503
510 252 1503
1503 252 510
1320 2741 2817
2741 1320 2817
2817 1320 2741
1747 1424 1841
1841 1424 1747
1424 1747 1841
512 2064 2698
2698 512 2064
2064 512 2698
787 537 897
897 537 787
537 787 897
769 790 2290
790 769 2290
2290 769 790
2874 1497 2571
2571 1497 2874
1497 2571 2874
424 1658 2551
1658 424 2551
2551 424 1658
299 710 2634
2634 299 710
710 299 2634
1279 701 1819
1819 701 1279
701 1279 1819
1303 2150 2508
2150 1303 2508
2508 1303 2150
612 1482 1679
1679 612 1482
1482 612 1679
288 541 2419
2419 288 541
541 288 2419
2408 550 2969
550 2408 2969
2969 550 2408
2298 508 667
508 667 2298
667 508 2298
415 533 905
905 415 533
533 415 905
1818 29 2407
29 1818 2407
2407 29 1818
293 591 1919
591 293 1919
1919 293 591
1978 1838 2900
1838 1978 2900
2900 1838 1978
1998 1267 2703
2703 1267 1998
1267 1998 2703
1465 2330 2644
2644 1465 2330
2330 1465 2644
2910 2120 2280
2120 2280 2910
2280 2120 2910
1187 1630 2152
2152 1187 1630
1630 1187 2152
1342 1167 2940
1167 1342 2940
2940 1167 1342
2305 281 1419
1419 281 2305
281 1419 2305
2028 40 1065
40 1065 2028
1065 40 2028
2694 199 2484
2484 199 2694
199 2484 2694
745 2158 2293
2158 745 2293
2293 745 2158
1992 964 1549
964 1549 1992
1549 964 1992
1835 1947 2041
1947 1835 2041
2041 1835 1947
2960 1899 2208
1899 2208 2960
2208 1899 2960
2620 470 1803
470 1803 2620
1803 470 2620
326 1315 2063
2063 326 1315
1315 326 2063
2248 220 1887
220 1887 2248
1887 220 2248
1501 303 1977
303 1501 1977
1977 303 1501
521 1513 1752
1752 521 1513
1513 521 1752
1675 2771 2904
2904 1675 2771
2771 1675 2904
487 215 2127
2127 215 487
215 487 2127
393 310 1122
1122 310 393
310 393 1122
1164 1850 2313
1850 1164 2313
2313 1164 1850
614 1170 2856
2856 614 1170
1170 614 2856
253 335 436
436 253 335
335 253 436
2677 2071 2825
2825 2071 2677
2071 2677 2825
2344 2279 2376
2279 2344 2376
2376 2279 2344
940 1439 2700
2700 940 1439
1439 940 2700
2769 455 713
713 455 2769
455 713 2769
2134 1639 1928
1928 1639 2134
1639 1928 2134
2418 567 2834
567 2418 2834
2834 567 2418
1233 1381 2748
1381 1233 2748
2748 1233 1381
1422 1712 2200
1712 1422 2200
2200 1422 1712
327 1017 1210
1017 327 1210
1210 327 1017
2328 755 1369
755 1369 2328
1369 755 2328
1307 1795 2836
2836 1307 1795
1795 1307 2836
2326 2579 2619
2579 2326 2619
2619 2326 2579
2264 440 2577
440 2264 2577
2577 440 2264
2670 1425 1464
1464 1425 2670
1425 1464 2670
2803 2042 2332
2042 2332 2803
2332 2042 2803
1070 249 1475
249 1070 1475
1475 249 1070
1504 302 795
302 795 1504
795 302 1504
2988 1737 2428
1737 2428 2988
2428 1737 2988
588 379 1517
1517 379 588
379 588 1517
2296 506 1559
1559 506 2296
506 1559 2296
465 836 2362
2362 465 836
836 465 2362
2510 648 1744
648 1744 2510
1744 648 2510
2605 1543 1625
1543 1625 2605
1625 1543 2605
214 285 323
323 214 285
285 214 323
2962 1641 1982
1641 1982 2962
1982 1641 2962
180 1642 2750
2750 180 1642
1642 180 2750
1445 967 1074
1074 967 1445
967 1074 1445
2065 577 941
577 941 2065
941 577 2065
1106 2139 2656
2139 1106 2656
2656 1106 2139
308 1288 1413
1288 308 1413
1413 308 1288
2956 351 1925
1925 351 2956
351 1925 2956
139 938 1934
938 139 1934
1934 139 938
2459 2356 2706
2356 2459 2706
2706 2356 2459
2780 505 2086
2086 505 2780
505 2086 2780
2348 1111 1523
1523 1111 2348
1111 1523 2348
464 1146 2061
1146 464 2061
2061 464 1146
55 881 2203
881 55 2203
2203 55 881
641 115 228
115 228 641
228 115 641
2523 1554 1572
1554 1572 2523
1572 1554 2523
1249 2630 2784
2784 1249 2630
2630 1249 2784
442 137 296
137 296 442
296 137 442
2489 2033 2097
2097 2033 2489
2033 2097 2489
2100 923 1873
1873 923 2100
923 1873 2100
1283 751 1077
1077 751 1283
751 1077 1283
607 699 2266
2266 607 699
699 607 2266
1135 2636 2723
2636 1135 2723
2723 1135 2636
1428 868 2468
868 1428 2468
2468 868 1428
2671 289 2849
2849 289 2671
289 2671 2849
2824 702 978
978 702 2824
702 978 2824
2013 1097 2871
1097 2013 2871
2871 1097 2013
1664 942 2704
942 1664 2704
2704 942 1664
620 786 1976
1976 620 786
786 620 1976
1112 357 2179
2179 357 1112
357 1112 2179
1341 1304 1713
1713 1304 1341
1304 1341 1713
1168 1300 1816
1300 1168 1816
1816 1168 1300
230 1473 2113
1473 230 2113
2113 230 1473
2659 2514 2612
2612 2514 2659
2514 2612 2659
1960 1188 1970
1970 1188 1960
1188 1960 1970
2032 1071 2725
1071 2032 2725
2725 1071 2032
2949 912 1846
912 1846 2949
1846 912 2949
1965 12 2557
2557 12 1965
12 1965 2557
437 805 1312
805 437 1312
1312 437 805
123 1430 1718
1718 123 1430
1430 123 1718
2589 275 2976
2976 275 2589
275 2589 2976
1794 102 1545
1545 102 1794
102 1545 1794
127 921 984
984 127 921
921 127 984
759 705 2840
2840 705 759
705 759 2840
398 491 1805
1805 398 491
491 398 1805
2955 1412 2562
1412 2562 2955
2562 1412 2955
447 483 1799
483 447 1799
1799 447 483
2339 238 406
406 238 2339
238 406 2339
2867 1254 1879
1254 1879 2867
1879 1254 2867
2895 511 1778
1778 511 2895
511 1778 2895
1133 1652 1781
1781 1133 1652
1652 1133 1781
1143 2905 2933
2905 1143 2933
2933 1143 2905
43 514 2259
2259 43 514
514 43 2259
939 2069 2292
2292 939 2069
2069 939 2292
1001 164 2498
2498 164 1001
164 1001 2498
321 2331 2543
2543 321 2331
2331 321 2543
1892 439 1534
439 1534 1892
1534 439 1892
2928 563 2144
2144 563 2928
563 2144 2928
615 78 2054
78 615 2054
2054 78 615
1951 454 2640
454 1951 2640
2640 454 1951
2283 1063 1617
1617 1063 2283
1063 1617 2283
213 1314 2785
1314 213 2785
2785 213 1314
2941 248 986
248 986 2941
986 248 2941
402 621 1009
1009 402 621
621 402 1009
1333 732 2366
732 1333 2366
2366 732 1333
1950 688 2782
2782 688 1950
688 1950 2782
107 163 210
163 107 210
210 107 163
538 1402 2178
2178 538 1402
1402 538 2178
1941 1024 2263
2263 1024 1941
1024 1941 2263
2239 121 649
121 649 2239
649 121 2239
2312 25 2011
2011 25 2312
25 2011 2312
1049 1211 2224
1211 1049 2224
2224 1049 1211
313 271 2686
271 313 2686
2686 271 313
974 838 1908
838 974 1908
1908 838 974
2868 1191 2126
2126 1191 2868
1191 2126 2868
509 1423 2304
2304 509 1423
1423 509 2304
525 1863 2474
2474 525 1863
1863 525 2474
2684 2722 2730
2730 2684 2722
2722 2684 2730
2908 467 2047
2047 467 2908
467 2047 2908
1433 631 2056
631 1433 2056
2056 631 1433
460 9 1807
9 460 1807
1807 9 460
2104 1061 1209
1061 1209 2104
1209 1061 2104
1548 153 2883
2883 153 1548
153 1548 2883
2378 35 1195
35 1195 2378
1195 35 2378
2488 585 1789
585 1789 2488
1789 585 2488
1207 77 236
77 236 1207
236 77 1207
392 626 1262
1262 392 626
626 392 1262
1921 189 654
654 189 1921
189 654 1921
895 800 1738
1738 800 895
800 895 1738
730 832 2881
2881 730 832
832 730 2881
2998 492 1922
1922 492 2998
492 1922 2998
1142 1390 2970
1390 1142 2970
2970 1142 1390
145 811 904
811 145 904
904 145 811
1272 129 2416
129 1272 2416
2416 129 1272
729 1715 1891
1715 729 1891
1891 729 1715
2596 1685 2087
2087 1685 2596
1685 2087 2596
112 1339 2477
2477 112 1339
1339 112 2477
2098 869 2337
2337 869 2098
869 2098 2337
2760 1476 2482
1476 2482 2760
2482 1476 2760
1967 1618 2068
1618 1967 2068
2068 1618 1967
2786 985 2430
2430 985 2786
985 2430 2786
1904 616 1376
1376 616 1904
616 1376 1904
1128 138 1479
138 1128 1479
1479 138 1128
2172 13 185
185 13 2172
13 185 2172
2578 553 1800
1800 553 2578
553 1800 2578
2507 1373 2604
2604 1373 2507
1373 2507 2604
539 481 872
481 539 872
872 481 539
746 1944 2798
1944 746 2798
2798 746 1944
1631 724 2250
2250 724 1631
724 1631 2250
1136 188 2504
2504 188 1136
188 1136 2504
958 1585 1587
1587 958 1585
1585 958 1587
1603 87 2520
87 1603 2520
2520 87 1603
771 515 1541
1541 515 771
515 771 1541
307 1013 2846
2846 307 1013
1013 307 2846
1579 1488 1968
1488 1579 1968
1968 1488 1579
663 7 2338
7 663 2338
2338 7 663
280 2820 2917
2917 280 2820
2820 280 2917
1440 1120 2177
1120 1440 2177
2177 1120 1440
1760 1007 2818
1007 1760 2818
2818 1007 1760
801 559 1265
559 801 1265
1265 559 801
573 1271 2628
1271 573 2628
2628 573 1271
339 306 2797
2797 306 339
306 339 2797
374 134 206
206 134 374
134 206 374
1529 1566 2469
1566 1529 2469
2469 1529 1566
2801 2234 2952
2234 2801 2952
2952 2234 2801
2951 993 2923
993 2923 2951
2923 993 2951
2779 613 1426
613 1426 2779
1426 613 2779
2869 1206 1602
1602 1206 2869
1206 1602 2869
661 1335 1791
1335 661 1791
1791 661 1335
845 579 2232
579 845 2232
2232 579 845
404 1398 2006
1398 404 2006
2006 404 1398
2327 2764 2802
2802 2327 2764
2764 2327 2802
2457 1088 1739
1739 1088 2457
1088 1739 2457
1238 1552 2420
1552 1238 2420
2420 1238 1552
1368 159 2380
2380 159 1368
159 1368 2380
1943 297 1574
297 1574 1943
1574 297 1943
1103 1020 1278
1020 1103 1278
1278 1020 1103
167 813 2758
2758 167 813
813 167 2758
2726 1702 2637
2637 1702 2726
1702 2637 2726
435 1878 2291
2291 435 1878
1878 435 2291
1855 560 2148
560 1855 2148
2148 560 1855
2982 497 2346
497 2346 2982
2346 497 2982
355 1323 2423
1323 355 2423
2423 355 1323
2017 1683 2934
1683 2017 2934
2934 1683 2017
1466 602 1933
1933 602 1466
602 1466 1933
1609 840 2827
840 1609 2827
2827 840 1609
1131 239 1779
1779 239 1131
239 1131 1779
1407 1147 1226
1147 1226 1407
1226 1147 1407
703 668 676
668 676 703
676 668 703
165 1837 1920
1837 165 1920
1920 165 1837
279 1298 2789
1298 279 2789
2789 279 1298
1353 1015 1915
1015 1353 1915
1915 1015 1353
2621 1022 1087
1022 1087 2621
1087 1022 2621
2912 1765 2009
2009 1765 2912
1765 2009 2912
407 24 88
88 24 407
24 88 407
1890 600 642
642 600 1890
600 642 1890
2075 2003 2170
2170 2003 2075
2003 2075 2170
2135 932 1474
1474 932 2135
932 1474 2135
903 49 2991
2991 49 903
49 903 2991
2010 1569 2727
2727 1569 2010
1569 2010 2727
1454 427 2483
2483 427 1454
427 1454 2483
1768 341 1043
341 1043 1768
1043 341 1768
1253 1000 1780
1780 1000 1253
1000 1253 1780
1157 535 922
922 535 1157
535 922 1157
1404 340 2107
2107 340 1404
340 1404 2107
39 610 1172
610 39 1172
1172 39 610
2128 390 885
390 885 2128
885 390 2128
1811 1663 1979
1979 1663 1811
1663 1811 1979
578 181 1301
181 578 1301
1301 181 578
2713 1319 2368
2368 1319 2713
1319 2368 2713
1198 1034 2735
2735 1034 1198
1034 1198 2735
1671 1325 2691
1325 1671 2691
2691 1325 1671
1352 1786 1848
1848 1352 1786
1786 1352 1848
1537 756 1889
1889 756 1537
756 1537 1889
1650 1082 1388
1388 1082 1650
1082 1388 1650
1379 1628 1888
1888 1379 1628
1628 1379 1888
1420 225 1564
225 1420 1564
1564 225 1420
1047 522 2978
2978 522 1047
522 1047 2978
1144 1062 2953
2953 1062 1144
1062 1144 2953
936 1401 2269
1401 936 2269
2269 936 1401
2165 430 2137
430 2137 2165
2137 430 2165
697 886 1055
1055 697 886
886 697 1055
2103 1095 1354
1354 1095 2103
1095 1354 2103
2699 1858 1945
1858 1945 2699
1945 1858 2699
1722 445 2369
2369 445 1722
445 1722 2369
1653 2162 2757
2757 1653 2162
2162 1653 2757
2682 391 1726
391 1726 2682
1726 391 2682
2271 2258 2403
2258 2271 2403
2403 2258 2271
1310 1343 1486
1486 1310 1343
1343 1310 1486
892 1042 1589
1042 892 1589
1589 892 1042
611 1484 1593
1593 611 1484
1484 611 1593
1064 2618 2892
2618 1064 2892
2892 1064 2618
1588 1736 1793
1736 1588 1793
1793 1588 1736
1556 1635 2480
1635 1556 2480
2480 1556 1635
933 2365 2932
2365 933 2932
2932 933 2365
1900 2142 2903
2142 1900 2903
2903 1900 2142
1647 2051 2584
2051 1647 2584
2584 1647 2051
336 1767 2804
1767 336 2804
2804 336 1767
858 1784 2035
2035 858 1784
1784 858 2035
2936 1247 2202
2202 1247 2936
1247 2202 2936
76 518 1050
1050 76 518
518 76 1050
2762 2094 2286
2286 2094 2762
2094 2286 2762
2594 2777 2893
2777 2594 2893
2893 2594 2777
1733 854 1068
854 1068 1733
1068 854 1733
1438 1177 2347
2347 1177 1438
1177 1438 2347
2572 1196 2667
1196 2572 2667
2667 1196 2572
2438 911 2351
911 2351 2438
2351 911 2438
2935 721 990
721 990 2935
990 721 2935
1322 1775 2091
2091 1322 1775
1775 1322 2091
2465 1384 1882
1384 1882 2465
1882 1384 2465
1536 672 1893
1893 672 1536
672 1536 1893
2108 111 828
111 828 2108
828 111 2108
1940 1729 2830
1729 1940 2830
2830 1729 1940
540 926 961
961 540 926
926 540 961
1708 2019 2775
2019 1708 2775
2775 1708 2019
673 1006 2711
2711 673 1006
1006 673 2711
2427 1418 1594
1418 1594 2427
1594 1418 2427
2848 987 2590
987 2590 2848
2590 987 2848
556 116 484
116 484 556
484 116 556
2268 2236 2819
2236 2268 2819
2819 2236 2268
2937 2375 2525
2525 2375 2937
2375 2525 2937
1186 1590 2164
2164 1186 1590
1590 1186 2164
2336 1221 1311
1221 1311 2336
1311 1221 2336
1036 1823 2847
2847 1036 1823
1823 1036 2847
2843 57 2845
57 2843 2845
2845 57 2843
2392 125 2140
2140 125 2392
125 2140 2392
2379 1185 1912
1185 1912 2379
1912 1185 2379
991 1857 2057
1857 991 2057
2057 991 1857
1472 1104 2890
2890 1104 1472
1104 1472 2890
753 1881 2724
2724 753 1881
1881 753 2724
453 1378 1771
1378 453 1771
1771 453 1378
195 821 2639
821 195 2639
2639 195 821
1031 438 2195
2195 438 1031
438 1031 2195
2476 2506 2598
2506 2476 2598
2598 2476 2506
623 999 1983
999 623 1983
1983 623 999
72 103 1306
1306 72 103
103 72 1306
2860 2325 2835
2835 2325 2860
2325 2835 2860
1851 45 1285
1285 45 1851
45 1285 1851
2693 173 2990
2990 173 2693
173 2693 2990
810 1644 2500
1644 810 2500
2500 810 1644
1598 284 2688
2688 284 1598
284 1598 2688
1496 182 2417
182 1496 2417
2417 182 1496
1365 251 2938
2938 251 1365
251 1365 2938
2116 1874 2231
1874 2116 2231
2231 1874 2116
763 1620 2447
1620 763 2447
2447 763 1620
969 461 1824
1824 461 969
461 969 1824
2226 209 976
976 209 2226
209 976 2226
11 118 2273
2273 11 118
118 11 2273
2973 2143 2176
2143 2176 2973
2176 2143 2973
1966 226 1018
1018 226 1966
226 1018 1966
1987 709 1859
709 1859 1987
1859 709 1987
565 287 2829
287 565 2829
2829 287 565
2437 943 1463
943 1463 2437
1463 943 2437
476 842 2340
2340 476 842
842 476 2340
586 1268 1351
1268 586 1351
1351 586 1268
1295 191 1667
191 1295 1667
1667 191 1295
1706 2251 2666
2251 1706 2666
2666 1706 2251
169 418 2658
2658 169 418
418 169 2658
2863 523 659
523 659 2863
659 523 2863
698 2000 2516
2000 698 2516
2516 698 2000
735 1623 2850
2850 735 1623
1623 735 2850
67 1330 2181
2181 67 1330
1330 67 2181
2813 734 2986
2986 734 2813
734 2813 2986
1134 995 1592
995 1134 1592
1592 995 1134
278 1078 1651
1651 278 1078
1078 278 1651
815 154 1730
154 815 1730
1730 154 815
1829 1958 1963
1963 1829 1958
1958 1829 1963
2799 224 1494
1494 224 2799
224 1494 2799
147 1044 2167
1044 147 2167
2167 147 1044
570 28 2454
2454 28 570
28 570 2454
2715 2471 2485
2471 2485 2715
2485 2471 2715
899 864 2950
864 899 2950
2950 864 899
674 1821 2548
2548 674 1821
1821 674 2548
1175 2252 2385
2252 1175 2385
2385 1175 2252
2673 507 2382
2382 507 2673
507 2382 2673
2814 365 748
365 748 2814
748 365 2814
772 728 2043
728 772 2043
2043 728 772
645 130 1190
1190 130 645
130 645 1190
19 1357 2707
1357 19 2707
2707 19 1357
1734 1230 2265
2265 1230 1734
1230 1734 2265
1026 75 183
75 183 1026
183 75 1026
542 529 564
564 529 542
529 542 564
70 758 1502
758 70 1502
1502 70 758
825 250 1868
250 825 1868
1868 250 825
2629 833 2966
2966 833 2629
833 2629 2966
639 527 2223
2223 527 639
527 639 2223
2007 2586 2774
2774 2007 2586
2586 2007 2774
2272 1318 2040
2040 1318 2272
1318 2040 2272
652 913 2058
913 652 2058
2058 652 913
2433 193 738
193 738 2433
738 193 2433
389 312 422
422 312 389
312 389 422
2526 347 1256
1256 347 2526
347 1256 2526
486 816 1269
816 486 1269
1269 486 816
720 1409 2115
1409 720 2115
2115 720 1409
1434 879 1080
1080 879 1434
879 1080 1434
411 1578 1774
1774 411 1578
1578 411 1774
1655 1674 2194
2194 1655 1674
1674 1655 2194
1252 286 680
680 286 1252
286 680 1252
283 1005 2343
2343 283 1005
1005 283 2343
1948 963 2705
963 1948 2705
2705 963 1948
388 1597 2049
2049 388 1597
1597 388 2049
2914 954 2222
954 2222 2914
2222 954 2914
1707 2672 2911
2911 1707 2672
2672 1707 2911
2547 1173 2133
2133 1173 2547
1173 2133 2547
853 1553 1901
1553 853 1901
1901 853 1553
1776 1214 2497
2497 1214 1776
1214 1776 2497
298 17 171
171 17 298
17 171 298
2106 2062 2674
2062 2106 2674
2674 2062 2106
270 2823 2898
2823 270 2898
2898 270 2823
2650 844 2643
844 2643 2650
2643 844 2650
2001 928 2215
928 2001 2215
2215 928 2001
2300 90 1171
1171 90 2300
90 1171 2300
740 1666 2495
2495 740 1666
1666 740 2495
741 690 1011
1011 690 741
690 741 1011
1542 1988 2310
1988 1542 2310
2310 1542 1988
421 89 409
89 409 421
409 89 421
681 2154 2591
2154 681 2591
2591 681 2154
2220 1045 2322
1045 2220 2322
2322 1045 2220
1691 1539 2631
2631 1539 1691
1539 1691 2631
360 1604 2679
2679 360 1604
1604 360 2679
1862 968 2608
2608 968 1862
968 1862 2608
2306 1105 2077
2077 1105 2306
1105 2077 2306
983 1079 1931
1079 983 1931
1931 983 1079
1150 494 2588
494 1150 2588
2588 494 1150
1820 82 1847
1847 82 1820
82 1820 1847
1649 1877 2535
2535 1649 1877
1877 1649 2535
231 2581 2915
2915 231 2581
2581 231 2915
582 2192 2997
2192 582 2997
2997 582 2192
761 598 2553
2553 598 761
598 761 2553
448 1286 1876
1876 448 1286
1286 448 1876
2022 655 1935
1935 655 2022
655 1935 2022
399 74 874
874 74 399
74 399 874
2602 1777 1953
1777 1953 2602
1953 1777 2602
2702 1052 2072
1052 2072 2702
2072 1052 2702
242 689 860
689 242 860
860 242 689
272 2546 2965
2546 272 2965
2965 272 2546
194 2309 2387
2309 194 2387
2387 194 2309
273 891 2613
891 273 2613
2613 273 891
1633 594 2141
594 1633 2141
2141 594 1633
2585 1326 2146
1326 2146 2585
2146 1326 2585
2947 2214 2509
2509 2214 2947
2214 2509 2947
2538 1812 2464
2464 1812 2538
1812 2464 2538
1946 131 1792
1792 131 1946
131 1792 1946
797 1721 2559
2559 797 1721
1721 797 2559
2453 85 1449
1449 85 2453
85 1449 2453
148 1526 2475
1526 148 2475
2475 148 1526
528 731 1508
731 528 1508
1508 528 731
1193 113 944
113 944 1193
944 113 1193
2662 1108 1270
1270 1108 2662
1108 1270 2662
104 1282 2957
1282 104 2957
2957 104 1282
1299 2552 2796
2552 1299 2796
2796 1299 2552
2554 1100 2188
2188 1100 2554
1100 2188 2554
1698 1643 2513
1643 1698 2513
2513 1643 1698
1316 368 1201
368 1201 1316
1201 368 1316
2221 92 2235
92 2221 2235
2235 92 2221
2574 898 2756
2756 898 2574
898 2574 2756
166 1952 2399
1952 166 2399
2399 166 1952
2455 644 2963
2963 644 2455
644 2455 2963
343 417 1682
417 343 1682
1682 343 417
1560 1828 2678
1828 1560 2678
2678 1560 1828
2355 157 2511
2511 157 2355
157 2355 2511
158 276 1884
276 158 1884
1884 158 276
1656 747 2879
747 1656 2879
2879 747 1656
2648 237 1723
237 1723 2648
1723 237 2648
1089 1182 2653
1182 1089 2653
2653 1089 1182
1521 141 1222
141 1222 1521
1222 141 1521
871 126 198
126 198 871
198 126 871
2794 400 959
959 400 2794
400 959 2794
1456 1524 2754
2754 1456 1524
1524 1456 2754
877 353 2470
353 877 2470
2470 353 877
1886 1550 1680
1550 1680 1886
1680 1550 1886
2736 38 2411
38 2411 2736
2411 38 2736
260 558 1012
558 260 1012
1012 260 558
2478 2175 2665
2175 2478 2665
2665 2175 2478
1241 847 1528
847 1241 1528
1528 847 1241
1697 446 1727
1727 446 1697
446 1697 1727
2083 268 778
778 268 2083
268 778 2083
757 1949 2875
2875 757 1949
1949 757 2875
2173 482 1130
482 1130 2173
1130 482 2173
34 98 1665
98 34 1665
1665 34 98
1199 1830 2683
1830 1199 2683
2683 1199 1830
1099 168 1938
168 1099 1938
1938 168 1099
95 1527 1853
1527 95 1853
1853 95 1527
1856 309 826
309 826 1856
826 309 1856
1442 934 1725
1725 934 1442
934 1442 1725
1699 1090 1293
1090 1293 1699
1293 1090 1699
767 768 956
956 767 768
768 767 956
156 789 1516
1516 156 789
789 156 1516
646 2 79
79 2 646
2 79 646
2260 371 2907
371 2260 2907
2907 371 2260
1608 254 2205
254 1608 2205
2205 254 1608
99 884 1076
884 99 1076
1076 99 884
1292 128 1334
128 1292 1334
1334 128 1292
2487 1313 1750
1313 1750 2487
1750 1313 2487
2696 882 2335
2335 882 2696
882 2335 2696
708 218 381
218 381 708
381 218 708
488 2276 2541
2541 488 2276
2276 488 2541
2664 909 1493
1493 909 2664
909 1493 2664
2414 2012 2728
2012 2414 2728
2728 2012 2414
2714 133 2301
133 2301 2714
2301 133 2714
1446 1345 1772
1345 1446 1772
1772 1345 1446
354 419 2626
2626 354 419
419 354 2626
10 207 2607
207 10 2607
2607 10 207
330 1753 2463
2463 330 1753
1753 330 2463
405 2082 2606
2082 405 2606
2606 405 2082
635 384 1624
1624 384 635
384 635 1624
1568 140 2826
140 1568 2826
2826 140 1568
2558 866 1681
1681 866 2558
866 1681 2558
2734 211 653
211 653 2734
653 211 2734
1148 394 2742
2742 394 1148
394 1148 2742
794 1019 2245
1019 794 2245
2245 794 1019
257 843 2311
2311 257 843
843 257 2311
2031 876 1657
876 1657 2031
1657 876 2031
1716 1240 1980
1240 1716 1980
1980 1240 1716
1575 2458 2808
2458 1575 2808
2808 1575 2458
255 100 2055
2055 100 255
100 255 2055
348 502 2885
2885 348 502
502 348 2885
1073 397 2491
397 1073 2491
2491 397 1073
1971 1016 2746
2746 1016 1971
1016 1971 2746
2812 722 856
856 722 2812
722 856 2812
2945 723 1914
723 1914 2945
1914 723 2945
1165 1154 1435
1435 1154 1165
1154 1165 1435
665 848 2575
848 665 2575
2575 665 848
1865 349 2039
349 1865 2039
2039 349 1865
2695 91 2354
91 2354 2695
2354 91 2695
660 640 2737
640 660 2737
2737 640 660
1796 495 982
982 495 1796
495 982 1796
2995 960 1481
1481 960 2995
960 1481 2995
1329 2445 2531
2445 1329 2531
2531 1329 2445
683 546 1470
546 683 1470
1470 546 683
2193 30 2977
2977 30 2193
30 2193 2977
1395 346 2184
2184 346 1395
346 1395 2184
1362 1385 2805
2805 1362 1385
1385 1362 2805
2240 1259 1936
1259 1936 2240
1936 1259 2240
651 796 2315
2315 651 796
796 651 2315
765 105 2610
105 765 2610
2610 105 765
403 2394 2568
2394 403 2568
2568 403 2394
781 1959 2431
1959 781 2431
2431 781 1959
893 1340 2942
2942 893 1340
1340 893 2942
782 817 1577
1577 782 817
817 782 1577
232 1392 2743
1392 232 2743
2743 232 1392
1477 314 367
314 367 1477
367 314 1477
1151 658 2920
658 1151 2920
2920 658 1151
244 192 2922
2922 192 244
192 244 2922
457 458 2837
2837 457 458
458 457 2837
678 949 2716
949 678 2716
2716 678 949
2832 2044 2886
2044 2832 2886
2886 2044 2832
916 1183 2638
2638 916 1183
1183 916 2638
2493 1870 2209
2209 1870 2493
1870 2209 2493
1801 2536 2919
2919 1801 2536
2536 1801 2919
712 1069 1981
1069 712 1981
1981 712 1069
867 429 2862
2862 429 867
429 867 2862
972 927 2534
927 972 2534
2534 927 972
2806 605 1394
605 1394 2806
1394 605 2806
376 56 2918
56 376 2918
2918 56 376
197 543 2029
543 197 2029
2029 197 543
1498 317 2308
2308 317 1498
317 1498 2308
2519 1756 2496
2496 1756 2519
1756 2496 2519
2689 924 2261
2261 924 2689
924 2261 2689
2131 420 2592
2592 420 2131
420 2131 2592
2924 1355 1441
1441 1355 2924
1355 1441 2924
1158 1014 2623
2623 1014 1158
1014 1158 2623
1280 694 2948
694 1280 2948
2948 694 1280
2611 774 1942
1942 774 2611
774 1942 2611
395 1374 2395
1374 395 2395
2395 395 1374
2718 385 587
587 385 2718
385 587 2718
666 212 501
501 212 666
212 501 666
2815 387 2155
387 2155 2815
2155 387 2815
549 1127 2436
1127 549 2436
2436 549 1127
1714 1039 2657
1039 1714 2657
2657 1039 1714
595 1145 1489
1489 595 1145
1145 595 1489
719 1700 1785
1785 719 1700
1700 719 1785
1296 889 1152
1152 889 1296
889 1152 1296
1308 2109 2861
2109 1308 2861
2861 1308 2109
2073 2472 2512
2472 2073 2512
2512 2073 2472
592 1124 1246
1246 592 1124
1124 592 1246
2422 677 1118
1118 677 2422
677 1118 2422
870 1382 1450
1450 870 1382
1382 870 1450
196 316 1678
1678 196 316
316 196 1678
160 1140 1911
1140 160 1911
1911 160 1140
1531 764 2499
2499 764 1531
764 1531 2499
2027 619 2412
2412 619 2027
619 2027 2412
1694 754 1969
754 1694 1969
1969 754 1694
27 101 839
839 27 101
101 27 839
733 1480 1975
1975 733 1480
1480 733 1975
571 18 372
372 18 571
18 372 571
851 64 2282
64 851 2282
2282 64 851
1854 812 2342
2342 812 1854
812 1854 2342
1220 106 814
814 106 1220
106 814 1220
135 717 1621
1621 135 717
717 135 1621
793 1972 2372
1972 793 2372
2372 793 1972
520 906 1377
1377 520 906
906 520 1377
536 46 1745
1745 46 536
46 536 1745
1178 463 2494
2494 463 1178
463 1178 2494
1444 1189 2583
2583 1189 1444
1189 1444 2583
2024 902 2425
902 2024 2425
2425 902 2024
576 707 1660
707 576 1660
1660 576 707
2518 965 2370
2370 965 2518
965 2370 2518
981 152 2320
2320 152 981
152 981 2320
1990 443 2532
2532 443 1990
443 1990 2532
2989 172 750
750 172 2989
172 750 2989
1898 320 608
608 320 1898
320 608 1898
2901 2189 2687
2189 2687 2901
2687 2189 2901
2070 65 1591
1591 65 2070
65 1591 2070
1814 16 345
16 345 1814
345 16 1814
2159 489 2503
2503 489 2159
489 2159 2503
1215 383 2663
2663 383 1215
383 1215 2663
66 2401 2792
2401 66 2792
2792 66 2401
2138 831 2759
2759 831 2138
831 2138 2759
2964 1754 2645
1754 2645 2964
2645 1754 2964
807 618 1817
618 807 1817
1817 618 807
827 1757 2421
2421 827 1757
1757 827 2421
1458 413 2228
413 1458 2228
2228 413 1458
2755 841 1245
1245 841 2755
841 1245 2755
1 408 1217
408 1 1217
1217 1 408
1227 324 1533
1533 324 1227
324 1227 1533
247 519 850
850 247 519
519 247 850
2719 2021 2524
2524 2021 2719
2021 2524 2719
2333 23 1467
1467 23 2333
23 1467 2333
1866 970 1242
970 1242 1866
1242 970 1866
1748 243 1229
243 1229 1748
1229 243 1748
1460 890 1038
890 1038 1460
1038 890 1460
205 1228 1255
1255 205 1228
1228 205 1255
1605 449 1495
1495 449 1605
449 1495 1605
2888 304 948
304 948 2888
948 304 2888
2981 1366 2285
1366 2285 2981
2285 1366 2981
2550 366 992
366 992 2550
992 366 2550
859 2573 2731
2573 859 2731
2731 859 2573
695 51 2539
51 695 2539
2539 51 695
1291 727 930
727 930 1291
930 727 1291
1601 1567 1993
1993 1567 1601
1567 1601 1993
725 2410 2720
2410 725 2720
2720 725 2410
2822 1606 2045
2045 1606 2822
1606 2045 2822
1159 1804 2717
1804 1159 2717
2717 1159 1804
1208 20 2243
2243 20 1208
20 1208 2243
2781 1670 1761
1761 1670 2781
1670 1761 2781
1755 468 2968
2968 468 1755
468 1755 2968
1174 1701 2302
2302 1174 1701
1701 1174 2302
784 2076 2281
2076 784 2281
2281 784 2076
2341 1204 1530
1530 1204 2341
1204 1530 2341
548 47 1324
47 548 1324
1324 47 548
2274 22 1363
1363 22 2274
22 1363 2274
2763 1416 2983
2983 1416 2763
1416 2763 2983
700 15 1383
1383 15 700
15 700 1383
865 1659 2038
1659 865 2038
2038 865 1659
1840 736 1309
736 1309 1840
1309 736 1840
2448 818 2733
2733 818 2448
818 2448 2733
670 369 1522
1522 369 670
369 670 1522
2749 785 1813
785 1813 2749
1813 785 2749
1338 1741 1782
1782 1338 1741
1741 1338 1782
2132 682 946
682 946 2132
946 682 2132
2254 935 2896
935 2254 2896
2896 935 2254
1735 679 2262
679 1735 2262
2262 679 1735
575 263 1843
263 575 1843
1843 263 575
2479 110 2352
2352 110 2479
110 2352 2479
1273 569 622
622 569 1273
569 622 1273
1361 466 692
466 692 1361
692 466 1361
2467 1999 2110
1999 2110 2467
2110 1999 2467
1926 333 2389
333 1926 2389
2389 333 1926
568 1002 1305
1002 568 1305
1305 568 1002
2160 1184 1910
1910 1184 2160
1184 1910 2160
574 1627 2015
1627 574 2015
2015 574 1627
2770 1895 2993
2993 1895 2770
1895 2770 2993
739 1277 3000
3000 739 1277
1277 739 3000
1399 2549 2913
2913 1399 2549
2549 1399 2913
2161 1094 2218
1094 2161 2218
2218 1094 2161
503 1041 1415
1415 503 1041
1041 503 1415
599 914 2432
914 599 2432
2432 599 914
632 473 1515
473 632 1515
1515 473 632
53 1239 2580
1239 53 2580
2580 53 1239
2277 311 1084
311 1084 2277
1084 311 2277
1710 2229 2367
2367 1710 2229
2229 1710 2367
554 1507 2738
2738 554 1507
1507 554 2738
81 292 1770
292 81 1770
1770 81 292
2609 1035 1832
1035 1832 2609
1832 1035 2609
1759 1783 1872
1872 1759 1783
1783 1759 1872
2752 1161 2213
1161 2213 2752
2213 1161 2752
1008 1583 1746
1583 1008 1746
1746 1008 1583
2529 824 1551
824 1551 2529
1551 824 2529
2267 650 2359
650 2267 2359
2359 650 2267
604 444 1540
444 604 1540
1540 444 604
2597 1576 2595
2595 1576 2597
1576 2595 2597
1406 362 2854
2854 362 1406
362 1406 2854
798 1459 2060
2060 798 1459
1459 798 2060
1565 377 1448
377 1448 1565
1448 377 1565
412 706 2765
706 412 2765
2765 412 706
829 822 2446
822 829 2446
2446 822 829
2961 1257 1615
1257 1615 2961
1615 1257 2961
980 1125 1595
1125 980 1595
1595 980 1125
2999 1289 2652
2652 1289 2999
1289 2652 2999
361 776 1027
776 361 1027
1027 361 776
551 581 2249
581 551 2249
2249 551 581
1825 643 2121
2121 643 1825
643 1825 2121
2984 726 2406
2406 726 2984
726 2406 2984
704 802 2517
2517 704 802
802 704 2517
1705 1281 2852
1281 1705 2852
2852 1281 1705
1436 261 356
261 356 1436
356 261 1436
2502 1098 2444
2444 1098 2502
1098 2444 2502
2090 1610 2096
2096 1610 2090
1610 2090 2096
1166 2088 2145
2145 1166 2088
2088 1166 2145
431 2101 2426
2426 431 2101
2101 431 2426
2544 50 1075
1075 50 2544
50 1075 2544
1695 485 1336
485 1336 1695
1336 485 1695
998 2599 2974
2974 998 2599
2599 998 2974
875 2329 2791
2329 875 2791
2791 875 2329
1163 146 2050
2050 146 1163
146 1163 2050
2074 1331 2424
2424 1331 2074
1331 2074 2424
2790 534 937
534 937 2790
937 534 2790
2396 1457 1986
1986 1457 2396
1457 1986 2396
1386 1833 2191
2191 1386 1833
1833 1386 2191
715 2117 2811
2117 715 2811
2811 715 2117
1954 1973 2324
2324 1954 1973
1973 1954 2324
2865 994 1263
1263 994 2865
994 1263 2865
2227 6 2929
2929 6 2227
6 2227 2929
2212 1991 2456
1991 2212 2456
2456 1991 2212
332 201 262
201 262 332
262 201 332
1989 471 2066
2066 471 1989
471 1989 2066
597 142 331
331 142 597
142 331 597
1514 1328 2321
2321 1328 1514
1328 1514 2321
1287 1443 1918
1918 1287 1443
1443 1287 1918
1234 54 184
184 54 1234
54 184 1234
21 450 2627
2627 21 450
450 21 2627
2778 1613 2186
1613 2186 2778
2186 1613 2778
979 2099 2833
2833 979 2099
2099 979 2833
452 1719 2838
2838 452 1719
1719 452 2838
2996 1219 2052
2052 1219 2996
1219 2052 2996
2026 1762 2851
2851 1762 2026
1762 2026 2851
894 2085 2635
2635 894 2085
2085 894 2635
2601 1030 1059
1030 1059 2601
1059 1030 2601
2451 1194 2931
1194 2451 2931
2931 1194 2451
2244 760 2429
760 2244 2429
2429 760 2244
1499 1751 2566
2566 1499 1751
1751 1499 2566
606 363 472
363 472 606
472 363 606
2295 517 1758
1758 517 2295
517 1758 2295
1869 1586 2624
1586 1869 2624
2624 1586 1869
1844 500 1815
500 1815 1844
1815 500 1844
451 1500 2649
2649 451 1500
1500 451 2649
2563 1417 1985
1417 1985 2563
1985 1417 2563
2171 2530 2661
2661 2171 2530
2530 2171 2661
830 1871 2114
1871 830 2114
2114 830 1871
1616 328 1179
328 1179 1616
1179 328 1616
222 617 1611
617 222 1611
1611 222 617
14 1485 2230
1485 14 2230
2230 14 1485
2460 1244 2537
2537 1244 2460
1244 2460 2537
258 1091 1600
1091 258 1600
1600 258 1091
1766 1709 2253
2253 1709 1766
1709 1766 2253
2288 743 908
908 743 2288
743 908 2288
2894 161 1160
1160 161 2894
161 1160 2894
1614 780 1957
1957 780 1614
780 1614 1957
2692 1072 1547
1072 1547 2692
1547 1072 2692
887 1327 2872
2872 887 1327
1327 887 2872
350 1202 1636
1202 350 1636
1636 350 1202
2441 1350 2358
1350 2358 2441
2358 1350 2441
290 71 1337
71 290 1337
1337 71 290
2876 2217 2877
2217 2876 2877
2877 2217 2876
1525 1672 2985
2985 1525 1672
1672 1525 2985
1056 216 1053
216 1053 1056
1053 216 1056
878 849 1237
1237 849 878
849 878 1237
2712 973 2363
2363 973 2712
973 2363 2712
777 901 2402
901 777 2402
2402 777 901
2373 459 1557
1557 459 2373
459 1557 2373
1397 32 896
32 896 1397
896 32 1397
2390 1117 1505
1117 1505 2390
1505 1117 2390
1141 2681 2878
2681 1141 2878
2878 1141 2681
1538 1763 2614
2614 1538 1763
1763 1538 2614
1321 989 1121
1121 989 1321
989 1121 1321
266 41 917
41 266 917
917 41 266
229 114 2089
114 229 2089
2089 114 229
544 1673 2944
2944 544 1673
1673 544 2944
120 1153 1929
1929 120 1153
1153 120 1929
997 1852 2739
1852 997 2739
2739 997 1852
1619 803 1728
803 1619 1728
1728 803 1619
1101 265 416
265 416 1101
416 265 1101
1831 1669 1956
1956 1669 1831
1669 1831 1956
2987 846 2569
2569 846 2987
846 2569 2987
2776 1057 2603
2603 1057 2776
1057 2603 2776
1429 1490 1584
1490 1429 1584
1584 1429 1490
947 1790 2270
1790 947 2270
2270 947 1790
2857 1294 2654
1294 2654 2857
2654 1294 2857
1400 1302 1570
1302 1400 1570
1570 1302 1400
2864 580 2018
2018 580 2864
580 2018 2864
671 175 267
267 175 671
175 267 671
2576 1081 2795
1081 2576 2795
2795 1081 2576
516 1360 2345
1360 516 2345
2345 516 1360
2642 1192 1809
1809 1192 2642
1192 1809 2642
873 820 1688
1688 820 873
820 873 1688
63 2443 2809
2809 63 2443
2443 63 2809
434 664 2397
2397 434 664
664 434 2397
804 1692 1962
