11876 15335 26704
26704 11876 15335
15335 11876 26704
22719 11244 21235
11244 21235 22719
21235 11244 22719
6371 4635 18497
4635 6371 18497
18497 4635 6371
10998 15926 26872
15926 10998 26872
26872 10998 15926
20179 23555 29379
23555 20179 29379
29379 20179 23555
4410 13846 20913
20913 4410 13846
13846 4410 20913
5106 8910 29004
8910 5106 29004
29004 5106 8910
25842 279 29552
279 25842 29552
29552 279 25842
5959 3620 26088
3620 5959 26088
26088 3620 5959
311 12057 19212
12057 311 19212
19212 311 12057
7294 2290 18091
18091 2290 7294
2290 7294 18091
8655 20936 28312
20936 8655 28312
28312 8655 20936
13104 2325 23504
23504 2325 13104
2325 13104 23504
1046 17203 27485
27485 1046 17203
17203 1046 27485
1137 13175 27076
27076 1137 13175
13175 1137 27076
19231 23945 24131
24131 19231 23945
23945 19231 24131
15793 1407 11101
11101 1407 15793
1407 11101 15793
27241 7793 23233
23233 7793 27241
7793 23233 27241
29551 22136 24604
24604 22136 29551
22136 24604 29551
27871 14749 21755
21755 14749 27871
14749 21755 27871
15922 13040 24077
24077 13040 15922
13040 15922 24077
22178 4030 28739
4030 22178 28739
28739 4030 22178
14434 6143 26154
26154 6143 14434
6143 14434 26154
9703 9028 14074
14074 9028 9703
9028 9703 14074
25870 7293 26090
7293 25870 26090
26090 7293 25870
3623 1537 5057
1537 3623 5057
5057 1537 3623
8566 18110 20628
20628 8566 18110
18110 8566 20628
15770 4299 20073
20073 4299 15770
4299 15770 20073
10702 19482 19682
19482 10702 19682
19682 10702 19482
4326 12768 16930
16930 4326 12768
12768 4326 16930
26526 7218 17357
7218 17357 26526
17357 7218 26526
2475 9290 10097
10097 2475 9290
9290 2475 10097
28454 5102 11168
11168 5102 28454
5102 11168 28454
28209 11751 20332
11751 20332 28209
20332 11751 28209
25647 3651 10625
10625 3651 25647
3651 10625 25647
12386 1863 19226
1863 12386 19226
19226 1863 12386
2623 1775 9790
9790 1775 2623
1775 2623 9790
3189 18501 21772
21772 3189 18501
18501 3189 21772
5494 10058 29828
29828 5494 10058
10058 5494 29828
13316 6289 25435
25435 6289 13316
6289 13316 25435
20790 5488 9439
5488 9439 20790
9439 5488 20790
25377 6722 13457
13457 6722 25377
6722 13457 25377
4978 739 12844
739 4978 12844
12844 739 4978
22936 530 9261
530 9261 22936
9261 530 22936
4018 4127 24226
24226 4018 4127
4127 4018 24226
5994 6215 23592
23592 5994 6215
6215 5994 23592
5032 6005 12110
12110 5032 6005
6005 5032 12110
9311 9620 18521
18521 9311 9620
9620 9311 18521
22083 69 12469
69 12469 22083
12469 69 22083
28841 1208 7195
7195 1208 28841
1208 7195 28841
27582 19387 23262
23262 19387 27582
19387 23262 27582
17570 13136 17545
17545 13136 17570
13136 17545 17570
12129 7800 8047
8047 7800 12129
7800 8047 12129
23145 12652 14939
12652 14939 23145
14939 12652 23145
11243 2764 13062
2764 11243 13062
13062 2764 11243
14237 18042 18821
18042 14237 18821
18821 14237 18042
1823 19705 21741
19705 1823 21741
21741 1823 19705
21210 18422 27668
18422 21210 27668
27668 18422 21210
25860 15146 29070
29070 15146 25860
15146 25860 29070
4822 16383 17861
17861 4822 16383
16383 4822 17861
22654 10737 25573
10737 22654 25573
25573 10737 22654
10349 2771 8548
8548 2771 10349
2771 8548 10349
21190 10170 14891
14891 10170 21190
10170 14891 21190
8778 9956 11651
11651 8778 9956
9956 8778 11651
7713 3603 7269
3603 7269 7713
7269 3603 7713
23547 4889 17711
17711 4889 23547
4889 17711 23547
22160 11675 12106
11675 12106 22160
12106 11675 22160
27005 9119 21487
9119 21487 27005
21487 9119 27005
24670 19690 27046
27046 19690 24670
19690 24670 27046
21171 16735 16892
16892 16735 21171
16735 16892 21171
7516 1450 5314
5314 1450 7516
1450 5314 7516
1933 7247 10638
7247 1933 10638
10638 1933 7247
15480 15850 17472
15850 15480 17472
17472 15480 15850
2826 1983 22237
22237 1983 2826
1983 2826 22237
9489 7681 13111
13111 7681 9489
7681 9489 13111
23393 5076 16776
5076 16776 23393
16776 5076 23393
19045 15895 16658
16658 15895 19045
15895 16658 19045
18394 7982 17894
17894 7982 18394
7982 17894 18394
19665 500 12784
12784 500 19665
500 12784 19665
9836 6223 13167
13167 6223 9836
6223 9836 13167
6141 21571 21964
21964 6141 21571
21571 6141 21964
15360 6691 13331
6691 13331 15360
13331 6691 15360
9547 848 22557
848 9547 22557
22557 848 9547
27193 16204 24440
24440 16204 27193
16204 24440 27193
22662 8231 13686
13686 8231 22662
8231 13686 22662
20080 11051 26590
11051 20080 26590
26590 11051 20080
18791 1542 28729
1542 18791 28729
28729 1542 18791
18036 13186 20598
20598 13186 18036
13186 18036 20598
12017 873 18164
18164 873 12017
873 12017 18164
25238 15385 17060
15385 17060 25238
17060 15385 25238
17059 6308 14255
6308 14255 17059
14255 6308 17059
15042 2947 11136
2947 11136 15042
11136 2947 15042
10306 2488 17044
2488 10306 17044
17044 2488 10306
25130 15012 22854
22854 15012 25130
15012 22854 25130
219 20337 24508
24508 219 20337
20337 219 24508
21556 4200 13209
4200 13209 21556
13209 4200 21556
10520 3326 26984
26984 3326 10520
3326 10520 26984
24096 4047 26555
26555 4047 24096
4047 24096 26555
27839 5785 17033
5785 17033 27839
17033 5785 27839
17009 10265 16578
10265 16578 17009
16578 10265 17009
21555 13156 23397
13156 21555 23397
23397 13156 21555
25276 2154 20950
20950 2154 25276
2154 20950 25276
9542 2925 25732
2925 9542 25732
25732 2925 9542
23865 8293 23985
23985 8293 23865
8293 23865 23985
3872 6114 15548
6114 3872 15548
15548 3872 6114
1544 19964 29536
29536 1544 19964
19964 1544 29536
10406 195 25119
195 10406 25119
25119 195 10406
14493 18416 22714
22714 14493 18416
18416 14493 22714
5572 1772 16993
16993 1772 5572
1772 5572 16993
6037 22431 22498
22431 6037 22498
22498 6037 22431
2557 3619 19938
19938 2557 3619
3619 2557 19938
13563 6560 10994
10994 6560 13563
6560 10994 13563
25431 11098 25714
11098 25431 25714
25714 11098 25431
4154 3480 11409
11409 3480 4154
3480 4154 11409
11956 411 18444
411 11956 18444
18444 411 11956
5250 7182 23142
23142 5250 7182
7182 5250 23142
17306 386 20743
20743 386 17306
386 17306 20743
13208 2583 16152
16152 2583 13208
2583 13208 16152
14100 7583 22897
7583 14100 22897
22897 7583 14100
29933 16441 17062
17062 16441 29933
16441 17062 29933
18646 4755 5412
5412 4755 18646
4755 5412 18646
22761 4054 5747
5747 4054 22761
4054 5747 22761
11124 696 4674
696 4674 11124
4674 696 11124
14781 7580 26634
26634 7580 14781
7580 14781 26634
14850 15460 28240
15460 14850 28240
28240 14850 15460
29267 11881 28513
28513 11881 29267
11881 28513 29267
1817 5566 23360
23360 1817 5566
5566 1817 23360
1872 10689 18741
10689 1872 18741
18741 1872 10689
10478 13042 17493
13042 10478 17493
17493 10478 13042
9712 22780 23776
22780 9712 23776
23776 9712 22780
24870 22182 28575
28575 22182 24870
22182 24870 28575
8337 1311 19805
1311 8337 19805
19805 1311 8337
29925 481 22039
481 22039 29925
22039 481 29925
15580 640 15352
640 15352 15580
15352 640 15580
25531 4118 5832
5832 4118 25531
4118 5832 25531
22998 3322 29962
29962 3322 22998
3322 22998 29962
19663 23339 28853
23339 19663 28853
28853 19663 23339
6036 18161 23539
23539 6036 18161
18161 6036 23539
7127 7158 24747
7158 7127 24747
24747 7127 7158
1831 18939 22658
22658 1831 18939
18939 1831 22658
27572 22067 25835
22067 25835 27572
25835 22067 27572
1358 10659 22443
22443 1358 10659
10659 1358 22443
14293 1826 29641
1826 14293 29641
29641 1826 14293
13067 10899 21004
10899 13067 21004
21004 10899 13067
22832 15479 25098
15479 22832 25098
25098 15479 22832
13100 2426 26976
26976 2426 13100
2426 13100 26976
6765 24179 28412
28412 6765 24179
24179 6765 28412
26671 17192 23478
23478 17192 26671
17192 23478 26671
12433 12687 25067
12687 12433 25067
25067 12433 12687
11714 1788 23213
1788 11714 23213
23213 1788 11714
14301 4303 12497
4303 12497 14301
12497 4303 14301
4445 7396 23345
23345 4445 7396
7396 4445 23345
9880 8183 19426
8183 9880 19426
19426 8183 9880
6878 6257 12608
6257 6878 12608
12608 6257 6878
26288 6577 22066
6577 22066 26288
22066 6577 26288
15872 16915 29092
29092 15872 16915
16915 15872 29092
795 1639 23531
23531 795 1639
1639 795 23531
13065 10849 28369
28369 10849 13065
10849 13065 28369
5796 10172 17912
17912 5796 10172
10172 5796 17912
23562 8908 13066
8908 13066 23562
13066 8908 23562
23816 8073 28441
8073 23816 28441
28441 8073 23816
22345 21516 24727
21516 22345 24727
24727 21516 22345
8956 23548 26913
26913 8956 23548
23548 8956 26913
21535 1363 18023
1363 18023 21535
18023 1363 21535
29693 9570 20760
9570 20760 29693
20760 9570 29693
15712 27492 29502
27492 15712 29502
29502 15712 27492
25363 708 29373
708 25363 29373
29373 708 25363
4444 6914 21895
21895 4444 6914
6914 4444 21895
13376 13798 15514
15514 13376 13798
13798 13376 15514
4464 9689 10680
9689 4464 10680
10680 4464 9689
17467 5619 22534
5619 17467 22534
22534 5619 17467
2078 9459 14298
9459 2078 14298
14298 2078 9459
14151 9078 26098
26098 9078 14151
9078 14151 26098
27437 5155 14612
5155 14612 27437
14612 5155 27437
3217 4304 28318
28318 3217 4304
4304 3217 28318
2017 13410 27285
27285 2017 13410
13410 2017 27285
29987 10328 17688
10328 17688 29987
17688 10328 29987
24707 4712 18275
18275 4712 24707
4712 18275 24707
11952 21942 26790
21942 11952 26790
26790 11952 21942
22649 19689 20191
19689 20191 22649
20191 19689 22649
27174 18188 25022
25022 18188 27174
18188 25022 27174
19928 23918 24542
24542 19928 23918
23918 19928 24542
28225 7431 15603
7431 15603 28225
15603 7431 28225
13534 5883 28237
28237 5883 13534
5883 13534 28237
19481 268 13925
13925 268 19481
268 13925 19481
18961 5433 10489
10489 5433 18961
5433 10489 18961
20246 3071 20998
20998 3071 20246
3071 20246 20998
754 11278 15999
11278 754 15999
15999 754 11278
11641 2944 5051
5051 2944 11641
2944 5051 11641
26021 5425 19712
5425 19712 26021
19712 5425 26021
7303 23786 28411
23786 7303 28411
28411 7303 23786
8498 81 25449
25449 81 8498
81 8498 25449
21727 16350 16554
16554 16350 21727
16350 16554 21727
9220 4105 28683
4105 9220 28683
28683 4105 9220
26487 3803 14176
3803 14176 26487
14176 3803 26487
3391 13057 13781
13781 3391 13057
13057 3391 13781
18596 4771 23635
4771 18596 23635
23635 4771 18596
4295 7710 10093
10093 4295 7710
7710 4295 10093
23538 27077 28852
28852 23538 27077
27077 23538 28852
17796 8178 18155
18155 8178 17796
8178 17796 18155
28793 14258 22890
14258 22890 28793
22890 14258 28793
8132 149 15133
15133 149 8132
149 8132 15133
16775 8433 13978
13978 8433 16775
8433 13978 16775
13708 7801 28536
28536 7801 13708
7801 13708 28536
26257 570 18476
570 18476 26257
18476 570 26257
13073 7543 9075
7543 9075 13073
9075 7543 13073
28591 4353 10361
10361 4353 28591
4353 10361 28591
23411 8432 11020
11020 8432 23411
8432 11020 23411
6939 24437 28674
28674 6939 24437
24437 6939 28674
21292 774 1975
1975 774 21292
774 1975 21292
29608 4180 14633
14633 4180 29608
4180 14633 29608
9709 12971 22192
12971 9709 22192
22192 9709 12971
16866 29783 29912
29783 16866 29912
29912 16866 29783
20965 189 12001
12001 189 20965
189 12001 20965
7832 10949 19969
10949 7832 19969
19969 7832 10949
20336 3046 26214
3046 20336 26214
26214 3046 20336
29510 1681 12128
12128 1681 29510
1681 12128 29510
19102 13177 14516
14516 13177 19102
13177 14516 19102
13905 8139 13642
13642 8139 13905
8139 13642 13905
11009 8605 13961
8605 11009 13961
13961 8605 11009
24787 2586 27298
2586 24787 27298
27298 2586 24787
5352 7742 10789
10789 5352 7742
7742 5352 10789
7180 8066 12028
12028 7180 8066
8066 7180 12028
22411 13101 26345
26345 13101 22411
13101 22411 26345
6326 15204 17594
15204 6326 17594
17594 6326 15204
14179 25510 27010
27010 14179 25510
25510 14179 27010
27418 1373 8576
8576 1373 27418
1373 8576 27418
4787 734 20034
734 4787 20034
20034 734 4787
8490 12696 19104
12696 8490 19104
19104 8490 12696
16687 5044 28133
28133 5044 16687
5044 16687 28133
14692 4191 20022
4191 14692 20022
20022 4191 14692
14654 9993 28235
9993 14654 28235
28235 9993 14654
20964 20006 20318
20318 20006 20964
20006 20318 20964
8247 8152 27807
27807 8152 8247
8152 8247 27807
14723 11818 21979
11818 14723 21979
21979 11818 14723
499 19850 21825
19850 499 21825
21825 499 19850
7738 9634 15151
15151 7738 9634
9634 7738 15151
25869 11599 22648
11599 22648 25869
22648 11599 25869
12611 8510 16927
16927 8510 12611
8510 12611 16927
8270 313 20937
313 8270 20937
20937 313 8270
234 12719 25245
12719 234 25245
25245 234 12719
5125 3842 16780
3842 5125 16780
16780 3842 5125
12228 15728 24215
15728 12228 24215
24215 12228 15728
15896 11038 21029
21029 11038 15896
11038 15896 21029
29414 18944 19947
18944 19947 29414
19947 18944 29414
27316 9452 17206
17206 9452 27316
9452 17206 27316
6124 15416 20341
20341 6124 15416
15416 6124 20341
17230 21027 25541
25541 17230 21027
21027 17230 25541
4367 5122 26802
26802 4367 5122
5122 4367 26802
27306 13898 24564
24564 13898 27306
13898 24564 27306
29236 953 3832
3832 953 29236
953 3832 29236
17916 15837 28241
15837 17916 28241
28241 15837 17916
13348 14274 29593
29593 13348 14274
14274 13348 29593
29191 5083 18616
18616 5083 29191
5083 18616 29191
26549 15569 27349
15569 26549 27349
27349 15569 26549
20805 427 25489
427 20805 25489
25489 427 20805
17520 11385 18607
11385 17520 18607
18607 11385 17520
12650 7051 29406
29406 7051 12650
7051 12650 29406
23505 10422 26178
10422 23505 26178
26178 10422 23505
16928 670 17011
670 16928 17011
17011 670 16928
2738 7139 28123
28123 2738 7139
7139 2738 28123
14218 5464 12990
5464 12990 14218
12990 5464 14218
5573 6624 7969
7969 5573 6624
6624 5573 7969
9294 1939 19546
19546 1939 9294
1939 9294 19546
505 359 19671
19671 359 505
359 505 19671
7871 6861 24399
24399 6861 7871
6861 7871 24399
2412 14656 26121
14656 2412 26121
26121 2412 14656
8812 7368 13660
7368 8812 13660
13660 7368 8812
19069 16346 20779
16346 19069 20779
20779 16346 19069
17103 9267 17150
17150 9267 17103
9267 17103 17150
29875 13003 16307
13003 16307 29875
16307 13003 29875
14604 910 20188
20188 910 14604
910 14604 20188
1274 5868 11068
5868 1274 11068
11068 1274 5868
10316 16786 20967
16786 10316 20967
20967 10316 16786
22321 15935 18174
15935 18174 22321
18174 15935 22321
20670 13676 24654
13676 20670 24654
24654 13676 20670
21900 19050 28266
19050 21900 28266
28266 19050 21900
6090 3927 15487
3927 6090 15487
15487 3927 6090
7857 20624 24080
24080 7857 20624
20624 7857 24080
21341 7062 13340
7062 13340 21341
13340 7062 21341
6743 8266 20501
8266 6743 20501
20501 6743 8266
27833 5514 10228
10228 5514 27833
5514 10228 27833
29165 11074 13033
11074 13033 29165
13033 11074 29165
15505 12914 23283
12914 15505 23283
23283 12914 15505
19263 4155 19611
19611 4155 19263
4155 19263 19611
17495 4146 17382
17382 4146 17495
4146 17382 17495
2970 9174 15118
15118 2970 9174
9174 2970 15118
27429 2990 15369
2990 15369 27429
15369 2990 27429
1978 4988 29836
4988 1978 29836
29836 1978 4988
16815 5145 11014
5145 11014 16815
11014 5145 16815
13214 2945 4958
4958 2945 13214
2945 4958 13214
13783 3796 19728
19728 3796 13783
3796 13783 19728
2548 19431 25135
25135 2548 19431
19431 2548 25135
24254 11157 14172
11157 14172 24254
14172 11157 24254
14351 11992 27768
27768 11992 14351
11992 14351 27768
15735 4259 9380
9380 4259 15735
4259 9380 15735
27967 6508 6823
6508 6823 27967
6823 6508 27967
15066 5025 13651
5025 13651 15066
13651 5025 15066
27684 748 2117
748 2117 27684
2117 748 27684
15744 15968 20272
15968 15744 20272
20272 15744 15968
18677 16898 27623
27623 16898 18677
16898 18677 27623
17370 20149 27737
20149 17370 27737
27737 17370 20149
10090 1967 18197
18197 1967 10090
1967 10090 18197
8455 20165 25116
25116 8455 20165
20165 8455 25116
9065 9504 24588
9504 9065 24588
24588 9065 9504
21263 12120 19674
12120 19674 21263
19674 12120 21263
12597 1682 8993
8993 1682 12597
1682 8993 12597
7360 9817 25342
25342 7360 9817
9817 7360 25342
17992 2405 7464
7464 2405 17992
2405 7464 17992
25511 4493 18515
4493 18515 25511
18515 4493 25511
19138 2579 4500
2579 4500 19138
4500 2579 19138
7248 13112 15147
15147 7248 13112
13112 7248 15147
10051 2255 11968
11968 2255 10051
2255 10051 11968
25793 11667 11980
11980 11667 25793
11667 11980 25793
24390 1098 10978
1098 10978 24390
10978 1098 24390
26431 7256 13749
7256 13749 26431
13749 7256 26431
20351 22720 26503
22720 20351 26503
26503 20351 22720
14675 5476 26450
26450 5476 14675
5476 14675 26450
667 9677 15831
9677 667 15831
15831 667 9677
10573 996 6160
996 6160 10573
6160 996 10573
1689 7101 10754
10754 1689 7101
7101 1689 10754
29223 17236 24084
17236 24084 29223
24084 17236 29223
8179 2549 10553
2549 8179 10553
10553 2549 8179
15930 11937 25451
25451 11937 15930
11937 15930 25451
10608 4810 13132
4810 10608 13132
13132 4810 10608
11107 2522 7682
7682 2522 11107
2522 7682 11107
8473 6747 14668
6747 8473 14668
14668 6747 8473
22994 8892 9750
9750 8892 22994
8892 9750 22994
12452 2992 21636
2992 12452 21636
21636 2992 12452
12568 5162 20579
5162 12568 20579
20579 5162 12568
14296 10385 26147
26147 10385 14296
10385 14296 26147
15052 4644 27359
27359 4644 15052
4644 15052 27359
27610 18024 27935
27935 18024 27610
18024 27610 27935
429 1520 13221
13221 429 1520
1520 429 13221
24644 5541 12043
5541 12043 24644
12043 5541 24644
22528 15815 23056
23056 15815 22528
15815 22528 23056
1369 12206 21261
12206 1369 21261
21261 1369 12206
17379 5811 26491
5811 17379 26491
26491 5811 17379
19992 5704 19464
5704 19464 19992
19464 5704 19992
21798 4037 4380
4380 4037 21798
4037 4380 21798
8336 3530 4757
3530 4757 8336
4757 3530 8336
8135 7565 17089
7565 8135 17089
17089 7565 8135
25364 16605 19496
19496 16605 25364
16605 19496 25364
5306 3583 3947
3947 3583 5306
3583 3947 5306
24404 20306 24344
24344 20306 24404
20306 24344 24404
672 8724 9557
8724 672 9557
9557 672 8724
22811 11765 18904
18904 11765 22811
11765 18904 22811
14643 15944 27161
15944 14643 27161
27161 14643 15944
2173 6805 22790
6805 2173 22790
22790 2173 6805
23401 1898 14247
14247 1898 23401
1898 14247 23401
10319 733 25546
25546 733 10319
733 10319 25546
23103 1365 21189
21189 1365 23103
1365 21189 23103
6636 4716 8408
8408 4716 6636
4716 6636 8408
3899 798 7829
798 3899 7829
7829 798 3899
25348 642 11071
11071 642 25348
642 11071 25348
26101 9935 21850
9935 21850 26101
21850 9935 26101
19613 5720 16374
5720 16374 19613
16374 5720 19613
10802 25415 28678
25415 10802 28678
28678 10802 25415
25933 10833 26087
10833 25933 26087
26087 10833 25933
2130 12970 23996
12970 2130 23996
23996 2130 12970
27681 8372 10102
8372 10102 27681
10102 8372 27681
9784 24143 29885
24143 9784 29885
29885 9784 24143
16705 588 17414
17414 588 16705
588 16705 17414
19715 10098 15551
10098 15551 19715
15551 10098 19715
15099 2511 20832
2511 15099 20832
20832 2511 15099
6832 20502 22640
22640 6832 20502
20502 6832 22640
25912 10189 14645
10189 14645 25912
14645 10189 25912
22868 18258 24643
18258 22868 24643
24643 18258 22868
21193 7866 22971
7866 21193 22971
22971 7866 21193
6067 3511 20133
3511 6067 20133
20133 3511 6067
98 3694 16142
3694 98 16142
16142 98 3694
7749 4975 12572
4975 7749 12572
12572 4975 7749
28627 13247 15367
15367 13247 28627
13247 15367 28627
14649 27041 28830
27041 14649 28830
28830 14649 27041
19202 9192 26319
26319 9192 19202
9192 19202 26319
12198 2494 5213
5213 2494 12198
2494 5213 12198
7596 3230 7456
7456 3230 7596
3230 7456 7596
28039 4702 27928
4702 27928 28039
27928 4702 28039
4414 21140 27706
21140 4414 27706
27706 4414 21140
3068 7222 27887
7222 3068 27887
27887 3068 7222
361 14425 29034
14425 361 29034
29034 361 14425
2810 6356 9286
9286 2810 6356
6356 2810 9286
11316 7 17845
17845 7 11316
7 11316 17845
10642 2796 10100
2796 10100 10642
10100 2796 10642
20602 11294 28426
28426 11294 20602
11294 20602 28426
1180 1777 29895
29895 1180 1777
1777 1180 29895
9272 19694 28182
28182 9272 19694
19694 9272 28182
25378 17253 29909
17253 25378 29909
29909 17253 25378
3536 4920 17476
4920 3536 17476
17476 3536 4920
19135 7165 11993
11993 7165 19135
7165 11993 19135
27080 9897 19398
9897 19398 27080
19398 9897 27080
21812 9392 26672
9392 21812 26672
26672 9392 21812
10718 23530 24733
24733 10718 23530
23530 10718 24733
17816 6079 7588
7588 6079 17816
6079 7588 17816
9729 3209 17632
17632 3209 9729
3209 9729 17632
17793 1763 5105
5105 1763 17793
1763 5105 17793
5459 5187 25840
5187 5459 25840
25840 5187 5459
26859 18728 21880
18728 21880 26859
21880 18728 26859
16712 7843 29352
7843 16712 29352
29352 7843 16712
15355 4633 23444
4633 15355 23444
23444 4633 15355
27134 4434 8379
8379 4434 27134
4434 8379 27134
26770 115 25742
25742 115 26770
115 25742 26770
4605 844 19770
844 4605 19770
19770 844 4605
24472 155 8441
8441 155 24472
155 8441 24472
12536 18361 28424
18361 12536 28424
28424 12536 18361
9932 2609 25807
25807 2609 9932
2609 9932 25807
24359 13656 29077
29077 13656 24359
13656 24359 29077
8693 547 16242
547 8693 16242
16242 547 8693
6652 1006 18825
18825 1006 6652
1006 6652 18825
16316 3051 15733
3051 15733 16316
15733 3051 16316
17217 11614 25110
11614 17217 25110
25110 11614 17217
5369 16570 17468
16570 5369 17468
17468 5369 16570
10528 13333 28976
13333 10528 28976
28976 10528 13333
19018 33 26760
26760 33 19018
33 19018 26760
17221 2056 19088
2056 17221 19088
19088 2056 17221
244 10756 24318
10756 244 24318
24318 244 10756
23364 2559 8438
8438 2559 23364
2559 8438 23364
26049 14064 25279
25279 14064 26049
14064 25279 26049
28450 16526 22882
22882 16526 28450
16526 22882 28450
27093 17949 23664
17949 23664 27093
23664 17949 27093
8140 16256 20799
16256 8140 20799
20799 8140 16256
12342 22987 27660
27660 12342 22987
22987 12342 27660
22907 3145 10620
3145 10620 22907
10620 3145 22907
4089 3176 27323
27323 3176 4089
3176 4089 27323
24263 6314 15277
15277 6314 24263
6314 15277 24263
27842 2954 7239
2954 7239 27842
7239 2954 27842
11128 17149 20104
20104 11128 17149
17149 11128 20104
14994 11681 24258
24258 11681 14994
11681 14994 24258
25000 3652 17452
17452 3652 25000
3652 17452 25000
5359 15373 27473
27473 5359 15373
15373 5359 27473
21791 8672 9976
8672 9976 21791
9976 8672 21791
12610 13942 21169
13942 12610 21169
21169 12610 13942
22191 6405 12029
6405 12029 22191
12029 6405 22191
2184 21674 29712
29712 2184 21674
21674 2184 29712
12685 10434 13603
10434 12685 13603
13603 10434 12685
20386 5322 5340
5322 5340 20386
5340 5322 20386
20428 20259 23470
20259 20428 23470
23470 20259 20428
2025 26083 28555
26083 2025 28555
28555 2025 26083
13501 11282 27205
11282 13501 27205
27205 11282 13501
5620 2389 14122
14122 2389 5620
2389 5620 14122
26479 2941 26080
2941 26080 26479
26080 2941 26479
6944 14225 15404
15404 6944 14225
14225 6944 15404
17975 6483 24648
6483 17975 24648
24648 6483 17975
3977 6415 15814
6415 3977 15814
15814 3977 6415
23695 3558 22366
3558 22366 23695
22366 3558 23695
22567 9983 18805
18805 9983 22567
9983 18805 22567
7361 3309 22879
22879 3309 7361
3309 7361 22879
13335 21570 28648
21570 13335 28648
28648 13335 21570
15822 8957 10901
8957 10901 15822
10901 8957 15822
5501 8539 15876
8539 5501 15876
15876 5501 8539
22135 5436 22080
22080 5436 22135
5436 22080 22135
24421 7572 22477
7572 22477 24421
22477 7572 24421
10660 13551 15259
15259 10660 13551
13551 10660 15259
9902 860 20986
20986 860 9902
860 9902 20986
2024 3430 13091
13091 2024 3430
3430 2024 13091
20758 502 6172
6172 502 20758
502 6172 20758
5434 5888 25291
5888 5434 25291
25291 5434 5888
25324 7330 18477
7330 18477 25324
18477 7330 25324
12505 551 4327
4327 551 12505
551 4327 12505
15998 182 10092
182 10092 15998
10092 182 15998
18433 3119 15782
3119 15782 18433
15782 3119 18433
4671 3234 15372
15372 3234 4671
3234 4671 15372
14406 14352 14739
14739 14352 14406
14352 14406 14739
22390 12209 16757
16757 12209 22390
12209 16757 22390
722 18697 20547
18697 722 20547
20547 722 18697
7202 2213 15073
15073 2213 7202
2213 7202 15073
15879 21824 27096
21824 15879 27096
27096 15879 21824
20426 23095 29157
23095 20426 29157
29157 20426 23095
5744 13445 29473
13445 5744 29473
29473 5744 13445
106 2801 10698
10698 106 2801
2801 106 10698
10682 616 12123
12123 616 10682
616 10682 12123
28104 2251 16207
2251 16207 28104
16207 2251 28104
14242 8128 21767
21767 8128 14242
8128 14242 21767
5311 6446 6569
6569 5311 6446
6446 5311 6569
18487 12937 24171
24171 12937 18487
12937 18487 24171
19629 8550 24494
8550 19629 24494
24494 8550 19629
16531 12212 28781
28781 12212 16531
12212 16531 28781
18057 8749 21547
8749 18057 21547
21547 8749 18057
23153 9097 20550
9097 20550 23153
20550 9097 23153
12234 13590 16840
13590 12234 16840
16840 12234 13590
12648 8656 14565
8656 12648 14565
14565 8656 12648
6182 14392 27348
27348 6182 14392
14392 6182 27348
19861 8840 19204
19204 8840 19861
8840 19204 19861
13109 2090 19810
2090 13109 19810
19810 2090 13109
20714 1535 7877
7877 1535 20714
1535 7877 20714
11129 13381 15996
13381 11129 15996
15996 11129 13381
13484 1001 18246
18246 1001 13484
1001 13484 18246
2085 8291 19967
19967 2085 8291
8291 2085 19967
23806 14677 15485
14677 15485 23806
15485 14677 23806
8256 2907 17611
2907 8256 17611
17611 2907 8256
28616 112 14867
14867 112 28616
112 14867 28616
24156 301 2817
2817 301 24156
301 2817 24156
16830 10860 14701
14701 10860 16830
10860 14701 16830
10574 2027 21749
2027 10574 21749
21749 2027 10574
18172 3186 7567
7567 3186 18172
3186 7567 18172
8360 513 1538
513 1538 8360
1538 513 8360
12788 11167 27067
27067 11167 12788
11167 12788 27067
10769 8478 13809
8478 10769 13809
13809 8478 10769
24618 10751 15311
10751 15311 24618
15311 10751 24618
47 4697 20908
4697 47 20908
20908 47 4697
22872 4833 9282
9282 4833 22872
4833 9282 22872
10970 19002 25563
19002 10970 25563
25563 10970 19002
8926 11786 24717
11786 8926 24717
24717 8926 11786
17016 5579 25837
5579 17016 25837
25837 5579 17016
19141 2965 16858
16858 2965 19141
2965 16858 19141
20041 8878 11568
11568 8878 20041
8878 11568 20041
948 13405 14758
13405 948 14758
14758 948 13405
7937 8875 28044
8875 7937 28044
28044 7937 8875
9118 3162 25968
3162 9118 25968
25968 3162 9118
20910 10974 18513
10974 18513 20910
18513 10974 20910
2278 10015 11957
10015 2278 11957
11957 2278 10015
3549 14426 15939
15939 3549 14426
14426 3549 15939
29028 11511 25774
25774 11511 29028
11511 25774 29028
21314 13210 17142
17142 13210 21314
13210 17142 21314
8055 4710 14047
14047 4710 8055
4710 8055 14047
1126 20390 28637
20390 1126 28637
28637 1126 20390
17838 2088 4519
4519 2088 17838
2088 4519 17838
11104 9214 20652
9214 11104 20652
20652 9214 11104
3609 23434 28331
28331 3609 23434
23434 3609 28331
11699 10777 15699
15699 10777 11699
10777 11699 15699
3231 21338 26826
26826 3231 21338
21338 3231 26826
14175 9062 10467
9062 10467 14175
10467 9062 14175
29644 8597 17222
8597 17222 29644
17222 8597 29644
23405 11550 29044
29044 11550 23405
11550 23405 29044
27039 14323 29046
29046 14323 27039
14323 27039 29046
27274 16271 20712
20712 16271 27274
16271 20712 27274
18491 1599 3916
1599 3916 18491
3916 1599 18491
9878 140 18189
18189 140 9878
140 9878 18189
8328 18963 26848
26848 8328 18963
18963 8328 26848
28720 4685 10821
10821 4685 28720
4685 10821 28720
20817 6623 26751
26751 6623 20817
6623 20817 26751
12082 11534 22572
11534 12082 22572
22572 11534 12082
10712 14733 17401
17401 10712 14733
14733 10712 17401
8000 15680 22077
15680 8000 22077
22077 8000 15680
20413 18387 21441
18387 20413 21441
21441 18387 20413
16015 10774 26975
26975 10774 16015
10774 16015 26975
26723 4075 23552
4075 23552 26723
23552 4075 26723
25808 3930 21782
21782 3930 25808
3930 21782 25808
20655 8030 22292
8030 20655 22292
22292 8030 20655
1573 5938 10792
5938 1573 10792
10792 1573 5938
7689 199 11260
199 7689 11260
11260 199 7689
3731 240 25472
25472 240 3731
240 3731 25472
4077 4769 24623
24623 4077 4769
4769 4077 24623
24690 8685 25217
25217 8685 24690
8685 24690 25217
24288 4936 18778
18778 4936 24288
4936 18778 24288
25434 6808 12626
6808 12626 25434
12626 6808 25434
24976 649 15601
15601 649 24976
649 15601 24976
4839 3546 20153
20153 3546 4839
3546 4839 20153
16058 2766 14808
14808 2766 16058
2766 14808 16058
7601 8920 10741
10741 7601 8920
8920 7601 10741
10249 10543 21453
21453 10249 10543
10543 10249 21453
29697 18300 19483
19483 18300 29697
18300 19483 29697
17568 25891 27333
27333 17568 25891
25891 17568 27333
9185 15318 20152
15318 9185 20152
20152 9185 15318
1920 11887 13765
11887 1920 13765
13765 1920 11887
18112 23808 28035
28035 18112 23808
23808 18112 28035
29398 7586 28770
28770 7586 29398
7586 28770 29398
2443 12202 25148
12202 2443 25148
25148 2443 12202
27791 12757 17195
12757 17195 27791
17195 12757 27791
6840 8901 22910
8901 6840 22910
22910 6840 8901
16886 9438 19774
19774 9438 16886
9438 16886 19774
15452 5068 9661
5068 9661 15452
9661 5068 15452
6133 18721 21142
21142 6133 18721
18721 6133 21142
26611 1645 20649
20649 1645 26611
1645 20649 26611
29495 13276 29843
29843 13276 29495
13276 29495 29843
10286 2146 21809
2146 10286 21809
21809 2146 10286
9004 10231 15494
15494 9004 10231
10231 9004 15494
10954 4701 26069
4701 10954 26069
26069 4701 10954
28329 12521 17809
12521 17809 28329
17809 12521 28329
12931 9611 11979
9611 11979 12931
11979 9611 12931
9329 10202 15608
15608 9329 10202
10202 9329 15608
2221 713 17799
713 2221 17799
17799 713 2221
11721 769 9919
9919 769 11721
769 9919 11721
15593 15620 26839
26839 15593 15620
15620 15593 26839
28073 16762 27774
27774 16762 28073
16762 27774 28073
17283 4516 21720
21720 4516 17283
4516 17283 21720
7913 21608 22715
22715 7913 21608
21608 7913 22715
21041 3241 3392
3241 3392 21041
3392 3241 21041
2163 4589 20379
4589 2163 20379
20379 2163 4589
26335 2734 28787
28787 2734 26335
2734 26335 28787
16881 2855 15220
15220 2855 16881
2855 15220 16881
15395 4622 19185
19185 4622 15395
4622 15395 19185
1062 21531 23545
21531 1062 23545
23545 1062 21531
11079 955 24825
24825 955 11079
955 11079 24825
15588 4709 12407
12407 4709 15588
4709 12407 15588
11596 28160 28455
28455 11596 28160
28160 11596 28455
25278 25046 26991
25046 25278 26991
26991 25046 25278
3330 1061 14102
1061 3330 14102
14102 1061 3330
29632 7709 17400
17400 7709 29632
7709 17400 29632
20661 7653 22510
22510 7653 20661
7653 20661 22510
1417 2675 11184
2675 1417 11184
11184 1417 2675
2646 3665 28401
3665 2646 28401
28401 2646 3665
19147 7931 9639
7931 9639 19147
9639 7931 19147
21676 26897 29530
26897 21676 29530
29530 21676 26897
20847 22082 24231
24231 20847 22082
22082 20847 24231
26313 16607 18229
18229 16607 26313
16607 18229 26313
22256 8222 11752
11752 8222 22256
8222 11752 22256
19927 24119 25317
24119 19927 25317
25317 19927 24119
21626 3213 16872
16872 3213 21626
3213 16872 21626
22315 17972 20237
20237 17972 22315
17972 20237 22315
6851 6297 27091
6297 6851 27091
27091 6297 6851
12634 1164 1966
1164 1966 12634
1966 1164 12634
25974 1330 12413
12413 1330 25974
1330 12413 25974
22857 18447 23460
18447 22857 23460
23460 18447 22857
11978 17801 29725
29725 11978 17801
17801 11978 29725
10595 11792 16435
16435 10595 11792
11792 10595 16435
6672 7306 19014
19014 6672 7306
7306 6672 19014
13548 9688 21683
21683 9688 13548
9688 13548 21683
15164 23767 24883
23767 15164 24883
24883 15164 23767
5179 3659 8563
3659 5179 8563
8563 3659 5179
21834 12855 15574
12855 15574 21834
15574 12855 21834
1595 2716 15275
2716 1595 15275
15275 1595 2716
13304 1620 8098
8098 1620 13304
1620 8098 13304
24339 2880 19664
19664 2880 24339
2880 19664 24339
285 4070 17706
17706 285 4070
4070 285 17706
11645 12867 20031
12867 11645 20031
20031 11645 12867
19942 1008 4750
1008 4750 19942
4750 1008 19942
14625 11389 22481
11389 14625 22481
22481 11389 14625
6633 3239 5769
5769 3239 6633
3239 5769 6633
10697 23983 27417
27417 10697 23983
23983 10697 27417
27676 8373 17266
17266 8373 27676
8373 17266 27676
21925 11391 15037
11391 15037 21925
15037 11391 21925
12803 12961 16135
16135 12803 12961
12961 12803 16135
17148 6941 14089
14089 6941 17148
6941 14089 17148
14925 5713 9262
5713 9262 14925
9262 5713 14925
29677 6724 17604
6724 17604 29677
17604 6724 29677
24921 6043 8058
6043 8058 24921
8058 6043 24921
8809 11 23373
23373 11 8809
11 8809 23373
18997 1658 13157
1658 13157 18997
13157 1658 18997
12227 18506 25737
18506 12227 25737
25737 12227 18506
7008 8750 13296
8750 7008 13296
13296 7008 8750
25610 16052 29654
29654 16052 25610
16052 25610 29654
8027 27173 27578
27578 8027 27173
27173 8027 27578
5241 1279 18289
1279 5241 18289
18289 1279 5241
5366 8172 21328
8172 5366 21328
21328 5366 8172
8313 6122 29672
6122 8313 29672
29672 6122 8313
11013 14086 29778
29778 11013 14086
14086 11013 29778
23823 2723 29173
2723 23823 29173
29173 2723 23823
14962 10750 25736
25736 10750 14962
10750 14962 25736
21699 22977 25865
22977 21699 25865
25865 21699 22977
14340 12309 19328
19328 12309 14340
12309 14340 19328
27425 27350 28194
27350 27425 28194
28194 27350 27425
15448 12569 14931
12569 14931 15448
14931 12569 15448
13082 8533 11739
8533 11739 13082
11739 8533 13082
10350 8729 11580
11580 8729 10350
8729 10350 11580
23515 7721 19246
7721 19246 23515
19246 7721 23515
25355 10609 19693
19693 10609 25355
10609 19693 25355
12067 10013 29721
10013 12067 29721
29721 10013 12067
21679 13527 19097
19097 13527 21679
13527 19097 21679
6788 12125 22264
22264 6788 12125
12125 6788 22264
4251 11934 23462
11934 4251 23462
23462 4251 11934
24155 10345 22831
10345 22831 24155
22831 10345 24155
26823 7556 23742
23742 7556 26823
7556 23742 26823
29800 25107 27495
25107 27495 29800
27495 25107 29800
26067 11927 24381
24381 11927 26067
11927 24381 26067
21969 11373 19445
19445 11373 21969
11373 19445 21969
23431 10997 27424
27424 10997 23431
10997 23431 27424
13727 2275 24901
24901 2275 13727
2275 13727 24901
678 17687 26477
26477 678 17687
17687 678 26477
9277 6792 25146
25146 6792 9277
6792 9277 25146
12022 17867 18505
17867 12022 18505
18505 12022 17867
15427 4473 19296
4473 15427 19296
19296 4473 15427
7704 20751 28000
20751 7704 28000
28000 7704 20751
5646 7912 16480
16480 5646 7912
7912 5646 16480
8240 19973 20939
20939 8240 19973
19973 8240 20939
26756 939 24491
939 24491 26756
24491 939 26756
26910 28490 29685
29685 26910 28490
28490 26910 29685
14371 16329 19716
19716 14371 16329
16329 14371 19716
5983 20208 22754
20208 5983 22754
22754 5983 20208
2845 10654 19614
19614 2845 10654
10654 2845 19614
13293 3765 14906
3765 13293 14906
14906 3765 13293
4035 5152 10855
5152 4035 10855
10855 4035 5152
22588 26921 28813
26921 22588 28813
28813 22588 26921
23536 14171 23325
23325 14171 23536
14171 23325 23536
28040 2341 29587
2341 28040 29587
29587 2341 28040
23643 2679 25544
25544 2679 23643
2679 23643 25544
13322 9321 23079
9321 13322 23079
23079 9321 13322
15258 1856 20940
1856 15258 20940
20940 1856 15258
19719 1189 27756
1189 19719 27756
27756 1189 19719
29622 14884 18211
14884 18211 29622
18211 14884 29622
28159 21863 25993
25993 21863 28159
21863 25993 28159
19562 20077 28740
28740 19562 20077
20077 19562 28740
28902 8592 28146
28146 8592 28902
8592 28146 28902
29588 11584 28561
11584 28561 29588
28561 11584 29588
22642 17496 23288
17496 22642 23288
23288 17496 22642
11717 14270 26980
14270 11717 26980
26980 11717 14270
20593 22087 28795
22087 20593 28795
28795 20593 22087
8036 10811 15243
10811 8036 15243
15243 8036 10811
876 21427 22607
22607 876 21427
21427 876 22607
17211 2657 26246
26246 2657 17211
2657 17211 26246
27086 1687 10165
1687 10165 27086
10165 1687 27086
7240 6917 25896
25896 6917 7240
6917 7240 25896
15910 15221 26956
26956 15221 15910
15221 15910 26956
15163 3432 7766
7766 3432 15163
3432 7766 15163
29611 11078 20787
20787 11078 29611
11078 20787 29611
2302 10634 13839
10634 2302 13839
13839 2302 10634
22029 17043 18692
17043 18692 22029
18692 17043 22029
5100 8905 10069
10069 5100 8905
8905 5100 10069
21821 9359 27143
9359 21821 27143
27143 9359 21821
7841 4147 10413
4147 7841 10413
10413 4147 7841
6511 18840 25045
25045 6511 18840
18840 6511 25045
27533 26327 27507
27507 26327 27533
26327 27507 27533
29822 11824 21183
21183 11824 29822
11824 21183 29822
10039 18809 25701
18809 10039 25701
25701 10039 18809
9853 2231 4514
2231 4514 9853
4514 2231 9853
27620 3341 11888
3341 11888 27620
11888 3341 27620
20989 2923 16411
16411 2923 20989
2923 16411 20989
23846 20578 25338
20578 23846 25338
25338 20578 23846
29527 10479 23130
23130 10479 29527
10479 23130 29527
29753 1209 11180
1209 11180 29753
11180 1209 29753
29180 7400 13718
13718 7400 29180
7400 13718 29180
12500 7533 16973
16973 7533 12500
7533 12500 16973
27242 6375 22838
6375 22838 27242
22838 6375 27242
2372 16845 27814
16845 2372 27814
27814 2372 16845
15359 582 14988
582 14988 15359
14988 582 15359
6275 22959 25078
22959 6275 25078
25078 6275 22959
26602 10366 22916
22916 10366 26602
10366 22916 26602
1263 11369 21733
21733 1263 11369
11369 1263 21733
12775 439 26145
439 12775 26145
26145 439 12775
20611 19092 23107
19092 20611 23107
23107 19092 20611
26413 21114 26791
26791 21114 26413
21114 26413 26791
15626 7779 20488
7779 15626 20488
20488 7779 15626
25134 8745 18615
8745 18615 25134
18615 8745 25134
17002 27110 27993
27993 17002 27110
27110 17002 27993
16028 5107 15656
15656 5107 16028
5107 15656 16028
27786 6224 22407
6224 22407 27786
22407 6224 27786
21396 1412 27340
27340 1412 21396
1412 21396 27340
15686 3606 17689
3606 15686 17689
17689 3606 15686
519 4949 20189
4949 519 20189
20189 519 4949
8425 18977 28633
28633 8425 18977
18977 8425 28633
14427 24050 24947
24947 14427 24050
24050 14427 24947
10482 4315 29020
4315 10482 29020
29020 4315 10482
11499 1009 9711
9711 1009 11499
1009 9711 11499
18618 7260 24450
24450 7260 18618
7260 18618 24450
20308 3118 24144
3118 20308 24144
24144 3118 20308
25467 6726 16357
6726 16357 25467
16357 6726 25467
29302 444 20920
20920 444 29302
444 20920 29302
6280 21949 26292
26292 6280 21949
21949 6280 26292
28110 1292 7474
7474 1292 28110
1292 7474 28110
23042 4227 21996
4227 21996 23042
21996 4227 23042
17185 12898 24831
24831 12898 17185
12898 17185 24831
12042 7318 9819
7318 9819 12042
9819 7318 12042
11175 6603 23139
6603 11175 23139
23139 6603 11175
13503 15060 25713
15060 13503 25713
25713 13503 15060
5041 15843 28081
15843 5041 28081
28081 5041 15843
17755 23915 26685
23915 17755 26685
26685 17755 23915
7415 3383 23634
23634 3383 7415
3383 7415 23634
16547 7207 8959
8959 7207 16547
7207 8959 16547
9985 8637 12005
8637 9985 12005
12005 8637 9985
20381 4415 25693
4415 20381 25693
25693 4415 20381
25398 6589 21967
21967 6589 25398
6589 21967 25398
23875 8494 27724
27724 8494 23875
8494 23875 27724
20127 14124 25211
14124 20127 25211
25211 14124 20127
23879 13714 26800
13714 23879 26800
26800 13714 23879
19313 2507 19775
2507 19313 19775
19775 2507 19313
1536 16669 24176
16669 1536 24176
24176 1536 16669
6756 15219 28287
28287 6756 15219
15219 6756 28287
4252 4115 8684
8684 4115 4252
4115 4252 8684
3042 9883 13414
13414 3042 9883
9883 3042 13414
25408 10507 20675
20675 10507 25408
10507 20675 25408
21028 25851 28694
25851 21028 28694
28694 21028 25851
5738 22548 24142
24142 5738 22548
22548 5738 24142
29545 5706 20178
20178 5706 29545
5706 20178 29545
24596 3856 16475
16475 3856 24596
3856 16475 24596
26641 6750 23604
23604 6750 26641
6750 23604 26641
13261 17601 18302
18302 13261 17601
17601 13261 18302
1570 6700 29758
6700 1570 29758
29758 1570 6700
1809 7075 21154
7075 1809 21154
21154 1809 7075
16592 17031 27888
27888 16592 17031
17031 16592 27888
2850 8286 28325
28325 2850 8286
8286 2850 28325
28448 19707 20574
20574 19707 28448
19707 20574 28448
9585 16969 24095
24095 9585 16969
16969 9585 24095
11509 4698 26465
4698 11509 26465
26465 4698 11509
15497 2920 21452
2920 15497 21452
21452 2920 15497
3998 9884 18777
9884 3998 18777
18777 3998 9884
2908 2219 26891
2219 2908 26891
26891 2219 2908
20801 682 8156
682 8156 20801
8156 682 20801
19497 9015 12032
9015 12032 19497
12032 9015 19497
20460 1906 13453
1906 13453 20460
13453 1906 20460
7731 11207 23563
23563 7731 11207
11207 7731 23563
16985 7188 7894
7188 7894 16985
7894 7188 16985
8692 9705 13986
9705 8692 13986
13986 8692 9705
803 17332 22004
22004 803 17332
17332 803 22004
25694 11958 29900
29900 11958 25694
11958 25694 29900
12055 4204 19579
19579 4204 12055
4204 12055 19579
12434 12167 27818
12167 12434 27818
27818 12167 12434
29083 8925 15681
8925 15681 29083
15681 8925 29083
1974 6669 22415
6669 1974 22415
22415 1974 6669
16396 10709 17173
17173 10709 16396
10709 16396 17173
6585 6296 8860
