150 87 244
244 87 150
87 150 244
128 56 114
56 114 128
114 56 128
186 48 106
106 48 186
48 106 186
28 92 280
280 28 92
92 28 280
143 129 172
129 143 172
172 129 143
166 206 289
289 166 206
206 166 289
260 132 294
294 132 260
132 260 294
134 116 178
116 134 178
178 116 134
4 156 267
156 4 267
267 4 156
192 125 130
125 130 192
130 125 192
50 157 277
157 50 277
277 50 157
127 66 253
253 66 127
66 127 253
223 177 218
177 218 223
218 177 223
35 43 300
43 35 300
300 35 43
201 47 204
47 201 204
204 47 201
275 90 123
90 123 275
123 90 275
179 3 120
3 120 179
120 3 179
88 17 212
17 88 212
212 17 88
145 117 226
117 145 226
226 117 145
297 6 271
6 271 297
271 6 297
146 37 64
64 37 146
37 64 146
72 113 266
266 72 113
113 72 266
74 71 108
71 74 108
108 71 74
95 119 173
173 95 119
119 95 173
9 85 140
85 9 140
140 9 85
30 279 292
279 30 292
292 30 279
46 182 225
182 46 225
225 46 182
229 162 224
162 224 229
224 162 229
77 32 276
276 32 77
32 77 276
51 197 246
246 51 197
197 51 246
213 73 272
272 73 213
73 213 272
98 67 70
70 67 98
67 70 98
83 61 78
78 61 83
61 78 83
57 187 194
194 57 187
187 57 194
242 126 191
191 126 242
126 191 242
284 76 236
76 236 284
236 76 284
133 124 181
181 124 133
124 133 181
21 63 107
63 21 107
107 21 63
171 102 259
102 171 259
259 102 171
235 200 287
200 235 287
287 200 235
97 122 237
122 97 237
237 97 122
79 152 175
175 79 152
152 79 175
184 29 69
69 29 184
29 69 184
258 20 240
20 240 258
240 20 258
137 135 158
135 137 158
158 135 137
60 105 149
149 60 105
105 60 149
112 96 202
96 112 202
202 96 112
7 115 131
115 7 131
131 7 115
239 2 288
2 239 288
288 2 239
27 24 290
290 24 27
24 27 290
155 165 270
165 155 270
270 155 165
91 94 167
94 91 167
167 91 94
190 164 195
195 164 190
164 190 195
109 147 170
147 109 170
170 109 147
10 42 49
49 10 42
42 10 49
163 11 230
11 163 230
230 11 163
169 161 281
281 161 169
161 169 281
12 160 238
238 12 160
160 12 238
286 180 257
180 257 286
257 180 286
263 54 99
54 99 263
99 54 263
256 148 220
148 220 256
220 148 256
251 153 299
153 251 299
299 153 251
261 252 283
283 252 261
252 261 283
209 136 268
268 136 209
136 209 268
75 185 216
216 75 185
185 75 216
84 59 81
81 59 84
59 81 84
243 38 269
38 243 269
269 38 243
15 8 52
8 15 52
52 8 15
33 154 221
154 33 221
221 33 154
183 254 282
254 183 282
282 183 254
68 103 215
103 68 215
215 68 103
65 228 241
241 65 228
228 65 241
53 151 219
151 53 219
219 53 151
199 26 55
55 26 199
26 55 199
141 5 278
278 5 141
5 141 278
110 39 248
248 39 110
39 110 248
22 86 118
86 22 118
118 22 86
111 58 189
189 58 111
58 111 189
211 210 298
210 211 298
298 210 211
25 104 207
207 25 104
104 25 207
188 82 205
82 188 205
205 82 188
247 36 231
36 231 247
231 36 247
250 23 291
23 250 291
291 23 250
227 34 222
34 222 227
222 34 227
16 62 265
265 16 62
62 16 265
121 101 203
203 101 121
101 121 203
208 80 264
80 208 264
264 80 208
41 139 144
144 41 139
139 41 144
100 274 293
293 100 274
274 100 293
138 159 255
159 138 255
255 138 159
296 31 174
174 31 296
31 174 296
295 233 262
262 233 295
233 262 295
19 196 245
245 19 196
196 19 245
214 176 193
193 176 214
176 193 214
249 14 234
14 234 249
234 14 249
40 18 232
232 18 40
18 40 232
93 142 168
142 93 168
168 93 142
273 44 198
44 198 273
198 44 273
13 89 217
89 13 217
217 13 89
1 45 285
285 1 45
45 1 285
