25122 1144 17395
1144 17395 25122
17395 1144 25122
266 1008 6145
6145 266 1008
1008 266 6145
8959 2271 26830
2271 8959 26830
26830 2271 8959
1644 2599 9520
2599 1644 9520
9520 1644 2599
12577 23531 27181
27181 12577 23531
23531 12577 27181
29745 13694 17137
17137 13694 29745
13694 17137 29745
4450 11608 24046
11608 4450 24046
24046 4450 11608
6732 12578 20790
12578 6732 20790
20790 6732 12578
6612 4084 22613
22613 4084 6612
4084 6612 22613
20006 9427 27273
9427 20006 27273
27273 9427 20006
8115 27257 28222
28222 8115 27257
27257 8115 28222
9980 22029 24225
22029 9980 24225
24225 9980 22029
7043 14633 27628
14633 7043 27628
27628 7043 14633
10374 1136 14843
14843 1136 10374
1136 10374 14843
8131 10002 14416
10002 8131 14416
14416 8131 10002
19719 13628 20703
13628 19719 20703
20703 13628 19719
12450 8599 17058
8599 12450 17058
17058 8599 12450
8251 23448 23573
23573 8251 23448
23448 8251 23573
15283 1802 23073
1802 15283 23073
23073 1802 15283
5500 21344 23787
21344 5500 23787
23787 5500 21344
16085 11629 13195
11629 13195 16085
13195 11629 16085
2298 4980 8898
8898 2298 4980
4980 2298 8898
11079 4893 23102
23102 4893 11079
4893 11079 23102
23761 8040 18824
18824 8040 23761
8040 18824 23761
24886 15739 15787
15787 15739 24886
15739 15787 24886
9922 18421 19393
18421 9922 19393
19393 9922 18421
6866 10200 24031
24031 6866 10200
10200 6866 24031
520 11737 18049
18049 520 11737
11737 520 18049
6726 9293 11923
9293 6726 11923
11923 6726 9293
9949 704 21952
704 9949 21952
21952 704 9949
15817 11787 25399
11787 15817 25399
25399 11787 15817
475 6159 17667
6159 475 17667
17667 475 6159
10314 3751 11926
11926 3751 10314
3751 10314 11926
2195 17950 23077
23077 2195 17950
17950 2195 23077
19750 19242 21877
19242 19750 21877
21877 19242 19750
637 12902 17268
17268 637 12902
12902 637 17268
10790 2832 19717
2832 10790 19717
19717 2832 10790
9530 4455 4757
4455 4757 9530
4757 4455 9530
3722 4502 25070
25070 3722 4502
4502 3722 25070
12389 1805 27185
27185 1805 12389
1805 12389 27185
9095 19332 27232
27232 9095 19332
19332 9095 27232
27028 15566 27662
27662 15566 27028
15566 27028 27662
13993 8586 18285
18285 8586 13993
8586 13993 18285
11604 12567 22835
22835 11604 12567
12567 11604 22835
8232 10139 13469
13469 8232 10139
10139 8232 13469
4571 10575 19537
10575 4571 19537
19537 4571 10575
23258 91 1868
1868 91 23258
91 1868 23258
5562 6773 15050
15050 5562 6773
6773 5562 15050
26330 16502 27172
16502 26330 27172
27172 16502 26330
9835 27800 29769
27800 9835 29769
29769 9835 27800
22508 11030 15376
15376 11030 22508
11030 15376 22508
26360 12400 27539
12400 26360 27539
27539 12400 26360
2876 2409 10347
10347 2409 2876
2409 2876 10347
4340 346 625
625 346 4340
346 625 4340
14060 3333 11948
3333 11948 14060
11948 3333 14060
28173 3073 18827
18827 3073 28173
3073 18827 28173
11258 6525 23175
6525 11258 23175
23175 6525 11258
26094 8596 10453
10453 8596 26094
8596 10453 26094
21288 6817 18277
6817 18277 21288
18277 6817 21288
13421 20340 20577
20577 13421 20340
20340 13421 20577
16556 6372 10815
10815 6372 16556
6372 10815 16556
26555 10701 20239
20239 10701 26555
10701 20239 26555
18772 17 14414
14414 17 18772
17 14414 18772
16418 6312 11666
11666 6312 16418
6312 11666 16418
6000 8635 17603
8635 6000 17603
17603 6000 8635
13131 312 17537
312 13131 17537
17537 312 13131
7064 14360 27852
27852 7064 14360
14360 7064 27852
13260 11138 24952
24952 11138 13260
11138 13260 24952
1622 3331 19924
3331 1622 19924
19924 1622 3331
23030 27435 28327
28327 23030 27435
27435 23030 28327
16613 12290 21836
12290 16613 21836
21836 12290 16613
11868 18501 22434
22434 11868 18501
18501 11868 22434
9677 11119 22092
22092 9677 11119
11119 9677 22092
21418 217 10082
217 10082 21418
10082 217 21418
1747 8669 28589
28589 1747 8669
8669 1747 28589
26331 8145 28406
28406 8145 26331
8145 26331 28406
29932 10282 17521
10282 17521 29932
17521 10282 29932
3759 22044 27993
22044 3759 27993
27993 3759 22044
19107 10678 13022
10678 13022 19107
13022 10678 19107
29557 15981 18517
18517 15981 29557
15981 18517 29557
9901 6915 27923
27923 6915 9901
6915 9901 27923
17819 4381 12997
12997 4381 17819
4381 12997 17819
12014 8432 11656
8432 11656 12014
11656 8432 12014
23836 14866 15010
15010 14866 23836
14866 15010 23836
23249 15941 26776
15941 23249 26776
26776 15941 23249
13515 4957 21158
21158 4957 13515
4957 13515 21158
2553 8336 23325
23325 2553 8336
8336 2553 23325
21761 27971 28793
27971 21761 28793
28793 21761 27971
8506 17531 26627
17531 8506 26627
26627 8506 17531
4963 6812 17248
17248 4963 6812
6812 4963 17248
7143 7978 15500
7978 7143 15500
15500 7143 7978
7666 5961 12221
5961 7666 12221
12221 5961 7666
7698 19526 20433
20433 7698 19526
19526 7698 20433
10514 4560 11692
11692 4560 10514
4560 10514 11692
4408 2839 23823
23823 2839 4408
2839 4408 23823
5409 1756 18056
1756 5409 18056
18056 1756 5409
23475 18026 24953
24953 18026 23475
18026 23475 24953
24718 12454 14203
14203 12454 24718
12454 14203 24718
13751 21367 26605
21367 13751 26605
26605 13751 21367
12429 18601 21042
18601 12429 21042
21042 12429 18601
13750 10412 22445
22445 10412 13750
10412 13750 22445
23583 8994 24696
24696 8994 23583
8994 23583 24696
370 4441 24621
4441 370 24621
24621 370 4441
21951 9366 18143
9366 18143 21951
18143 9366 21951
18893 17242 21338
17242 18893 21338
21338 17242 18893
29257 7500 8953
7500 8953 29257
8953 7500 29257
27055 3392 19873
3392 19873 27055
19873 3392 27055
16160 12716 25734
25734 12716 16160
12716 16160 25734
22576 19304 23950
23950 19304 22576
19304 22576 23950
11745 2347 14038
14038 2347 11745
2347 11745 14038
15681 16932 22754
22754 15681 16932
16932 15681 22754
219 2146 24336
24336 219 2146
2146 219 24336
20462 9604 23859
23859 9604 20462
9604 20462 23859
17806 19855 24600
24600 17806 19855
19855 17806 24600
29644 14663 14717
14663 14717 29644
14717 14663 29644
20547 19178 29955
19178 20547 29955
29955 19178 20547
5892 10555 19172
19172 5892 10555
10555 5892 19172
7470 14267 25054
14267 7470 25054
25054 7470 14267
20324 15619 19413
19413 15619 20324
15619 19413 20324
25795 25780 26528
26528 25780 25795
25780 25795 26528
12749 17850 18448
18448 12749 17850
17850 12749 18448
7079 20366 21417
21417 7079 20366
20366 7079 21417
23706 9302 26238
9302 23706 26238
26238 9302 23706
2060 129 12067
12067 129 2060
129 2060 12067
21337 8863 13854
8863 13854 21337
13854 8863 21337
23612 1072 14618
14618 1072 23612
1072 14618 23612
21776 18769 22056
22056 18769 21776
18769 21776 22056
11678 13546 15380
15380 11678 13546
13546 11678 15380
1170 5755 27134
27134 1170 5755
5755 1170 27134
25803 6659 11639
11639 6659 25803
6659 11639 25803
4336 19990 27244
19990 4336 27244
27244 4336 19990
1847 4219 26290
4219 1847 26290
26290 1847 4219
2793 9298 16922
16922 2793 9298
9298 2793 16922
18393 2127 3575
3575 2127 18393
2127 3575 18393
9970 6951 27785
6951 9970 27785
27785 6951 9970
26700 2987 11325
2987 11325 26700
11325 2987 26700
17490 1022 9271
1022 9271 17490
9271 1022 17490
10576 17877 25697
25697 10576 17877
17877 10576 25697
29950 3534 14614
3534 14614 29950
14614 3534 29950
11759 7085 23106
7085 11759 23106
23106 7085 11759
3311 11067 21389
21389 3311 11067
11067 3311 21389
18021 237 15632
237 15632 18021
15632 237 18021
11736 17748 28065
28065 11736 17748
17748 11736 28065
27667 3612 10529
3612 10529 27667
10529 3612 27667
5808 121 2495
2495 121 5808
121 2495 5808
24804 24707 26746
24707 24804 26746
26746 24707 24804
26538 8930 19222
19222 8930 26538
8930 19222 26538
25095 24398 28249
28249 24398 25095
24398 25095 28249
24510 9316 24513
24513 9316 24510
9316 24510 24513
10522 7097 23746
7097 10522 23746
23746 7097 10522
21981 6366 19739
6366 19739 21981
19739 6366 21981
5764 16207 18525
16207 5764 18525
18525 5764 16207
11218 26327 29018
29018 11218 26327
26327 11218 29018
6211 7863 19778
19778 6211 7863
7863 6211 19778
22630 11251 14018
11251 14018 22630
14018 11251 22630
22026 2084 17001
2084 17001 22026
17001 2084 22026
10566 4712 10525
4712 10525 10566
10525 4712 10566
2791 22989 27355
27355 2791 22989
22989 2791 27355
10626 10404 25943
25943 10404 10626
10404 10626 25943
14191 11439 12495
11439 12495 14191
12495 11439 14191
11383 10112 22111
22111 10112 11383
10112 11383 22111
3629 4075 6876
4075 3629 6876
6876 3629 4075
12195 4257 27367
4257 12195 27367
27367 4257 12195
6445 2380 20089
20089 2380 6445
2380 6445 20089
12809 3205 28742
28742 3205 12809
3205 12809 28742
8275 17181 22251
22251 8275 17181
17181 8275 22251
5993 11473 17958
17958 5993 11473
11473 5993 17958
2331 9947 10073
9947 2331 10073
10073 2331 9947
25161 24859 28581
28581 24859 25161
24859 25161 28581
6891 7 8926
8926 7 6891
7 6891 8926
16653 2608 24949
24949 2608 16653
2608 16653 24949
27695 3206 8977
8977 3206 27695
3206 8977 27695
20765 2460 19069
19069 2460 20765
2460 19069 20765
18123 7352 22772
22772 7352 18123
7352 18123 22772
10775 17863 26420
17863 10775 26420
26420 10775 17863
4142 13456 22932
13456 4142 22932
22932 4142 13456
906 608 19823
19823 608 906
608 906 19823
8006 12332 19618
12332 8006 19618
19618 8006 12332
27241 7597 10732
10732 7597 27241
7597 10732 27241
20226 17770 22480
17770 20226 22480
22480 17770 20226
12721 24760 27902
24760 12721 27902
27902 12721 24760
8633 8029 10496
10496 8029 8633
8029 8633 10496
22521 2344 4488
2344 4488 22521
4488 2344 22521
16452 17919 18728
17919 16452 18728
18728 16452 17919
10296 14723 23687
23687 10296 14723
14723 10296 23687
21934 11182 13334
13334 11182 21934
11182 13334 21934
29319 13842 18861
13842 18861 29319
18861 13842 29319
29676 15646 25522
25522 15646 29676
15646 25522 29676
6669 2159 8938
2159 6669 8938
8938 2159 6669
25711 840 25603
840 25603 25711
25603 840 25711
20323 6690 12761
12761 6690 20323
6690 12761 20323
27030 8979 25736
8979 25736 27030
25736 8979 27030
13181 2412 3110
2412 3110 13181
3110 2412 13181
10561 8603 20988
8603 10561 20988
20988 8603 10561
29148 1666 18863
18863 1666 29148
1666 18863 29148
28449 3862 10484
10484 3862 28449
3862 10484 28449
21779 5101 13076
5101 13076 21779
13076 5101 21779
18077 14301 19191
14301 18077 19191
19191 14301 18077
5333 12352 14564
12352 5333 14564
14564 5333 12352
1174 5723 27806
27806 1174 5723
5723 1174 27806
28250 16367 29904
16367 28250 29904
29904 16367 28250
20717 6082 11148
11148 6082 20717
6082 11148 20717
20220 15423 24942
24942 15423 20220
15423 20220 24942
25433 16715 18069
16715 18069 25433
18069 16715 25433
8455 5926 6992
5926 6992 8455
6992 5926 8455
15415 21463 28179
21463 15415 28179
28179 15415 21463
21157 3310 13344
13344 3310 21157
3310 13344 21157
20637 9431 22616
22616 9431 20637
9431 20637 22616
22623 16802 17725
16802 17725 22623
17725 16802 22623
23059 1103 19277
19277 1103 23059
1103 19277 23059
5802 2023 11836
2023 5802 11836
11836 2023 5802
27926 15251 23925
15251 23925 27926
23925 15251 27926
25900 1524 25493
25493 1524 25900
1524 25493 25900
26916 5344 12315
12315 5344 26916
5344 12315 26916
29547 1221 3395
1221 3395 29547
3395 1221 29547
22670 5509 28867
5509 22670 28867
28867 5509 22670
16978 6757 14059
6757 14059 16978
14059 6757 16978
789 368 5582
5582 368 789
368 789 5582
19494 398 17292
398 17292 19494
17292 398 19494
10387 1143 4433
1143 4433 10387
4433 1143 10387
25106 2342 25731
2342 25106 25731
25731 2342 25106
5645 8694 16460
16460 5645 8694
8694 5645 16460
2479 11298 13460
11298 2479 13460
13460 2479 11298
409 485 18212
18212 409 485
485 409 18212
20619 7583 20701
20701 7583 20619
7583 20619 20701
3718 11441 26914
26914 3718 11441
11441 3718 26914
4008 17961 27058
17961 4008 27058
27058 4008 17961
4052 1932 22459
22459 1932 4052
1932 4052 22459
14013 16733 23498
23498 14013 16733
16733 14013 23498
24459 4436 22986
4436 22986 24459
22986 4436 24459
3825 4692 22417
4692 3825 22417
22417 3825 4692
4639 9543 18276
18276 4639 9543
9543 4639 18276
28713 13624 19741
19741 13624 28713
13624 19741 28713
12681 14211 22996
14211 12681 22996
22996 12681 14211
22386 18926 24612
24612 18926 22386
18926 22386 24612
12253 23393 28506
23393 12253 28506
28506 12253 23393
12512 22215 28953
28953 12512 22215
22215 12512 28953
28555 19249 29378
19249 28555 29378
29378 19249 28555
20944 14745 22042
22042 14745 20944
14745 20944 22042
5457 13808 15438
15438 5457 13808
13808 5457 15438
24878 7658 14693
14693 7658 24878
7658 14693 24878
8426 202 13827
202 8426 13827
13827 202 8426
10378 9423 22181
22181 9423 10378
9423 10378 22181
26657 230 15325
230 15325 26657
15325 230 26657
15526 15052 15741
15741 15052 15526
15052 15526 15741
25389 1199 24015
1199 24015 25389
24015 1199 25389
28447 23847 27891
27891 23847 28447
23847 27891 28447
356 231 2902
2902 231 356
231 356 2902
214 15610 17653
17653 214 15610
15610 214 17653
12437 12252 28968
12252 12437 28968
28968 12252 12437
12514 18842 29648
18842 12514 29648
29648 12514 18842
16975 3262 28514
3262 16975 28514
28514 3262 16975
1855 4580 19521
4580 1855 19521
19521 1855 4580
22291 12249 14363
12249 14363 22291
14363 12249 22291
18564 1500 21730
21730 1500 18564
1500 18564 21730
21171 18039 19144
19144 18039 21171
18039 19144 21171
25569 11456 23143
11456 23143 25569
23143 11456 25569
2103 7785 27974
7785 2103 27974
27974 2103 7785
15446 18333 20529
18333 15446 20529
20529 15446 18333
17719 4780 29414
29414 4780 17719
4780 17719 29414
4613 25963 27595
27595 4613 25963
25963 4613 27595
25484 10246 11399
11399 10246 25484
10246 11399 25484
15096 11772 13453
13453 11772 15096
11772 13453 15096
13037 7915 14640
14640 7915 13037
7915 13037 14640
15385 25259 26217
26217 15385 25259
25259 15385 26217
21030 6175 16816
16816 6175 21030
6175 16816 21030
12452 4690 9223
4690 9223 12452
9223 4690 12452
13829 10961 21864
10961 13829 21864
21864 10961 13829
3769 1140 9742
9742 1140 3769
1140 3769 9742
6569 11060 23632
23632 6569 11060
11060 6569 23632
28769 4265 12579
12579 4265 28769
4265 12579 28769
1885 12693 20572
12693 1885 20572
20572 1885 12693
21500 2894 16293
16293 2894 21500
2894 16293 21500
6008 6009 12095
6009 6008 12095
12095 6008 6009
14157 3579 27001
3579 14157 27001
27001 3579 14157
9758 16774 26681
26681 9758 16774
16774 9758 26681
2268 15561 26233
26233 2268 15561
15561 2268 26233
13253 12969 29313
29313 12969 13253
12969 13253 29313
117 7627 26815
7627 117 26815
26815 117 7627
26260 19109 22206
19109 22206 26260
22206 19109 26260
10956 8009 25036
8009 10956 25036
25036 8009 10956
4189 14687 20282
20282 4189 14687
14687 4189 20282
16125 12101 28040
28040 12101 16125
12101 16125 28040
20042 623 16508
623 16508 20042
16508 623 20042
29954 7007 16102
7007 16102 29954
16102 7007 29954
18135 5176 12064
12064 5176 18135
5176 12064 18135
25505 3595 28050
3595 25505 28050
28050 3595 25505
21854 16115 17471
17471 16115 21854
16115 17471 21854
27471 21804 28502
28502 21804 27471
21804 27471 28502
15246 7138 9772
7138 9772 15246
9772 7138 15246
5740 23820 24321
23820 5740 24321
24321 5740 23820
27081 6961 14023
14023 6961 27081
6961 14023 27081
27033 2630 27646
27646 2630 27033
2630 27033 27646
4471 6704 26788
26788 4471 6704
6704 4471 26788
26051 23722 29244
29244 23722 26051
23722 26051 29244
23217 22337 24014
22337 23217 24014
24014 22337 23217
28491 14021 15792
15792 14021 28491
14021 15792 28491
21133 3258 12622
3258 12622 21133
12622 3258 21133
7102 20019 23341
23341 7102 20019
20019 7102 23341
9450 13742 16548
13742 9450 16548
16548 9450 13742
9963 22634 23139
23139 9963 22634
22634 9963 23139
20915 20320 27404
20320 20915 27404
27404 20320 20915
28152 8615 10613
10613 8615 28152
8615 10613 28152
10683 7335 24608
7335 10683 24608
24608 7335 10683
2681 725 23615
23615 725 2681
725 2681 23615
23096 3047 15126
3047 15126 23096
15126 3047 23096
22489 8523 16035
8523 16035 22489
16035 8523 22489
24985 274 21141
21141 274 24985
274 21141 24985
14957 8541 22615
8541 14957 22615
22615 8541 14957
13080 8227 25311
25311 8227 13080
8227 13080 25311
9584 16506 26156
26156 9584 16506
16506 9584 26156
3106 7228 28687
7228 3106 28687
28687 3106 7228
23684 14314 23028
23028 14314 23684
14314 23028 23684
14553 5392 5531
5392 5531 14553
5531 5392 14553
12675 8340 23503
8340 12675 23503
23503 8340 12675
26468 27303 27661
27661 26468 27303
27303 26468 27661
29634 26924 29515
29515 26924 29634
26924 29515 29634
9838 15883 16124
16124 9838 15883
15883 9838 16124
18457 12811 21668
21668 12811 18457
12811 18457 21668
9275 2316 18238
18238 2316 9275
2316 9275 18238
19076 11476 26957
11476 19076 26957
26957 11476 19076
5077 21241 25848
21241 5077 25848
25848 5077 21241
15042 7450 29144
7450 15042 29144
29144 7450 15042
6484 13498 29122
13498 6484 29122
29122 6484 13498
18461 4700 24529
4700 18461 24529
24529 4700 18461
26120 10523 22428
10523 22428 26120
22428 10523 26120
21378 25232 29712
25232 21378 29712
29712 21378 25232
29646 3238 6561
6561 3238 29646
3238 6561 29646
14746 22404 28325
22404 14746 28325
28325 14746 22404
11496 1798 12826
1798 11496 12826
12826 1798 11496
11842 20103 26892
20103 11842 26892
26892 11842 20103
44 17175 24454
24454 44 17175
17175 44 24454
26678 13584 16320
13584 16320 26678
16320 13584 26678
5576 2434 15448
2434 5576 15448
15448 2434 5576
9647 17421 24676
17421 9647 24676
24676 9647 17421
29762 8188 26318
26318 8188 29762
8188 26318 29762
1956 6331 28277
6331 1956 28277
28277 1956 6331
3869 19387 27256
19387 3869 27256
27256 3869 19387
1552 20600 25142
20600 1552 25142
25142 1552 20600
25879 8460 28149
28149 8460 25879
8460 25879 28149
7322 13432 22656
13432 7322 22656
22656 7322 13432
7495 1018 10123
10123 1018 7495
1018 7495 10123
1508 1113 20134
1113 1508 20134
20134 1113 1508
13967 1369 15111
15111 1369 13967
1369 13967 15111
18592 12961 23193
12961 18592 23193
23193 12961 18592
6321 986 8420
8420 986 6321
986 6321 8420
333 11338 18110
11338 333 18110
18110 333 11338
12295 21230 25436
25436 12295 21230
21230 12295 25436
3888 7320 26455
26455 3888 7320
7320 3888 26455
10724 5973 22374
5973 10724 22374
22374 5973 10724
29214 4269 18245
18245 4269 29214
4269 18245 29214
10294 3698 9528
3698 9528 10294
9528 3698 10294
15994 5429 8673
8673 5429 15994
5429 8673 15994
24474 5842 19417
5842 19417 24474
19417 5842 24474
16811 20369 26689
26689 16811 20369
20369 16811 26689
11402 20875 21387
20875 11402 21387
21387 11402 20875
10033 1912 26543
26543 1912 10033
1912 10033 26543
29333 20166 25368
20166 25368 29333
25368 20166 29333
11489 2751 15750
2751 11489 15750
15750 2751 11489
6515 17126 24993
24993 6515 17126
17126 6515 24993
23453 15057 17525
15057 17525 23453
17525 15057 23453
1237 18933 29365
29365 1237 18933
18933 1237 29365
1607 6208 21335
6208 1607 21335
21335 1607 6208
25000 11663 24601
24601 11663 25000
11663 24601 25000
10554 6971 15749
6971 10554 15749
15749 6971 10554
698 13789 15468
13789 698 15468
15468 698 13789
23204 629 23075
23075 629 23204
629 23075 23204
467 1177 3499
3499 467 1177
1177 467 3499
4263 26859 27624
26859 4263 27624
27624 4263 26859
18768 22356 23956
23956 18768 22356
22356 18768 23956
20116 2627 18042
2627 18042 20116
18042 2627 20116
6306 10089 12746
10089 6306 12746
12746 6306 10089
2214 3519 18627
18627 2214 3519
3519 2214 18627
28405 9196 21647
9196 21647 28405
21647 9196 28405
671 20197 22500
22500 671 20197
20197 671 22500
20213 21841 29653
29653 20213 21841
21841 20213 29653
12158 7529 9451
9451 7529 12158
7529 9451 12158
5905 5054 14719
5054 5905 14719
14719 5054 5905
362 7840 20384
7840 362 20384
20384 362 7840
9308 19666 27418
19666 9308 27418
27418 9308 19666
3661 7058 19970
7058 3661 19970
19970 3661 7058
17498 3074 19255
3074 17498 19255
19255 3074 17498
4133 12888 24514
12888 4133 24514
24514 4133 12888
14090 1332 2505
1332 2505 14090
2505 1332 14090
14802 631 11154
11154 631 14802
631 11154 14802
7327 20753 25834
25834 7327 20753
20753 7327 25834
9877 10582 20018
20018 9877 10582
10582 9877 20018
19514 5270 29574
29574 5270 19514
5270 19514 29574
14961 9473 17346
17346 9473 14961
9473 14961 17346
6560 16752 27865
16752 6560 27865
27865 6560 16752
13128 23966 27824
27824 13128 23966
23966 13128 27824
8000 16079 20614
16079 8000 20614
20614 8000 16079
11091 5024 9764
9764 5024 11091
5024 9764 11091
18051 6077 12131
12131 6077 18051
6077 12131 18051
9307 9414 23148
23148 9307 9414
9414 9307 23148
24358 11592 19759
11592 19759 24358
19759 11592 24358
4077 442 693
693 442 4077
442 693 4077
19312 5573 27825
27825 5573 19312
5573 19312 27825
28682 5432 12720
5432 12720 28682
12720 5432 28682
27401 21978 29123
21978 27401 29123
29123 21978 27401
6480 3648 9432
9432 3648 6480
3648 6480 9432
6201 4365 8516
8516 4365 6201
4365 6201 8516
29970 13513 19412
19412 13513 29970
13513 19412 29970
7457 2890 21939
2890 7457 21939
21939 2890 7457
24810 2072 19763
2072 19763 24810
19763 2072 24810
20191 24059 27391
24059 20191 27391
27391 20191 24059
10517 5299 22685
5299 10517 22685
22685 5299 10517
19475 28371 29058
29058 19475 28371
28371 19475 29058
320 8021 8554
8554 320 8021
8021 320 8554
23643 7670 7799
7670 7799 23643
7799 7670 23643
5461 3659 8967
8967 3659 5461
3659 5461 8967
3926 404 3359
3359 404 3926
404 3359 3926
24184 1296 23559
23559 1296 24184
1296 23559 24184
19895 13569 16845
13569 16845 19895
16845 13569 19895
27141 4160 14727
14727 4160 27141
4160 14727 27141
17450 2951 10992
2951 10992 17450
10992 2951 17450
1963 4793 20448
4793 1963 20448
20448 1963 4793
9905 3111 26636
26636 3111 9905
3111 9905 26636
14109 12464 29456
12464 14109 29456
29456 12464 14109
21121 7630 20164
20164 7630 21121
7630 20164 21121
1344 7780 24571
7780 1344 24571
24571 1344 7780
1594 25203 25465
25465 1594 25203
25203 1594 25465
25708 232 27462
232 25708 27462
27462 232 25708
1895 17566 20248
17566 1895 20248
20248 1895 17566
27619 8911 10224
10224 8911 27619
8911 10224 27619
11225 8132 9796
8132 9796 11225
9796 8132 11225
28439 18317 27718
18317 27718 28439
27718 18317 28439
15371 7926 26843
7926 15371 26843
26843 7926 15371
23326 15571 29205
15571 23326 29205
29205 15571 23326
18145 280 2845
2845 280 18145
280 2845 18145
14453 21045 21281
21045 14453 21281
21281 14453 21045
10646 21777 24314
24314 10646 21777
21777 10646 24314
2203 692 29446
29446 692 2203
692 2203 29446
8916 21536 27254
21536 8916 27254
27254 8916 21536
20501 16799 23068
23068 16799 20501
16799 20501 23068
25556 1209 15605
1209 15605 25556
15605 1209 25556
13975 1624 5716
5716 1624 13975
1624 5716 13975
27049 8256 14159
8256 14159 27049
14159 8256 27049
17097 2613 19667
19667 2613 17097
2613 17097 19667
5088 18536 18855
18855 5088 18536
18536 5088 18855
15384 1784 8860
8860 1784 15384
1784 8860 15384
15049 16877 21922
21922 15049 16877
16877 15049 21922
24000 6090 28820
6090 24000 28820
28820 6090 24000
7503 22840 25239
22840 7503 25239
25239 7503 22840
24825 2903 11582
11582 2903 24825
2903 11582 24825
16344 2429 29231
29231 2429 16344
2429 16344 29231
8499 6645 6854
6645 6854 8499
6854 6645 8499
14847 12222 18605
18605 12222 14847
12222 14847 18605
7176 9511 9703
9703 7176 9511
9511 7176 9703
6449 14280 23811
23811 6449 14280
14280 6449 23811
12897 22522 28296
28296 12897 22522
22522 12897 28296
23653 12342 14694
12342 14694 23653
14694 12342 23653
3390 9850 11750
9850 3390 11750
11750 3390 9850
8526 8031 22354
22354 8031 8526
8031 8526 22354
1871 5834 20856
5834 1871 20856
20856 1871 5834
25686 8441 14392
8441 14392 25686
14392 8441 25686
736 17550 17795
17795 736 17550
17550 736 17795
15636 6225 16529
16529 6225 15636
6225 15636 16529
6465 12164 13118
13118 6465 12164
12164 6465 13118
6689 14825 28807
28807 6689 14825
14825 6689 28807
12610 22229 26011
26011 12610 22229
22229 12610 26011
1410 8478 22380
22380 1410 8478
8478 1410 22380
9337 2405 6349
2405 6349 9337
6349 2405 9337
28832 19026 20542
20542 19026 28832
19026 20542 28832
8719 10487 25359
25359 8719 10487
10487 8719 25359
9019 3732 12852
12852 3732 9019
3732 9019 12852
7786 12439 26175
26175 7786 12439
12439 7786 26175
12865 18837 25653
25653 12865 18837
18837 12865 25653
24090 18983 29271
18983 24090 29271
29271 18983 24090
27688 6722 29215
29215 6722 27688
6722 27688 29215
19883 20332 22058
22058 19883 20332
20332 19883 22058
9404 4043 8220
8220 4043 9404
4043 8220 9404
2597 12803 20672
20672 2597 12803
12803 2597 20672
24316 566 4309
4309 566 24316
566 4309 24316
18105 12403 27203
27203 12403 18105
12403 18105 27203
303 23310 26357
23310 303 26357
26357 303 23310
22847 7460 9349
7460 9349 22847
9349 7460 22847
19507 169 22871
169 19507 22871
22871 169 19507
4920 19113 24373
19113 4920 24373
24373 4920 19113
20723 26485 29419
26485 20723 29419
29419 20723 26485
18045 14785 20752
20752 14785 18045
14785 18045 20752
19459 3543 27818
3543 19459 27818
27818 3543 19459
12822 5191 11871
5191 11871 12822
11871 5191 12822
2383 7391 19380
7391 2383 19380
19380 2383 7391
16376 1838 6075
1838 6075 16376
6075 1838 16376
1836 4315 21159
21159 1836 4315
4315 1836 21159
6957 12966 13126
12966 6957 13126
13126 6957 12966
12847 9313 12324
9313 12324 12847
12324 9313 12847
9257 17645 20835
20835 9257 17645
17645 9257 20835
18437 11734 15443
11734 15443 18437
15443 11734 18437
25442 1019 17853
1019 17853 25442
17853 1019 25442
15218 14980 20912
14980 15218 20912
20912 14980 15218
10168 2374 5249
5249 2374 10168
2374 5249 10168
12848 9521 24309
9521 12848 24309
24309 9521 12848
15098 174 23971
174 15098 23971
23971 174 15098
28487 12128 26618
26618 12128 28487
12128 26618 28487
11143 15640 18919
18919 11143 15640
15640 11143 18919
6687 27183 29654
29654 6687 27183
27183 6687 29654
1201 10663 23777
23777 1201 10663
10663 1201 23777
1709 893 23523
893 1709 23523
23523 893 1709
6715 8384 29832
8384 6715 29832
29832 6715 8384
6017 13623 28896
28896 6017 13623
13623 6017 28896
12901 19879 26007
26007 12901 19879
19879 12901 26007
1100 1958 15796
1958 1100 15796
15796 1100 1958
21498 4688 15878
15878 4688 21498
4688 15878 21498
25700 10424 27704
27704 10424 25700
10424 25700 27704
27606 10071 16763
10071 16763 27606
16763 10071 27606
2107 7812 27719
27719 2107 7812
7812 2107 27719
6626 7289 29952
7289 6626 29952
29952 6626 7289
21650 12098 17575
12098 17575 21650
17575 12098 21650
23992 22767 28690
22767 23992 28690
28690 22767 23992
27823 530 23011
23011 530 27823
530 23011 27823
2629 6149 29807
6149 2629 29807
29807 2629 6149
7358 8987 23996
23996 7358 8987
8987 7358 23996
18311 626 5390
626 5390 18311
5390 626 18311
4259 5839 12841
5839 4259 12841
12841 4259 5839
8878 18098 23202
23202 8878 18098
18098 8878 23202
10922 6166 28919
6166 10922 28919
28919 6166 10922
24933 19360 24590
19360 24590 24933
24590 19360 24933
28701 14379 17769
14379 17769 28701
17769 14379 28701
1260 18460 27581
18460 1260 27581
27581 1260 18460
11682 3532 7942
7942 3532 11682
3532 7942 11682
4032 3858 16573
16573 3858 4032
3858 4032 16573
1408 14544 24819
14544 1408 24819
24819 1408 14544
9498 23141 27573
27573 9498 23141
23141 9498 27573
173 1246 19709
1246 173 19709
19709 173 1246
14798 12926 26456
26456 12926 14798
12926 14798 26456
10987 13653 14150
13653 10987 14150
14150 10987 13653
16173 17149 22022
17149 16173 22022
22022 16173 17149
9954 20397 21885
20397 9954 21885
21885 9954 20397
5494 5135 28289
5135 5494 28289
28289 5135 5494
21535 1526 16409
1526 16409 21535
16409 1526 21535
19734 1579 29593
29593 1579 19734
1579 19734 29593
18593 4953 16057
16057 4953 18593
4953 16057 18593
3124 200 17041
200 3124 17041
17041 200 3124
16161 20706 29882
29882 16161 20706
20706 16161 29882
6512 16147 18081
18081 6512 16147
16147 6512 18081
18484 1083 12545
1083 12545 18484
12545 1083 18484
16703 22228 24421
24421 16703 22228
22228 16703 24421
4686 1905 14930
14930 1905 4686
1905 4686 14930
19876 26880 27579
27579 19876 26880
26880 19876 27579
20670 9230 26282
9230 20670 26282
26282 9230 20670
20957 11252 22276
11252 20957 22276
22276 11252 20957
9363 4410 9252
4410 9252 9363
9252 4410 9363
6002 8397 18104
8397 6002 18104
18104 6002 8397
22298 12072 29890
29890 12072 22298
12072 22298 29890
14512 11196 11499
11196 11499 14512
11499 11196 14512
11763 1324 1360
1360 1324 11763
1324 1360 11763
2153 20534 23870
23870 2153 20534
20534 2153 23870
27517 11126 24188
11126 24188 27517
24188 11126 27517
24384 2424 9568
2424 9568 24384
9568 2424 24384
1637 5318 24555
24555 1637 5318
5318 1637 24555
837 1774 3728
3728 837 1774
1774 837 3728
13531 16094 16099
16094 13531 16099
16099 13531 16094
2907 12896 29385
29385 2907 12896
12896 2907 29385
29778 1931 11360
1931 11360 29778
11360 1931 29778
10335 20570 24445
20570 10335 24445
24445 10335 20570
19827 7633 13664
7633 13664 19827
13664 7633 19827
17704 25214 25537
25537 17704 25214
25214 17704 25537
16370 457 20189
20189 457 16370
457 16370 20189
2207 9075 19056
19056 2207 9075
9075 2207 19056
18713 18701 19347
19347 18701 18713
18701 18713 19347
6897 17812 21722
17812 6897 21722
21722 6897 17812
8645 15298 22008
15298 8645 22008
22008 8645 15298
19856 17249 26463
26463 17249 19856
17249 19856 26463
17786 13503 19959
19959 13503 17786
13503 17786 19959
4673 13249 21822
13249 4673 21822
21822 4673 13249
26203 7341 18666
7341 18666 26203
18666 7341 26203
15102 2025 18492
18492 2025 15102
2025 15102 18492
12304 13485 14264
13485 12304 14264
14264 12304 13485
1440 12849 21793
12849 1440 21793
21793 1440 12849
18281 8814 10419
10419 8814 18281
8814 10419 18281
2815 17413 21706
21706 2815 17413
17413 2815 21706
7784 18179 23302
18179 7784 23302
23302 7784 18179
20602 11574 13964
13964 11574 20602
11574 13964 20602
21113 119 25674
25674 119 21113
119 21113 25674
15542 5293 10934
5293 10934 15542
10934 5293 15542
1198 13085 25196
13085 1198 25196
25196 1198 13085
5779 3045 6531
3045 5779 6531
6531 3045 5779
17073 9952 10738
10738 9952 17073
9952 10738 17073
12861 3389 28621
3389 12861 28621
28621 3389 12861
11384 18048 23797
18048 11384 23797
23797 11384 18048
9610 14509 22256
14509 9610 22256
22256 9610 14509
19875 23562 29034
23562 19875 29034
29034 19875 23562
27753 4884 5558
4884 5558 27753
5558 4884 27753
21304 4208 29045
4208 21304 29045
29045 4208 21304
28267 19522 27187
27187 19522 28267
19522 27187 28267
14538 3131 22713
3131 14538 22713
22713 3131 14538
708 21320 22306
21320 708 22306
22306 708 21320
28413 1317 7549
7549 1317 28413
1317 7549 28413
17189 4659 15966
15966 4659 17189
4659 15966 17189
20203 19247 24762
24762 19247 20203
19247 20203 24762
11018 5113 19725
19725 5113 11018
5113 11018 19725
10831 11403 13910
11403 10831 13910
13910 10831 11403
1605 9039 19872
9039 1605 19872
19872 1605 9039
6591 934 12698
12698 934 6591
934 6591 12698
21718 9164 21112
21112 9164 21718
9164 21112 21718
16379 6284 14163
14163 6284 16379
6284 14163 16379
16712 18289 24125
24125 16712 18289
18289 16712 24125
22362 9260 17595
9260 17595 22362
17595 9260 22362
12787 21861 22096
22096 12787 21861
21861 12787 22096
14639 8993 26019
26019 8993 14639
8993 14639 26019
3324 5704 10174
5704 3324 10174
10174 3324 5704
13310 14345 28272
28272 13310 14345
14345 13310 28272
27564 7459 9181
7459 9181 27564
9181 7459 27564
24570 5912 12083
5912 12083 24570
12083 5912 24570
17501 29500 29508
29508 17501 29500
29500 17501 29508
17017 3470 10951
3470 10951 17017
10951 3470 17017
29967 1428 3724
1428 3724 29967
3724 1428 29967
7852 11206 21820
21820 7852 11206
11206 7852 21820
11469 13225 24685
13225 11469 24685
24685 11469 13225
1067 786 14685
786 1067 14685
14685 786 1067
24884 2037 14128
2037 14128 24884
14128 2037 24884
24307 6774 18913
6774 18913 24307
18913 6774 24307
7368 6132 22499
22499 6132 7368
6132 7368 22499
11233 8071 24234
8071 11233 24234
24234 8071 11233
7526 13193 29860
13193 7526 29860
29860 7526 13193
2384 11129 12133
11129 2384 12133
12133 2384 11129
284 5266 25325
5266 284 25325
25325 284 5266
16905 6768 17415
6768 16905 17415
17415 6768 16905
18438 5757 12220
5757 12220 18438
12220 5757 18438
12648 10766 14794
10766 12648 14794
14794 10766 12648
27790 17895 25366
17895 25366 27790
25366 17895 27790
2997 10243 29538
10243 2997 29538
29538 2997 10243
18751 8347 28776
28776 8347 18751
8347 18751 28776
19099 4085 19327
4085 19099 19327
19327 4085 19099
17475 27620 28198
28198 17475 27620
27620 17475 28198
18611 13956 24630
13956 18611 24630
24630 13956 18611
19670 20259 23459
20259 19670 23459
23459 19670 20259
11794 16945 26252
16945 11794 26252
26252 11794 16945
9874 9515 16213
9515 9874 16213
16213 9515 9874
6752 4135 9438
4135 6752 9438
9438 4135 6752
23591 13691 23748
13691 23591 23748
23748 13691 23591
4388 11659 24182
11659 4388 24182
24182 4388 11659
18064 20564 22803
22803 18064 20564
20564 18064 22803
23095 14656 20061
14656 20061 23095
20061 14656 23095
15745 6247 18265
18265 6247 15745
6247 15745 18265
25414 12260 21678
21678 12260 25414
12260 21678 25414
9465 10269 19611
19611 9465 10269
10269 9465 19611
5964 2670 18687
2670 5964 18687
18687 2670 5964
54 12733 21564
21564 54 12733
12733 54 21564
17546 14364 28737
28737 14364 17546
14364 17546 28737
20003 2418 28077
2418 20003 28077
28077 2418 20003
11864 6351 14055
14055 6351 11864
6351 11864 14055
21184 11880 16566
16566 11880 21184
11880 16566 21184
11194 15343 15618
15343 11194 15618
15618 11194 15343
28758 21359 25384
25384 21359 28758
21359 25384 28758
6544 16696 17160
16696 6544 17160
17160 6544 16696
9170 500 14498
14498 500 9170
500 9170 14498
7589 21701 29675
29675 7589 21701
21701 7589 29675
12825 6997 14593
6997 12825 14593
14593 6997 12825
5453 3958 21091
3958 5453 21091
21091 3958 5453
13756 15811 28174
15811 13756 28174
28174 13756 15811
4100 14028 20408
20408 4100 14028
14028 4100 20408
5472 1105 3794
3794 1105 5472
1105 3794 5472
28163 22627 26990
22627 26990 28163
26990 22627 28163
3119 17207 29042
17207 3119 29042
29042 3119 17207
14246 1630 3316
3316 1630 14246
1630 3316 14246
16482 2842 16786
16786 2842 16482
2842 16482 16786
25234 6775 16171
16171 6775 25234
6775 16171 25234
14315 8782 22452
8782 14315 22452
22452 8782 14315
17606 3877 15172
15172 3877 17606
3877 15172 17606
16664 16220 23807
16220 16664 23807
23807 16220 16664
15826 1124 10359
10359 1124 15826
1124 10359 15826
5608 23942 24785
23942 5608 24785
24785 5608 23942
16303 2790 4667
2790 4667 16303
4667 2790 16303
15663 12762 28394
12762 15663 28394
28394 12762 15663
8747 20524 26213
20524 8747 26213
26213 8747 20524
28539 6717 8654
6717 8654 28539
8654 6717 28539
16156 2737 7636
2737 7636 16156
7636 2737 16156
436 9256 19680
9256 436 19680
19680 436 9256
19179 10383 21716
10383 19179 21716
21716 10383 19179
22345 9008 11103
11103 9008 22345
9008 11103 22345
19342 145 22001
145 19342 22001
22001 145 19342
19361 4108 5655
5655 4108 19361
4108 5655 19361
18361 10188 26223
26223 10188 18361
10188 18361 26223
19371 1024 22592
22592 1024 19371
1024 19371 22592
935 7374 20026
7374 935 20026
20026 935 7374
25762 3683 26093
3683 25762 26093
26093 3683 25762
1614 5765 15926
5765 1614 15926
15926 1614 5765
1383 5431 28074
28074 1383 5431
5431 1383 28074
18729 13986 15829
13986 15829 18729
15829 13986 18729
17397 711 26834
26834 711 17397
711 17397 26834
28416 12060 12976
12060 12976 28416
12976 12060 28416
3399 8485 13052
8485 3399 13052
13052 3399 8485
12323 15955 19955
15955 12323 19955
19955 12323 15955
18738 15090 17079
17079 15090 18738
15090 17079 18738
192 17329 19031
19031 192 17329
17329 192 19031
11896 20520 24333
20520 11896 24333
24333 11896 20520
22748 1924 5999
5999 1924 22748
1924 5999 22748
11177 18099 24522
24522 11177 18099
18099 11177 24522
16406 5819 8082
5819 8082 16406
8082 5819 16406
13939 1830 2474
1830 2474 13939
2474 1830 13939
23244 10825 23593
23593 10825 23244
10825 23244 23593
20823 14787 17796
14787 17796 20823
17796 14787 20823
13143 23205 28684
23205 13143 28684
28684 13143 23205
27636 2814 15882
15882 2814 27636
2814 15882 27636
7406 12593 19212
12593 7406 19212
19212 7406 12593
22777 15503 16612
16612 15503 22777
15503 16612 22777
5828 8472 19010
8472 5828 19010
19010 5828 8472
13667 19490 24111
24111 13667 19490
19490 13667 24111
22801 14725 18324
18324 14725 22801
14725 18324 22801
8905 18679 23433
23433 8905 18679
18679 8905 23433
25210 13906 21116
13906 21116 25210
21116 13906 25210
12943 6079 7279
7279 6079 12943
6079 7279 12943
4151 7250 10476
10476 4151 7250
7250 4151 10476
19972 731 22956
731 19972 22956
22956 731 19972
19338 7295 7613
7613 7295 19338
7295 7613 19338
28748 22231 27770
22231 27770 28748
27770 22231 28748
15061 3785 18985
3785 15061 18985
18985 3785 15061
25025 7253 27265
27265 7253 25025
7253 25025 27265
14331 859 25398
859 14331 25398
25398 859 14331
16618 15644 22533
15644 16618 22533
22533 15644 16618
24187 506 6288
6288 506 24187
506 6288 24187
19317 1921 24620
1921 19317 24620
24620 1921 19317
29959 6786 28058
28058 6786 29959
6786 28058 29959
24552 469 16934
469 16934 24552
16934 469 24552
21618 13540 18572
13540 18572 21618
18572 13540 21618
27534 23501 24060
24060 23501 27534
23501 24060 27534
17577 1730 19606
19606 1730 17577
1730 17577 19606
7986 9662 15493
15493 7986 9662
9662 7986 15493
15485 3362 16516
16516 3362 15485
3362 15485 16516
2610 6460 21900
6460 2610 21900
21900 2610 6460
15252 16898 18633
18633 15252 16898
16898 15252 18633
4725 16061 20269
16061 4725 20269
20269 4725 16061
22346 15869 28564
15869 22346 28564
28564 15869 22346
23983 14496 26437
26437 14496 23983
14496 23983 26437
21883 22370 28680
28680 21883 22370
22370 21883 28680
3654 8343 11484
8343 3654 11484
11484 3654 8343
18638 1566 28121
1566 18638 28121
28121 1566 18638
2311 6058 12057
12057 2311 6058
6058 2311 12057
1274 6793 7755
6793 1274 7755
7755 1274 6793
19852 18057 26502
18057 19852 26502
26502 18057 19852
13952 831 4805
831 4805 13952
4805 831 13952
9686 4019 6578
4019 6578 9686
6578 4019 9686
545 5479 20691
20691 545 5479
5479 545 20691
27651 4050 8952
8952 4050 27651
4050 8952 27651
4960 11192 12831
12831 4960 11192
11192 4960 12831
20281 19676 22728
22728 19676 20281
19676 20281 22728
127 10534 16307
10534 127 16307
16307 127 10534
9120 5011 18473
18473 5011 9120
5011 9120 18473
22171 11992 25662
11992 22171 25662
25662 11992 22171
15723 5406 26458
26458 5406 15723
5406 15723 26458
27000 9294 10492
9294 10492 27000
10492 9294 27000
24054 16098 27698
16098 24054 27698
27698 16098 24054
15121 21134 28062
28062 15121 21134
21134 15121 28062
22082 6037 20758
20758 6037 22082
6037 20758 22082
2674 10863 17932
17932 2674 10863
10863 2674 17932
5350 19147 24286
24286 5350 19147
19147 5350 24286
19677 7506 16785
16785 7506 19677
7506 16785 19677
12557 8675 12736
8675 12557 12736
12736 8675 12557
19324 2969 23464
23464 2969 19324
2969 19324 23464
7800 12781 25555
25555 7800 12781
12781 7800 25555
18616 24211 27737
27737 18616 24211
24211 18616 27737
21656 11166 29929
11166 21656 29929
29929 11166 21656
6618 18883 24374
18883 6618 24374
24374 6618 18883
12279 8185 10490
10490 8185 12279
8185 10490 12279
22668 13083 25602
25602 13083 22668
13083 22668 25602
25354 14978 25460
14978 25354 25460
25460 14978 25354
12980 5265 25714
25714 5265 12980
5265 12980 25714
16444 3164 11013
3164 11013 16444
11013 3164 16444
18944 22795 27670
27670 18944 22795
22795 18944 27670
9239 871 21935
871 9239 21935
21935 871 9239
2124 21970 24742
21970 2124 24742
24742 2124 21970
3065 25167 27063
27063 3065 25167
25167 3065 27063
26142 3736 27658
27658 3736 26142
3736 26142 27658
1695 17256 25738
17256 1695 25738
25738 1695 17256
18441 19589 26547
26547 18441 19589
19589 18441 26547
25316 11683 21111
11683 21111 25316
21111 11683 25316
20576 149 5223
149 5223 20576
5223 149 20576
13618 9220 9842
9842 9220 13618
9220 9842 13618
23830 1974 10462
10462 1974 23830
1974 10462 23830
28423 2577 11226
11226 2577 28423
2577 11226 28423
11790 9989 22028
22028 9989 11790
9989 11790 22028
28561 14034 23117
14034 23117 28561
23117 14034 28561
18408 2884 26541
26541 2884 18408
2884 18408 26541
8539 510 17701
17701 510 8539
510 8539 17701
22175 2640 6864
6864 2640 22175
2640 6864 22175
3639 482 9147
482 3639 9147
9147 482 3639
8891 2698 25250
25250 2698 8891
2698 8891 25250
7435 24677 27616
27616 7435 24677
24677 7435 27616
8133 2247 19631
2247 8133 19631
19631 2247 8133
6044 3938 17301
3938 6044 17301
17301 3938 6044
3036 9749 23806
23806 3036 9749
9749 3036 23806
25237 2503 29187
2503 25237 29187
29187 2503 25237
15131 9566 22238
9566 15131 22238
22238 9566 15131
6172 6066 9301
6066 6172 9301
9301 6066 6172
19772 16315 16512
16512 16315 19772
16315 16512 19772
28575 707 23169
23169 707 28575
707 23169 28575
16695 14252 28269
14252 16695 28269
