57 36 277
277 36 57
36 57 277
41 167 300
167 41 300
300 41 167
149 6 99
99 6 149
6 99 149
18 12 129
129 12 18
12 18 129
191 38 112
38 112 191
112 38 191
52 70 250
250 52 70
70 52 250
114 84 255
255 84 114
84 114 255
30 14 139
139 14 30
14 30 139
113 225 249
225 113 249
249 113 225
92 96 242
242 92 96
96 92 242
117 42 174
42 117 174
174 42 117
175 143 156
156 143 175
143 156 175
195 33 160
160 33 195
33 160 195
66 35 37
35 37 66
37 35 66
186 201 245
201 186 245
245 186 201
1 170 259
259 1 170
170 1 259
61 16 181
16 61 181
181 16 61
263 54 121
121 54 263
54 121 263
157 244 256
256 157 244
244 157 256
200 107 261
107 200 261
261 107 200
205 9 241
9 205 241
241 9 205
25 80 207
80 25 207
207 25 80
110 133 278
133 110 278
278 110 133
137 32 212
32 137 212
212 32 137
222 120 296
120 222 296
296 120 222
154 166 234
234 154 166
166 154 234
231 22 79
22 79 231
79 22 231
260 138 208
138 208 260
208 138 260
51 40 152
40 51 152
152 40 51
289 155 176
155 176 289
176 155 289
73 180 215
180 73 215
215 73 180
53 85 206
206 53 85
85 53 206
142 281 291
291 142 281
281 142 291
236 62 268
62 236 268
268 62 236
77 229 287
287 77 229
229 77 287
270 67 257
257 67 270
67 257 270
172 101 220
101 172 220
220 101 172
150 106 248
106 150 248
248 106 150
237 39 233
233 39 237
39 233 237
193 5 20
20 5 193
5 20 193
211 46 56
56 46 211
46 56 211
100 90 183
183 90 100
90 100 183
184 26 196
26 184 196
196 26 184
104 91 164
91 104 164
164 91 104
194 203 224
224 194 203
203 194 224
284 49 218
218 49 284
49 218 284
227 48 122
48 122 227
122 48 227
286 144 187
187 144 286
144 187 286
290 94 280
280 94 290
94 280 290
192 83 210
83 192 210
210 83 192
294 71 299
71 294 299
299 71 294
293 251 267
267 251 293
251 267 293
8 23 93
23 8 93
93 8 23
158 81 173
173 81 158
81 158 173
55 202 288
288 55 202
202 55 288
75 128 131
131 75 128
128 75 131
217 3 235
235 3 217
3 217 235
63 147 189
147 63 189
189 63 147
188 153 199
199 153 188
153 188 199
141 221 252
221 141 252
252 141 221
118 69 185
69 118 185
185 69 118
228 102 109
102 109 228
109 102 228
17 72 240
72 17 240
240 17 72
97 258 271
258 97 271
271 97 258
295 209 264
209 264 295
264 209 295
223 89 285
285 89 223
89 223 285
283 4 145
4 145 283
145 4 283
68 130 265
265 68 130
130 68 265
82 177 230
177 82 230
230 82 177
47 29 108
29 47 108
108 29 47
276 246 274
274 246 276
246 274 276
34 45 214
214 34 45
45 34 214
132 31 204
204 31 132
31 132 204
88 10 27
27 10 88
10 27 88
262 178 232
232 178 262
178 232 262
272 19 238
19 238 272
238 19 272
198 74 254
254 74 198
74 198 254
43 7 86
86 7 43
7 43 86
78 123 140
140 78 123
123 78 140
243 50 161
161 50 243
50 161 243
64 159 197
197 64 159
159 64 197
58 13 297
13 58 297
297 13 58
44 134 213
213 44 134
134 44 213
127 21 226
21 127 226
226 21 127
169 103 253
103 169 253
253 103 169
269 171 239
171 239 269
239 171 269
15 135 165
135 15 165
165 15 135
136 179 282
179 136 282
282 136 179
190 59 148
59 148 190
148 59 190
119 2 95
95 2 119
2 95 119
124 105 125
105 124 125
125 105 124
98 247 273
273 98 247
247 98 273
87 146 182
182 87 146
146 87 182
28 266 279
266 28 279
279 28 266
60 168 292
168 60 292
292 60 168
126 65 116
116 65 126
65 116 126
298 24 76
24 76 298
76 24 298
11 115 163
115 11 163
163 11 115
111 219 275
219 111 275
275 111 219
216 151 162
162 151 216
151 162 216
