1172 761 2870
2870 761 1172
761 1172 2870
2868 265 1355
1355 265 2868
265 1355 2868
2601 318 2693
2693 318 2601
318 2601 2693
2096 1839 1981
1839 1981 2096
1981 1839 2096
678 157 1559
157 678 1559
1559 157 678
2639 2093 2513
2513 2093 2639
2093 2513 2639
2534 1539 1659
1539 1659 2534
1659 1539 2534
2885 175 1558
1558 175 2885
175 1558 2885
1837 115 216
216 115 1837
115 216 1837
778 536 2923
2923 536 778
536 778 2923
820 722 733
733 722 820
722 733 820
1472 102 1420
102 1420 1472
1420 102 1472
1596 4 488
488 4 1596
4 488 1596
2218 2484 2808
2808 2218 2484
2484 2218 2808
905 1112 1116
1112 905 1116
1116 905 1112
2666 1443 1543
1443 1543 2666
1543 1443 2666
1803 1228 2657
2657 1228 1803
1228 1803 2657
2989 938 2081
938 2081 2989
2081 938 2989
731 1424 1631
1631 731 1424
1424 731 1631
2139 527 1484
1484 527 2139
527 1484 2139
720 1046 1455
1455 720 1046
1046 720 1455
2800 493 1158
493 1158 2800
1158 493 2800
2473 1439 2510
1439 2473 2510
2510 1439 2473
1218 1444 1639
1639 1218 1444
1444 1218 1639
1177 188 683
188 683 1177
683 188 1177
467 2029 2854
2029 467 2854
2854 467 2029
973 2049 2946
2946 973 2049
2049 973 2946
2819 1219 2314
2314 1219 2819
1219 2314 2819
1344 715 719
719 715 1344
715 719 1344
1501 274 1432
1432 274 1501
274 1432 1501
851 622 2792
622 851 2792
2792 622 851
164 1041 2670
1041 164 2670
2670 164 1041
561 591 2340
591 561 2340
2340 561 591
1833 1764 2855
2855 1764 1833
1764 1833 2855
618 1734 2988
2988 618 1734
1734 618 2988
585 895 1026
895 585 1026
1026 585 895
120 1350 2400
2400 120 1350
1350 120 2400
335 139 1740
1740 139 335
139 335 1740
300 730 1670
1670 300 730
730 300 1670
614 1333 2553
1333 614 2553
2553 614 1333
292 439 1431
439 292 1431
1431 292 439
1866 264 281
264 281 1866
281 264 1866
2556 1450 2832
2832 1450 2556
1450 2556 2832
187 1279 1382
1279 187 1382
1382 187 1279
860 522 1091
522 860 1091
1091 522 860
1006 606 1817
606 1006 1817
1817 606 1006
2212 56 1547
1547 56 2212
56 1547 2212
2906 2079 2544
2079 2544 2906
2544 2079 2906
403 896 2042
896 403 2042
2042 403 896
2733 648 2881
648 2733 2881
2881 648 2733
2142 150 2078
150 2078 2142
2078 150 2142
330 238 1640
1640 238 330
238 330 1640
2818 1623 2585
2585 1623 2818
1623 2585 2818
461 135 1466
1466 135 461
135 461 1466
2953 670 1880
1880 670 2953
670 1880 2953
2858 1347 2710
1347 2710 2858
2710 1347 2858
868 282 979
979 282 868
282 868 979
549 2840 2932
2932 549 2840
2840 549 2932
290 2485 2948
2948 290 2485
2485 290 2948
2827 1 1328
1 1328 2827
1328 1 2827
2507 2779 2790
2790 2507 2779
2779 2507 2790
817 970 1488
1488 817 970
970 817 1488
2331 70 842
842 70 2331
70 842 2331
209 708 1360
1360 209 708
708 209 1360
1643 247 2211
2211 247 1643
247 1643 2211
2594 2084 2848
2084 2594 2848
2848 2084 2594
2940 891 1520
891 1520 2940
1520 891 2940
764 1338 2633
1338 764 2633
2633 764 1338
307 1642 2699
1642 307 2699
2699 307 1642
605 1961 2117
2117 605 1961
1961 605 2117
1954 1514 1580
1580 1514 1954
1514 1580 1954
137 2636 2691
2691 137 2636
2636 137 2691
1130 126 974
126 974 1130
974 126 1130
408 2363 2704
2704 408 2363
2363 408 2704
2194 1947 2876
2876 1947 2194
1947 2194 2876
2531 555 1769
1769 555 2531
555 1769 2531
2541 959 2796
959 2541 2796
2796 959 2541
1851 1594 2970
1594 1851 2970
2970 1594 1851
975 212 2588
212 975 2588
2588 212 975
2361 116 888
888 116 2361
116 888 2361
2082 993 2486
993 2082 2486
2486 993 2082
1765 1934 2036
1934 1765 2036
2036 1765 1934
776 668 2167
2167 668 776
668 776 2167
2944 654 763
654 763 2944
763 654 2944
2713 624 1119
624 1119 2713
1119 624 2713
1858 511 2381
2381 511 1858
511 1858 2381
2412 1199 1230
1199 1230 2412
1230 1199 2412
1595 2435 2909
2909 1595 2435
2435 1595 2909
1268 724 1196
724 1196 1268
1196 724 1268
1890 976 2104
2104 976 1890
976 1890 2104
1351 503 2335
503 1351 2335
2335 503 1351
1448 2011 2017
2017 1448 2011
2011 1448 2017
77 1553 2344
1553 77 2344
2344 77 1553
1910 1015 2028
1015 1910 2028
2028 1015 1910
576 867 2379
2379 576 867
867 576 2379
442 2200 2739
2739 442 2200
2200 442 2739
244 158 415
158 244 415
415 158 244
2696 502 2568
502 2568 2696
2568 502 2696
2380 1729 2865
2865 1729 2380
1729 2380 2865
2063 2103 2179
2179 2063 2103
2103 2063 2179
377 544 1557
544 377 1557
1557 377 544
2924 566 962
962 566 2924
566 962 2924
1369 2289 2820
2820 1369 2289
2289 1369 2820
587 814 1511
1511 587 814
814 587 1511
1007 729 2241
729 1007 2241
2241 729 1007
1753 713 1487
1487 713 1753
713 1487 1753
2824 107 1014
107 1014 2824
1014 107 2824
2595 1755 2959
2959 1755 2595
1755 2595 2959
1005 663 2658
2658 663 1005
663 1005 2658
1993 650 1229
650 1229 1993
1229 650 1993
2496 864 2092
2092 864 2496
864 2092 2496
2077 1882 2638
1882 2077 2638
2638 1882 2077
712 2187 2528
2187 712 2528
2528 712 2187
248 2228 2605
2228 248 2605
2605 248 2228
1707 345 512
345 512 1707
512 345 1707
401 518 2291
2291 401 518
518 401 2291
757 1277 1693
1693 757 1277
1277 757 1693
1269 1796 2547
2547 1269 1796
1796 1269 2547
1202 1413 2398
2398 1202 1413
1413 1202 2398
372 698 2883
698 372 2883
2883 372 698
1185 533 2776
2776 533 1185
533 1185 2776
2805 106 2957
2957 106 2805
106 2805 2957
1265 2385 2402
2402 1265 2385
2385 1265 2402
156 331 2233
331 156 2233
2233 156 331
1772 2684 2702
2684 1772 2702
2702 1772 2684
1287 2245 2746
2746 1287 2245
2245 1287 2746
1458 2243 2628
2628 1458 2243
2243 1458 2628
2971 710 1366
710 1366 2971
1366 710 2971
2905 1330 2008
2008 1330 2905
1330 2008 2905
1470 1168 1878
1878 1168 1470
1168 1470 1878
1544 1983 2373
1983 1544 2373
2373 1544 1983
1254 1746 2247
1746 1254 2247
2247 1254 1746
924 1154 1198
1154 924 1198
1198 924 1154
1622 954 2175
954 1622 2175
2175 954 1622
2410 320 657
657 320 2410
320 657 2410
2660 1047 2014
2014 1047 2660
1047 2014 2660
2752 919 2624
919 2624 2752
2624 919 2752
2596 2641 2838
2838 2596 2641
2641 2596 2838
1895 2022 2390
2022 1895 2390
2390 1895 2022
823 239 771
239 771 823
771 239 823
1857 1958 2907
2907 1857 1958
1958 1857 2907
1156 1307 2661
2661 1156 1307
1307 1156 2661
146 199 2642
199 146 2642
2642 146 199
2537 1571 2755
1571 2537 2755
2755 1571 2537
2372 344 2110
2110 344 2372
344 2110 2372
2065 1885 1889
1885 1889 2065
1889 1885 2065
1150 1474 2992
1474 1150 2992
2992 1150 1474
1863 1023 1653
1023 1653 1863
1653 1023 1863
815 2136 2804
2804 815 2136
2136 815 2804
2018 1407 2327
2327 1407 2018
1407 2018 2327
2375 2533 2787
2533 2375 2787
2787 2375 2533
1435 138 987
138 987 1435
987 138 1435
2113 369 1183
369 1183 2113
1183 369 2113
1104 1097 2086
1097 1104 2086
2086 1097 1104
2565 673 1899
673 1899 2565
1899 673 2565
640 71 2242
2242 71 640
71 640 2242
429 1136 2450
2450 429 1136
1136 429 2450
1064 89 645
645 89 1064
89 645 1064
1986 1825 2862
1825 1986 2862
2862 1825 1986
86 1371 2199
2199 86 1371
1371 86 2199
1236 382 1552
382 1236 1552
1552 382 1236
1904 144 1492
144 1492 1904
1492 144 1904
2586 311 1188
1188 311 2586
311 1188 2586
1469 2076 2295
2076 1469 2295
2295 1469 2076
2099 1809 2217
2217 1809 2099
1809 2099 2217
456 1140 1449
1449 456 1140
1140 456 1449
2303 534 1398
534 1398 2303
1398 534 2303
1403 1960 2697
1960 1403 2697
2697 1403 1960
286 1494 2252
2252 286 1494
1494 286 2252
632 1924 2619
2619 632 1924
1924 632 2619
1598 2177 2587
2177 1598 2587
2587 1598 2177
571 1906 2617
1906 571 2617
2617 571 1906
1452 6 1929
1929 6 1452
6 1452 1929
1049 520 2430
520 1049 2430
2430 520 1049
2756 1854 1980
1980 1854 2756
1854 1980 2756
87 950 2962
2962 87 950
950 87 2962
1027 1797 1850
1797 1027 1850
1850 1027 1797
716 579 2354
579 716 2354
2354 579 716
1527 1478 2401
1478 1527 2401
2401 1478 1527
1582 82 1628
82 1582 1628
1628 82 1582
584 1313 2942
2942 584 1313
1313 584 2942
2460 1048 2209
2209 1048 2460
1048 2209 2460
1918 2447 2861
2861 1918 2447
2447 1918 2861
2718 750 1113
1113 750 2718
750 1113 2718
1165 1618 2108
2108 1165 1618
1618 1165 2108
2164 378 2439
2439 378 2164
378 2164 2439
2643 33 68
68 33 2643
33 68 2643
1573 468 1481
1481 468 1573
468 1481 1573
1160 1233 2137
1233 1160 2137
2137 1160 1233
2302 756 2768
756 2302 2768
2768 756 2302
405 1372 2731
2731 405 1372
1372 405 2731
2831 2043 2566
2566 2043 2831
2043 2566 2831
1408 875 1395
875 1395 1408
1395 875 1408
1634 360 1352
1352 360 1634
360 1352 1634
117 114 2009
2009 114 117
114 117 2009
2760 758 961
961 758 2760
758 961 2760
2059 230 1216
1216 230 2059
230 1216 2059
1106 1037 2442
2442 1037 1106
1037 1106 2442
2019 687 2208
687 2019 2208
2208 687 2019
1192 1674 2071
2071 1192 1674
1674 1192 2071
947 1087 1324
1324 947 1087
1087 947 1324
2753 1816 2224
2224 1816 2753
1816 2224 2753
1394 386 2717
2717 386 1394
386 1394 2717
2221 2309 2882
2882 2221 2309
2309 2221 2882
1592 567 1521
567 1521 1592
1521 567 1592
1162 191 1567
1567 191 1162
191 1162 1567
705 91 759
91 705 759
759 91 705
2090 992 2570
2570 992 2090
992 2090 2570
1221 928 1175
1175 928 1221
928 1175 1221
1574 563 2902
2902 563 1574
563 1574 2902
1700 1357 1928
1928 1357 1700
1357 1700 1928
260 1998 2508
1998 260 2508
2508 260 1998
2884 689 917
689 917 2884
917 689 2884
1708 349 2558
349 1708 2558
2558 349 1708
1028 538 2100
2100 538 1028
538 1028 2100
897 1065 1957
1065 897 1957
1957 897 1065
1840 485 2896
485 1840 2896
2896 485 1840
1491 1516 1836
1516 1491 1836
1836 1491 1516
2762 1808 2378
2378 1808 2762
1808 2378 2762
717 298 1830
298 717 1830
1830 298 717
742 940 2236
2236 742 940
940 742 2236
1722 665 718
665 718 1722
718 665 1722
1629 1736 1891
1891 1629 1736
1736 1629 1891
1137 2452 2811
2452 1137 2811
2811 1137 2452
2505 1239 1465
1465 1239 2505
1239 1465 2505
2497 2159 2272
2159 2272 2497
2272 2159 2497
1575 326 440
326 440 1575
440 326 1575
1745 111 2956
111 1745 2956
2956 111 1745
1818 2153 2735
2735 1818 2153
2153 1818 2735
829 1050 1246
1246 829 1050
1050 829 1246
2178 958 2518
2518 958 2178
958 2178 2518
2692 1118 2825
1118 2692 2825
2825 1118 2692
1939 658 1012
1012 658 1939
658 1012 1939
1970 103 1309
103 1309 1970
1309 103 1970
2005 1896 2705
1896 2005 2705
2705 1896 2005
2166 692 1092
692 1092 2166
1092 692 2166
546 174 1142
174 546 1142
1142 174 546
2687 108 2292
2292 108 2687
108 2292 2687
2880 1636 2652
2652 1636 2880
1636 2652 2880
2860 438 2234
2234 438 2860
438 2234 2860
1556 1531 1761
1761 1531 1556
1531 1556 1761
2273 981 1374
1374 981 2273
981 1374 2273
845 2524 2916
2916 845 2524
2524 845 2916
1262 142 2367
142 1262 2367
2367 142 1262
250 383 805
805 250 383
383 250 805
283 81 1679
81 283 1679
1679 81 283
598 347 2004
347 598 2004
2004 347 598
2667 449 1409
449 1409 2667
1409 449 2667
1508 1546 2931
1546 1508 2931
2931 1508 1546
2532 694 2198
694 2198 2532
2198 694 2532
1613 479 2184
479 1613 2184
2184 479 1613
1616 266 447
447 266 1616
266 447 1616
675 727 2262
2262 675 727
727 675 2262
674 1389 2055
1389 674 2055
2055 674 1389
2210 822 2156
2156 822 2210
822 2156 2210
94 162 2584
162 94 2584
2584 94 162
1673 808 1732
1732 808 1673
808 1673 1732
996 755 2106
755 996 2106
2106 755 996
644 504 2225
2225 504 644
504 644 2225
1211 1865 2451
1865 1211 2451
2451 1211 1865
2357 1750 2033
2033 1750 2357
1750 2033 2357
2105 314 1791
1791 314 2105
314 1791 2105
2160 1378 2777
2777 1378 2160
1378 2160 2777
2662 270 1249
270 1249 2662
1249 270 2662
410 390 395
395 390 410
390 395 410
210 263 2878
2878 210 263
263 210 2878
470 1213 1513
1513 470 1213
1213 470 1513
2581 1141 2711
2711 1141 2581
1141 2581 2711
1139 966 2246
2246 966 1139
966 1139 2246
499 1281 2794
1281 499 2794
2794 499 1281
1363 204 2936
2936 204 1363
204 1363 2936
926 539 765
539 765 926
765 539 926
1861 1445 2324
1445 1861 2324
2324 1445 1861
1414 1075 2339
1075 1414 2339
2339 1075 1414
1496 1392 1683
1683 1392 1496
1392 1496 1683
1291 62 2095
2095 62 1291
62 1291 2095
2120 583 918
918 583 2120
583 918 2120
1632 1534 1956
1534 1632 1956
1956 1534 1632
2300 186 1430
186 1430 2300
1430 186 2300
136 73 2921
73 136 2921
2921 73 136
1512 1234 1564
1564 1234 1512
1234 1512 1564
2943 76 2928
76 2928 2943
2928 76 2943
695 930 980
980 695 930
930 695 980
1612 830 2637
2637 830 1612
830 1612 2637
2866 105 704
704 105 2866
105 704 2866
2578 1016 2538
1016 2538 2578
2538 1016 2578
465 75 375
375 75 465
75 375 465
1180 1356 1641
1641 1180 1356
1356 1180 1641
2521 177 1778
177 1778 2521
1778 177 2521
1864 2318 2319
2319 1864 2318
2318 1864 2319
432 572 1548
1548 432 572
572 432 1548
2146 1020 1702
1020 1702 2146
1702 1020 2146
2939 273 839
839 273 2939
273 839 2939
1504 699 2195
699 1504 2195
2195 699 1504
1871 833 2495
2495 833 1871
833 1871 2495
1248 793 1989
1989 793 1248
793 1248 1989
2158 1502 2407
1502 2158 2407
2407 1502 2158
371 1585 2504
1585 371 2504
2504 371 1585
1200 1134 1953
1953 1134 1200
1134 1200 1953
1001 52 1860
1860 52 1001
52 1001 1860
1994 956 2453
2453 956 1994
956 1994 2453
2608 989 2202
989 2202 2608
2202 989 2608
1549 543 1721
543 1549 1721
1721 543 1549
2374 857 1441
857 1441 2374
1441 857 2374
1789 619 1563
619 1563 1789
1563 619 1789
1298 773 838
838 773 1298
773 838 1298
124 42 1306
1306 42 124
42 124 1306
128 2239 2270
2239 128 2270
2270 128 2239
2998 35 78
35 78 2998
78 35 2998
2720 2763 2958
2958 2720 2763
2763 2720 2958
179 2089 2279
2279 179 2089
2089 179 2279
1995 638 1569
638 1569 1995
1569 638 1995
1361 885 1304
1304 885 1361
885 1304 1361
324 1589 2821
1589 324 2821
2821 324 1589
486 5 23
5 23 486
23 5 486
894 303 2315
2315 303 894
303 894 2315
315 357 2681
357 315 2681
2681 315 357
2338 1915 2904
2904 1915 2338
1915 2338 2904
2394 141 2937
141 2394 2937
2937 141 2394
935 1056 1967
1967 935 1056
1056 935 1967
510 1143 2489
2489 510 1143
1143 510 2489
308 2415 2853
2415 308 2853
2853 308 2415
1102 1417 1867
1867 1102 1417
1417 1102 1867
1963 221 541
541 221 1963
221 541 1963
1358 1297 1477
1477 1297 1358
1297 1358 1477
2477 809 1617
809 1617 2477
1617 809 2477
1529 2261 2888
2261 1529 2888
2888 1529 2261
1079 825 1103
825 1079 1103
1103 825 1079
1412 1066 2621
2621 1066 1412
1066 1412 2621
934 2317 2359
2359 934 2317
2317 934 2359
361 2251 2999
2999 361 2251
2251 361 2999
1009 2366 2370
2366 1009 2370
2370 1009 2366
2947 791 911
911 791 2947
791 911 2947
1800 1706 1794
1794 1706 1800
1706 1794 1800
269 2418 2573
2418 269 2573
2573 269 2418
2750 1979 2240
2240 1979 2750
1979 2240 2750
2802 194 1244
1244 194 2802
194 1244 2802
1038 1572 2006
2006 1038 1572
1572 1038 2006
2068 1605 2123
1605 2068 2123
2123 1605 2068
2091 1775 2845
2845 1775 2091
1775 2091 2845
1691 205 2516
2516 205 1691
205 1691 2516
2432 1427 2220
2220 1427 2432
1427 2220 2432
649 1153 2325
1153 649 2325
2325 649 1153
339 790 1694
790 339 1694
1694 339 790
2812 1614 1790
1614 1790 2812
1790 1614 2812
1661 2436 2539
2539 1661 2436
2436 1661 2539
69 346 469
346 69 469
469 69 346
777 484 1946
484 777 1946
1946 484 777
2964 1586 2002
1586 2002 2964
2002 1586 2964
1205 367 2675
2675 367 1205
367 1205 2675
453 965 2454
2454 453 965
965 453 2454
922 1510 1868
1510 922 1868
1868 922 1510
380 745 2130
2130 380 745
745 380 2130
2512 545 1151
545 1151 2512
1151 545 2512
2114 2188 2612
2188 2114 2612
2612 2114 2188
548 2126 2391
2126 548 2391
2391 548 2126
2001 1625 2836
2836 1625 2001
1625 2001 2836
1976 1783 2841
2841 1783 1976
1783 1976 2841
1786 684 1043
1043 684 1786
684 1043 1786
2766 1256 1905
1256 1905 2766
1905 1256 2766
1940 1078 1167
1167 1078 1940
1078 1167 1940
604 302 626
626 302 604
302 604 626
787 235 1528
235 787 1528
1528 235 787
1040 495 2012
2012 495 1040
495 1040 2012
547 284 2535
2535 284 547
284 547 2535
1201 2376 2973
2973 1201 2376
2376 1201 2973
1644 26 2945
26 1644 2945
2945 26 1644
1810 1098 1505
1098 1505 1810
1505 1098 1810
2469 1039 2118
2118 1039 2469
1039 2118 2469
275 385 676
676 275 385
385 275 676
55 780 1748
780 55 1748
1748 55 780
2741 741 2899
741 2741 2899
2899 741 2741
2903 858 1624
858 1624 2903
1624 858 2903
530 444 681
444 530 681
681 444 530
2355 984 2965
984 2355 2965
2965 984 2355
491 1120 1148
1120 491 1148
1148 491 1120
233 651 1467
1467 233 651
651 233 1467
1181 1240 2310
1240 1181 2310
2310 1181 1240
2337 810 903
903 810 2337
810 903 2337
1144 411 1876
1876 411 1144
411 1144 1876
280 1735 1802
1735 280 1802
1802 280 1735
978 61 2121
61 978 2121
2121 61 978
2935 500 1170
1170 500 2935
500 1170 2935
595 428 794
428 595 794
794 428 595
1532 1608 2125
2125 1532 1608
1608 1532 2125
1687 305 477
305 477 1687
477 305 1687
2950 774 1489
774 1489 2950
1489 774 2950
1560 752 1402
1402 752 1560
752 1402 1560
2395 245 430
430 245 2395
245 430 2395
51 2163 2488
2163 51 2488
2488 51 2163
1193 140 2519
140 1193 2519
2519 140 1193
2459 2590 2598
2590 2459 2598
2598 2459 2590
2550 2716 2852
2716 2550 2852
2852 2550 2716
2025 2 2754
2 2025 2754
2754 2 2025
686 807 811
811 686 807
807 686 811
1662 951 2421
2421 951 1662
951 1662 2421
1241 1485 2669
2669 1241 1485
1485 1241 2669
1742 365 1591
365 1591 1742
1591 365 1742
2382 419 420
419 420 2382
420 419 2382
1807 1082 1238
1238 1082 1807
1082 1238 1807
2132 1678 2034
2034 1678 2132
1678 2034 2132
2893 17 336
336 17 2893
17 336 2893
1479 1955 2278
1955 1479 2278
2278 1479 1955
2517 1397 2133
2133 1397 2517
1397 2133 2517
590 883 1522
1522 590 883
883 590 1522
276 2180 2256
2180 276 2256
2256 276 2180
1003 1002 1704
1704 1002 1003
1002 1003 1704
846 1285 2941
1285 846 2941
2941 846 1285
399 1517 2399
1517 399 2399
2399 399 1517
2231 2266 2404
2404 2231 2266
2266 2231 2404
49 393 1506
393 49 1506
1506 49 393
2072 325 1031
325 1031 2072
1031 325 2072
2119 599 1010
1010 599 2119
599 1010 2119
1812 1375 1379
1379 1375 1812
1375 1379 1812
2062 507 1399
1399 507 2062
507 1399 2062
768 1147 1429
1147 768 1429
1429 768 1147
2501 1110 2282
1110 2282 2501
2282 1110 2501
2227 2411 2981
2411 2227 2981
2981 2227 2411
2791 84 887
84 887 2791
887 84 2791
2147 746 2352
2352 746 2147
746 2147 2352
2782 443 2346
2346 443 2782
443 2346 2782
1855 2676 2993
2676 1855 2993
2993 1855 2676
2316 167 2134
2134 167 2316
167 2134 2316
963 297 1497
297 963 1497
1497 297 963
628 404 2580
404 628 2580
2580 404 628
803 2129 2423
2129 803 2423
2423 803 2129
122 473 2182
473 122 2182
2182 122 473
1975 9 2969
2969 9 1975
9 1975 2969
1767 578 876
578 876 1767
876 578 1767
2734 652 2235
652 2235 2734
2235 652 2734
2979 1507 2828
1507 2828 2979
2828 1507 2979
2925 1730 2109
1730 2109 2925
2109 1730 2925
240 677 2468
677 240 2468
2468 240 677
2761 1353 2680
1353 2680 2761
2680 1353 2761
496 1045 1411
1045 496 1411
1411 496 1045
185 990 2007
2007 185 990
990 185 2007
2102 2030 2707
2030 2102 2707
2707 2030 2102
620 123 2995
123 620 2995
2995 123 620
364 1938 2181
2181 364 1938
1938 364 2181
1936 914 1577
914 1577 1936
1577 914 1936
890 206 1672
206 890 1672
1672 206 890
466 904 1784
904 466 1784
1784 466 904
2397 2031 2722
2031 2397 2722
2722 2031 2397
2056 224 288
224 288 2056
288 224 2056
529 743 1406
1406 529 743
743 529 1406
1588 1537 2844
1537 1588 2844
2844 1537 1588
2138 490 931
490 931 2138
931 490 2138
697 37 1648
37 697 1648
1648 37 697
2810 1962 2664
1962 2664 2810
2664 1962 2810
2264 101 702
702 101 2264
101 702 2264
760 143 2185
2185 143 760
143 760 2185
1405 98 2864
2864 98 1405
98 1405 2864
2714 826 2912
2912 826 2714
826 2714 2912
149 2655 2815
2815 149 2655
2655 149 2815
969 1294 2205
2205 969 1294
1294 969 2205
852 1716 2281
1716 852 2281
2281 852 1716
1367 560 1902
1902 560 1367
560 1367 1902
1090 392 2781
392 1090 2781
2781 392 1090
899 799 1243
1243 799 899
799 899 1243
889 1323 1884
1884 889 1323
1323 889 1884
2171 1583 2369
1583 2171 2369
2369 1583 2171
1222 362 2087
362 1222 2087
2087 362 1222
554 95 384
95 384 554
384 95 554
1123 203 2554
203 1123 2554
2554 203 1123
1685 1299 2640
1299 1685 2640
2640 1299 1685
109 1060 2620
2620 109 1060
1060 109 2620
57 402 906
402 57 906
906 57 402
489 693 2886
693 489 2886
2886 489 693
1793 2360 2540
2360 1793 2540
2540 1793 2360
2778 460 2387
2387 460 2778
460 2387 2778
1900 1073 1096
1073 1096 1900
1096 1073 1900
1231 231 2416
2416 231 1231
231 1231 2416
2765 200 2479
2479 200 2765
200 2479 2765
133 358 1566
358 133 1566
1566 133 358
1476 2757 2895
2757 1476 2895
2895 1476 2757
1393 1542 2396
2396 1393 1542
1542 1393 2396
848 509 806
509 806 848
806 509 848
2949 272 2894
2894 272 2949
272 2894 2949
1503 991 2650
2650 991 1503
991 1503 2650
1787 90 474
90 474 1787
474 90 1787
1242 329 1726
329 1242 1726
1726 329 1242
1203 1164 1848
1848 1164 1203
1164 1203 1848
1844 436 1609
436 1609 1844
1609 436 1844
2342 642 1390
1390 642 2342
642 1390 2342
1710 1602 2648
2648 1602 1710
1602 1710 2648
2349 1059 1932
1932 1059 2349
1059 1932 2349
2849 131 2630
131 2630 2849
2630 131 2849
1255 597 2917
597 1255 2917
2917 597 1255
2712 1320 2892
2892 1320 2712
1320 2712 2892
2431 1483 2632
1483 2431 2632
2632 1483 2431
160 1210 2600
2600 160 1210
1210 160 2600
129 1646 1655
1646 129 1655
1655 129 1646
1415 2038 2388
2388 1415 2038
2038 1415 2388
2901 557 2471
2471 557 2901
557 2471 2901
258 513 909
513 258 909
909 258 513
816 1295 1901
1295 816 1901
1901 816 1295
1433 2206 2542
2542 1433 2206
2206 1433 2542
2058 1129 2190
1129 2058 2190
2190 1129 2058
2074 988 2047
2047 988 2074
988 2047 2074
41 31 418
418 31 41
31 41 418
1107 249 1117
1117 249 1107
249 1107 1117
592 2543 2649
2543 592 2649
2649 592 2543
2254 333 426
426 333 2254
333 426 2254
446 170 2572
2572 170 446
170 446 2572
2383 1627 2064
2064 1627 2383
1627 2064 2383
1597 1290 2564
2564 1290 1597
1290 1597 2564
2283 1325 1862
1325 1862 2283
1862 1325 2283
340 1987 1991
1987 340 1991
1991 340 1987
2333 726 2665
2665 726 2333
726 2333 2665
313 2249 2654
2654 313 2249
2249 313 2654
163 99 374
99 163 374
374 99 163
397 1419 1829
1419 397 1829
1829 397 1419
2304 1019 1688
1019 1688 2304
1688 1019 2304
454 2465 2536
2465 454 2536
2536 454 2465
1898 1212 1795
1795 1212 1898
1212 1795 1898
2966 189 1207
1207 189 2966
189 1207 2966
165 1578 2644
2644 165 1578
1578 165 2644
2913 637 740
740 637 2913
637 740 2913
679 289 516
516 289 679
289 516 679
39 1781 2244
1781 39 2244
2244 39 1781
2627 2673 2926
2926 2627 2673
2673 2627 2926
2920 2041 2651
2651 2041 2920
2041 2651 2920
1289 998 2622
2622 998 1289
998 1289 2622
2611 735 2523
2523 735 2611
735 2523 2611
1166 2446 2467
2467 1166 2446
2446 1166 2467
1387 907 1733
907 1387 1733
1733 907 1387
2938 1873 2856
1873 2856 2938
2856 1873 2938
412 844 1174
1174 412 844
844 412 1174
1128 784 1834
1834 784 1128
784 1128 1834
2250 196 525
196 525 2250
525 196 2250
1132 1273 1404
1404 1132 1273
1273 1132 1404
1251 2176 2875
2176 1251 2875
2875 1251 2176
337 2141 2610
2141 337 2610
2610 337 2141
1741 603 1523
1523 603 1741
603 1523 1741
737 151 818
151 737 818
818 151 737
2968 2445 2850
2850 2445 2968
2445 2850 2968
580 223 1376
1376 223 580
223 580 1376
849 359 1951
1951 359 849
359 849 1951
1235 703 2891
2891 703 1235
703 1235 2891
2409 1349 2260
1349 2260 2409
2260 1349 2409
802 769 1831
769 802 1831
1831 769 802
1870 501 2616
2616 501 1870
501 1870 2616
1690 916 1311
1311 916 1690
916 1311 1690
398 14 682
682 14 398
14 398 682
1070 448 685
448 685 1070
685 448 1070
1447 1545 2715
2715 1447 1545
1545 1447 2715
54 770 920
920 54 770
770 54 920
1186 1138 1630
1630 1138 1186
1138 1186 1630
2161 577 1204
577 1204 2161
1204 577 2161
1728 1063 2736
1063 1728 2736
2736 1063 1728
1286 1232 1275
1275 1232 1286
1232 1275 1286
2150 246 254
254 246 2150
246 254 2150
2509 593 1217
593 1217 2509
1217 593 2509
1709 1224 1725
1224 1709 1725
1725 1224 1709
2872 2466 2668
2466 2668 2872
2668 2466 2872
368 327 1385
327 368 1385
1385 327 368
1437 933 1820
933 1437 1820
1820 933 1437
2258 222 611
611 222 2258
222 611 2258
2751 20 1684
20 1684 2751
1684 20 2751
1842 409 2368
409 1842 2368
2368 409 1842
236 586 1926
1926 236 586
586 236 1926
804 613 2458
2458 613 804
613 804 2458
1777 394 1365
394 1365 1777
1365 394 1777
2545 1058 2758
2758 1058 2545
1058 2545 2758
253 878 2647
878 253 2647
2647 253 878
1859 537 744
537 744 1859
744 537 1859
1645 1852 2530
2530 1645 1852
1852 1645 2530
671 835 1682
1682 671 835
835 671 1682
2405 1125 2591
1125 2405 2591
2591 1125 2405
2607 1686 2492
1686 2492 2607
2492 1686 2607
161 190 1798
1798 161 190
190 161 1798
2478 1713 2351
1713 2351 2478
2351 1713 2478
1486 1093 2253
1093 1486 2253
2253 1093 1486
2032 154 1813
154 1813 2032
1813 154 2032
636 1992 2170
1992 636 2170
2170 636 1992
1792 1000 1972
1000 1792 1972
1972 1000 1792
1664 1155 2980
2980 1155 1664
1155 1664 2980
688 877 1931
877 688 1931
1931 688 877
2321 192 423
423 192 2321
192 423 2321
542 1965 2013
2013 542 1965
1965 542 2013
1948 982 1480
982 1480 1948
1480 982 1948
2350 1555 2493
1555 2350 2493
2493 1555 2350
2168 257 1292
257 1292 2168
1292 257 2168
1317 1321 1651
1321 1317 1651
1651 1317 1321
2035 880 1271
1271 880 2035
880 1271 2035
1401 316 1017
316 1017 1401
1017 316 1401
478 569 2365
569 478 2365
2365 478 569
2575 1267 1343
1267 1343 2575
1343 1267 2575
2362 287 565
287 565 2362
565 287 2362
1322 227 2548
2548 227 1322
227 1322 2548
476 728 1768
728 476 1768
1768 476 728
1579 1600 2463
1600 1579 2463
2463 1579 1600
450 242 2257
242 450 2257
2257 242 450
2255 1482 2358
1482 2255 2358
2358 1482 2255
871 208 2437
2437 208 871
208 871 2437
653 1253 1689
1253 653 1689
1689 653 1253
753 285 1127
285 753 1127
1127 285 753
1869 1626 2919
2919 1626 1869
1626 1869 2919
2050 985 1468
1468 985 2050
985 1468 2050
2996 667 2809
667 2809 2996
2809 667 2996
1101 1329 2294
1329 1101 2294
2294 1101 1329
1823 445 1021
1021 445 1823
445 1021 1823
635 1814 1923
1923 635 1814
1814 635 1923
2514 74 1302
1302 74 2514
74 1302 2514
2908 18 672
18 672 2908
672 18 2908
85 1699 2613
2613 85 1699
1699 85 2613
691 738 2577
738 691 2577
2577 691 738
1720 2145 2786
2145 1720 2786
2786 1720 2145
1274 655 1731
1731 655 1274
655 1274 1731
1658 112 2603
112 1658 2603
2603 112 1658
431 455 2023
2023 431 455
455 431 2023
2491 268 2219
268 2219 2491
2219 268 2491
2268 30 2403
2403 30 2268
30 2268 2403
2152 1071 2775
1071 2152 2775
2775 1071 2152
2457 1804 2674
1804 2457 2674
2674 1804 2457
949 707 1215
1215 707 949
707 949 1215
1493 366 2328
366 1493 2328
2328 366 1493
44 379 2048
379 44 2048
2048 44 379
2799 211 2816
211 2799 2816
2816 211 2799
853 2889 2898
2898 853 2889
2889 853 2898
2933 1819 2229
2229 1819 2933
1819 2229 2933
2287 1033 1966
1033 1966 2287
1966 1033 2287
786 1937 2124
1937 786 2124
2124 786 1937
1917 506 1638
1638 506 1917
506 1638 1917
2774 943 2286
943 2286 2774
2286 943 2774
1318 127 952
127 952 1318
952 127 1318
617 25 96
25 96 617
96 25 617
92 21 517
21 92 517
517 21 92
100 915 2293
2293 100 915
915 100 2293
2280 553 2703
2703 553 2280
553 2280 2703
892 2026 2419
2026 892 2419
2419 892 2026
2116 67 422
67 422 2116
422 67 2116
1887 232 1475
1475 232 1887
232 1475 1887
1004 1550 1606
1550 1004 1606
1606 1004 1550
1959 1780 2015
2015 1780 1959
1780 1959 2015
732 348 2440
348 732 2440
2440 348 732
1386 1921 2341
1921 1386 2341
2341 1386 1921
873 526 2597
526 873 2597
2597 526 873
1774 1272 1370
1272 1370 1774
1370 1272 1774
262 28 2284
28 262 2284
2284 28 262
457 296 1570
296 457 1570
1570 296 457
1666 147 1187
147 1187 1666
1187 147 1666
558 363 2615
363 558 2615
2615 363 558
1982 2066 2193
2066 1982 2193
2193 1982 2066
921 1036 2443
1036 921 2443
2443 921 1036
243 1373 1799
1799 243 1373
1373 243 1799
435 172 2803
172 435 2803
2803 172 435
1252 93 872
93 872 1252
872 93 1252
2449 1759 2511
2511 1759 2449
1759 2449 2511
2728 582 2336
582 2336 2728
2336 582 2728
2618 1314 1647
1314 1647 2618
1647 1314 2618
2527 1011 1109
1109 1011 2527
1011 1109 2527
762 610 2172
2172 610 762
610 762 2172
255 421 2871
2871 255 421
421 255 2871
521 2976 2987
2987 521 2976
2976 521 2987
2695 60 424
424 60 2695
60 424 2695
310 612 1061
1061 310 612
612 310 1061
2515 1100 2826
1100 2515 2826
2826 1100 2515
2569 999 1498
999 1498 2569
1498 999 2569
1671 2783 2834
2834 1671 2783
2783 1671 2834
1178 2322 2678
2322 1178 2678
2678 1178 2322
900 387 1698
1698 387 900
387 900 1698
2144 301 1303
1303 301 2144
301 1303 2144
1179 1538 2671
2671 1179 1538
1538 1179 2671
1463 1214 2822
1214 1463 2822
2822 1214 1463
785 747 2277
2277 747 785
747 785 2277
406 65 2723
2723 65 406
65 406 2723
1416 464 1264
1264 464 1416
464 1264 1416
299 1999 2874
1999 299 2874
2874 299 1999
1310 1032 2952
1032 1310 2952
2952 1032 1310
2165 901 971
901 971 2165
971 901 2165
207 788 1076
788 207 1076
1076 207 788
1738 1327 1656
1656 1327 1738
1327 1656 1738
2738 1152 2567
2567 1152 2738
1152 2567 2738
1756 1473 2709
2709 1473 1756
1473 1756 2709
2873 660 2475
2475 660 2873
660 2475 2873
2207 1008 2462
2462 1008 2207
1008 2207 2462
1182 941 1250
1250 941 1182
941 1182 1250
1530 955 1346
1346 955 1530
955 1346 1530
942 321 2557
321 942 2557
2557 321 942
1519 789 1189
1189 789 1519
789 1189 1519
234 8 2392
8 234 2392
2392 8 234
2169 1984 2747
2747 1984 2169
1984 2169 2747
1421 1500 2003
1500 1421 2003
2003 1421 1500
2863 1053 2027
2027 1053 2863
1053 2027 2863
1456 306 2977
2977 306 1456
306 1456 2977
226 1533 2154
2154 226 1533
1533 226 2154
1316 1270 2263
2263 1270 1316
1270 1316 2263
721 1676 2701
1676 721 2701
2701 721 1676
630 1126 2963
1126 630 2963
2963 630 1126
1903 1301 1669
1301 1669 1903
1669 1301 1903
2040 570 781
781 570 2040
570 781 2040
2364 1276 2098
1276 2098 2364
2098 1276 2364
2323 1418 1853
1853 1418 2323
1418 1853 2323
1462 913 2719
2719 913 1462
913 1462 2719
1675 751 1368
751 1368 1675
1368 751 1675
2151 34 2830
2830 34 2151
34 2151 2830
1384 1649 2428
1649 1384 2428
2428 1384 1649
2559 2128 2672
2672 2128 2559
2128 2559 2672
1637 1619 2635
1619 1637 2635
2635 1619 1637
2149 2308 2645
2308 2149 2645
2645 2149 2308
1760 1108 1943
1943 1108 1760
1108 1760 1943
1054 155 2688
155 1054 2688
2688 155 1054
588 1282 1615
1615 588 1282
1282 588 1615
798 2061 2525
2525 798 2061
2061 798 2525
271 1886 2974
2974 271 1886
1886 271 2974
1288 882 1773
882 1288 1773
1773 882 1288
1377 1758 2021
1758 1377 2021
2021 1377 1758
1312 884 2839
884 1312 2839
2839 884 1312
2434 2835 2955
2835 2434 2955
2955 2434 2835
1197 1024 1293
1024 1197 1293
1293 1024 1197
893 1526 2609
2609 893 1526
1526 893 2609
1663 661 2196
2196 661 1663
661 1663 2196
886 193 1013
1013 193 886
193 886 1013
1621 241 2101
2101 241 1621
241 1621 2101
2732 1077 1776
1077 1776 2732
1776 1077 2732
1068 2097 2631
2097 1068 2631
2631 1068 2097
573 532 902
532 573 902
902 532 573
2725 2131 2494
2131 2494 2725
2494 2131 2725
1442 866 1069
1069 866 1442
866 1069 1442
354 50 1749
1749 50 354
50 354 1749
1827 859 1296
1296 859 1827
859 1296 1827
295 801 1907
1907 295 801
801 295 1907
1849 1266 2900
1266 1849 2900
2900 1266 1849
338 1247 1525
1247 338 1525
1525 338 1247
1587 1801 2520
1801 1587 2520
2520 1587 1801
2490 2455 2685
2685 2455 2490
2455 2490 2685
322 1635 2857
1635 322 2857
2857 322 1635
796 821 1997
821 796 1997
1997 796 821
2223 927 2422
927 2223 2422
2422 927 2223
304 66 1334
66 304 1334
1334 66 304
1913 88 646
88 646 1913
646 88 1913
819 458 2560
2560 458 819
458 819 2560
1763 936 2552
936 1763 2552
2552 936 1763
1974 1922 1952
1952 1922 1974
1922 1952 1974
706 508 2201
508 706 2201
2201 508 706
767 482 1380
1380 482 767
482 767 1380
2529 607 664
607 664 2529
664 607 2529
2112 1184 2700
1184 2112 2700
2700 1184 2112
1451 2330 2771
2771 1451 2330
2330 1451 2771
388 2408 2847
2408 388 2847
2847 388 2408
355 775 2393
2393 355 775
775 355 2393
1035 523 944
523 944 1035
944 523 1035
1263 370 1336
1336 370 1263
370 1263 1336
2951 1209 2982
2982 1209 2951
1209 2951 2982
2298 1440 1652
1652 1440 2298
1440 1652 2298
669 863 2798
863 669 2798
2798 669 863
2772 1084 1169
1169 1084 2772
1084 1169 2772
497 79 1083
1083 79 497
79 497 1083
2226 22 968
22 968 2226
968 22 2226
714 59 1908
1908 59 714
59 714 1908
2922 608 1927
1927 608 2922
608 1927 2922
843 1811 2214
1811 843 2214
2214 843 1811
317 552 2044
2044 317 552
552 317 2044
2764 1085 1654
1654 1085 2764
1085 1654 2764
1057 2307 2813
2813 1057 2307
2307 1057 2813
132 1584 1719
1584 132 1719
1719 132 1584
1949 2155 2503
2155 1949 2503
2503 1949 2155
2784 2749 2801
2749 2784 2801
2801 2749 2784
524 1711 2476
2476 524 1711
1711 524 2476
602 2574 2929
2929 602 2574
2574 602 2929
2997 1051 1668
1668 1051 2997
1051 1668 2997
1088 1195 2204
2204 1088 1195
1195 1088 2204
1916 854 1561
854 1561 1916
1561 854 1916
1610 874 1920
1920 874 1610
874 1610 1920
568 1080 2456
1080 568 2456
2456 568 1080
176 700 1779
1779 176 700
700 176 1779
256 1766 2934
1766 256 2934
2934 256 1766
1194 837 1568
1568 837 1194
837 1194 1568
1341 228 1022
228 1022 1341
1022 228 1341
986 937 2320
937 986 2320
2320 937 986
734 1337 2297
2297 734 1337
1337 734 2297
1121 40 594
594 40 1121
40 594 1121
2192 278 1396
278 1396 2192
1396 278 2192
2140 1892 2770
1892 2140 2770
2770 1892 2140
2347 46 352
352 46 2347
46 352 2347
1025 168 2083
2083 168 1025
168 1025 2083
2551 472 564
472 564 2551
564 472 2551
1826 964 2629
2629 964 1826
964 1826 2629
1925 1515 2069
2069 1515 1925
1515 1925 2069
923 481 1950
1950 481 923
481 923 1950
63 2413 2729
2413 63 2729
2729 63 2413
908 16 1633
1633 16 908
16 908 1633
633 1089 1838
1838 633 1089
1089 633 1838
1029 1454 2833
2833 1029 1454
1454 1029 2833
615 2470 2743
2470 615 2743
2743 615 2470
2526 166 2742
2742 166 2526
166 2526 2742
1163 2162 2990
2162 1163 2990
2990 1163 2162
118 1095 2472
1095 118 2472
2472 118 1095
1122 912 2433
912 1122 2433
2433 912 1122
2625 1879 2745
1879 2625 2745
2745 1879 2625
948 2546 2967
2967 948 2546
2546 948 2967
53 252 1331
1331 53 252
252 53 1331
2582 312 2039
2039 312 2582
312 2039 2582
2656 779 945
779 945 2656
945 779 2656
3000 1220 2555
1220 2555 3000
2555 1220 3000
2371 1453 2602
1453 2371 2602
2602 1453 2371
2879 623 2724
623 2724 2879
2724 623 2879
407 293 1391
1391 293 407
293 407 1391
929 1145 2438
2438 929 1145
1145 929 2438
2216 1657 2356
2356 1657 2216
1657 2216 2356
609 1146 1436
1436 609 1146
1146 609 1436
2759 850 2384
850 2384 2759
2384 850 2759
2807 1176 2887
2887 1176 2807
1176 2807 2887
701 855 2248
855 701 2248
2248 701 855
119 396 1677
1677 119 396
396 119 1677
865 1030 1052
1052 865 1030
1030 865 1052
1191 932 1996
1996 932 1191
932 1191 1996
559 201 1094
1094 201 559
201 559 1094
373 2060 2911
2060 373 2911
2911 373 2060
2313 621 1762
1762 621 2313
621 1762 2313
1942 2646 2689
2646 1942 2689
2689 1942 2646
279 214 1912
214 279 1912
1912 214 279
1225 2301 2983
2301 1225 2983
2983 1225 2301
2191 229 2067
229 2067 2191
2067 229 2191
294 709 2389
2389 294 709
709 294 2389
1941 492 1283
492 1283 1941
1283 492 1941
1969 1490 2052
2052 1490 1969
1490 1969 2052
1828 182 219
182 219 1828
219 182 1828
47 2037 2222
2222 47 2037
2037 47 2222
2814 772 2420
772 2420 2814
2420 772 2814
2721 12 251
12 251 2721
251 12 2721
831 328 1914
328 831 1914
1914 328 831
1362 459 1703
1703 459 1362
459 1362 1703
1034 1845 1877
1845 1034 1877
1877 1034 1845
828 356 2991
356 828 2991
2991 356 828
1554 483 2215
2215 483 1554
483 1554 2215
121 113 2985
113 121 2985
2985 113 121
217 334 2576
2576 217 334
334 217 2576
1460 680 2842
680 1460 2842
2842 680 1460
1990 2426 2679
2679 1990 2426
2426 1990 2679
1074 783 797
783 797 1074
797 783 1074
2915 27 1715
1715 27 2915
27 1715 2915
291 515 1856
1856 291 515
515 291 1856
1161 1326 1911
1911 1161 1326
1326 1161 1911
1259 879 1518
1518 879 1259
879 1259 1518
1933 323 1875
1875 323 1933
323 1875 1933
389 3 1359
1359 3 389
3 389 1359
1335 551 1757
551 1335 1757
1757 551 1335
832 766 1565
1565 766 832
766 832 1565
1428 152 1434
152 1428 1434
1434 152 1428
1227 125 184
125 184 1227
184 125 1227
2070 953 1423
1423 953 2070
953 1423 2070
2085 2183 2767
2767 2085 2183
2183 2085 2767
1339 2020 2088
2020 1339 2088
2088 1339 2020
1131 1245 2010
2010 1131 1245
1245 1131 2010
795 1081 2975
2975 795 1081
1081 795 2975
437 1308 2329
1308 437 2329
2329 437 1308
1536 342 2296
342 1536 2296
2296 342 1536
11 528 898
898 11 528
528 11 898
2448 1883 2424
2424 1883 2448
1883 2424 2448
480 1581 2918
1581 480 2918
2918 480 1581
2232 1751 2686
2686 1751 2232
1751 2232 2686
1208 1261 1457
1457 1208 1261
1261 1208 1457
2706 881 2986
2986 881 2706
881 2706 2986
2562 1055 2274
2274 1055 2562
1055 2274 2562
494 15 2461
2461 15 494
15 494 2461
1067 1590 2522
1590 1067 2522
2522 1067 1590
2978 1135 2793
1135 2793 2978
2793 1135 2978
1824 1495 1650
1650 1495 1824
1495 1650 1824
2910 1114 1727
1727 1114 2910
1114 1727 2910
639 381 2053
381 639 2053
2053 381 639
148 1499 1601
1499 148 1601
1601 148 1499
427 519 1062
1062 427 519
519 427 1062
2972 856 2189
856 2189 2972
2189 856 2972
1805 36 2737
36 1805 2737
2737 36 1805
1524 1835 2579
1835 1524 2579
2579 1524 1835
1425 1894 2502
2502 1425 1894
1894 1425 2502
153 1206 1744
1744 153 1206
1206 153 1744
574 629 2859
629 574 2859
2859 574 629
213 309 1978
1978 213 309
309 213 1978
104 13 2487
2487 13 104
13 104 2487
641 1919 2698
2698 641 1919
1919 641 2698
1697 910 1042
910 1042 1697
1042 910 1697
925 634 1226
634 925 1226
1226 634 925
1897 2107 2186
2107 1897 2186
2186 1897 2107
2851 1874 2075
2075 1874 2851
1874 2075 2851
616 782 2869
2869 616 782
782 616 2869
1846 748 870
748 870 1846
870 748 1846
2653 2094 2345
2094 2345 2653
2345 2094 2653
556 145 2561
2561 145 556
145 556 2561
1771 2046 2173
2046 1771 2173
2173 1771 2046
1785 581 662
581 662 1785
662 581 1785
601 792 1364
1364 601 792
792 601 1364
2045 994 2016
994 2016 2045
2016 994 2045
575 1695 2930
1695 575 2930
2930 575 1695
1438 267 2563
267 1438 2563
2563 267 1438
433 350 2122
2122 350 433
350 433 2122
2306 1599 2961
2961 1599 2306
1599 2306 2961
1973 625 2498
2498 625 1973
625 1973 2498
1717 2377 2499
2499 1717 2377
2377 1717 2499
550 739 2634
2634 550 739
739 550 2634
475 1737 2267
2267 475 1737
1737 475 2267
2386 1881 2682
2682 1881 2386
1881 2386 2682
2483 1133 1788
1133 1788 2483
1788 1133 2483
1509 351 2846
2846 351 1509
351 1509 2846
2583 1562 2726
1562 2583 2726
2726 1562 2583
2690 847 1400
1400 847 2690
847 1400 2690
1464 183 1747
183 1464 1747
1747 183 1464
2984 1422 1847
1422 1847 2984
1847 1422 2984
64 1471 2237
1471 64 2237
2237 64 1471
237 589 2024
589 237 2024
2024 237 589
1888 800 1332
800 1332 1888
1332 800 1888
647 514 696
514 647 696
696 514 647
1832 869 1701
1701 869 1832
869 1701 1832
1381 58 2500
2500 58 1381
58 1381 2500
2429 1305 1603
1603 1305 2429
1305 1603 2429
2299 723 1665
723 1665 2299
1665 723 2299
1278 43 1743
1743 43 1278
43 1278 1743
2197 972 2482
972 2197 2482
2482 972 2197
1692 110 2795
2795 110 1692
110 1692 2795
1930 1342 2480
2480 1342 1930
1342 1930 2480
1822 2265 2823
2265 1822 2823
2823 1822 2265
434 1705 2604
2604 434 1705
1705 434 2604
531 1459 1535
1459 531 1535
1535 531 1459
1723 277 1383
277 1383 1723
1383 277 1723
2111 169 2663
2663 169 2111
169 2111 2663
1667 134 2051
134 1667 2051
2051 134 1667
977 1044 1086
1044 977 1086
1086 977 1044
812 1315 2843
2843 812 1315
1315 812 2843
2271 841 1461
1461 841 2271
841 1461 2271
2444 834 1257
834 1257 2444
1257 834 2444
2506 10 2837
2837 10 2506
10 2506 2837
2290 425 2276
2276 425 2290
425 2276 2290
813 343 967
967 343 813
343 813 967
2343 1909 2785
1909 2343 2785
2785 1909 2343
2000 353 1935
353 1935 2000
1935 353 2000
198 195 1576
195 198 1576
1576 195 198
2288 946 2623
2623 946 2288
946 2288 2623
417 656 1841
1841 417 656
656 417 1841
1752 1173 1754
1173 1752 1754
1754 1173 1752
2780 631 1971
1971 631 2780
631 1971 2780
1157 391 1149
1149 391 1157
391 1149 1157
2797 1964 2730
1964 2730 2797
2730 1964 2797
2334 72 202
202 72 2334
72 202 2334
2326 1977 2614
2614 1977 2326
1977 2326 2614
1985 29 2589
29 1985 2589
2589 29 1985
38 45 1696
1696 38 45
45 38 1696
19 1945 2683
1945 19 2683
2683 19 1945
2135 32 505
32 505 2135
505 32 2135
983 1115 2954
2954 983 1115
1115 983 2954
2829 643 1739
1739 643 2829
643 1739 2829
1348 2481 2677
2677 1348 2481
2481 1348 2677
2571 659 1611
659 1611 2571
1611 659 2571
332 1345 1714
1714 332 1345
1345 332 1714
2927 1410 2817
1410 2817 2927
2817 1410 2927
181 463 1607
463 181 1607
1607 181 463
2464 2213 2305
2305 2213 2464
2213 2305 2464
24 471 2744
2744 24 471
471 24 2744
2157 836 2425
836 2157 2425
2425 836 2157
1340 7 2353
2353 7 1340
7 1340 2353
1944 462 2348
462 1944 2348
2348 462 1944
995 1724 2417
2417 995 1724
1724 995 2417
2269 957 2593
957 2269 2593
2593 957 2269
1593 562 2275
2275 562 1593
562 1593 2275
2474 1681 2057
1681 2057 2474
2057 1681 2474
2441 1815 2127
1815 2127 2441
2127 1815 2441
1099 1551 2994
2994 1099 1551
1551 1099 2994
1988 1354 1680
1680 1354 1988
1354 1680 1988
