12 74 275
74 12 275
275 12 74
85 24 190
190 24 85
24 85 190
222 138 156
156 138 222
138 156 222
13 195 289
289 13 195
195 13 289
92 67 213
67 92 213
213 67 92
160 101 173
101 160 173
173 101 160
251 161 239
161 239 251
239 161 251
19 179 180
179 19 180
180 19 179
93 40 72
72 40 93
40 72 93
162 65 278
65 162 278
278 65 162
149 44 220
44 149 220
220 44 149
42 39 197
39 42 197
197 39 42
176 102 196
102 176 196
196 102 176
115 200 207
200 115 207
207 115 200
264 217 246
246 217 264
217 246 264
61 249 272
249 61 272
272 61 249
231 4 127
4 127 231
127 4 231
218 230 235
230 218 235
235 218 230
268 43 169
43 169 268
169 43 268
31 216 267
267 31 216
216 31 267
279 234 255
234 255 279
255 234 279
20 59 118
59 20 118
118 20 59
288 10 266
10 266 288
266 10 288
212 46 94
46 94 212
94 46 212
140 17 129
17 129 140
129 17 140
221 22 294
294 22 221
22 221 294
68 76 116
76 68 116
116 68 76
128 57 269
57 128 269
269 57 128
201 151 292
151 201 292
292 151 201
111 77 136
77 111 136
136 77 111
164 135 276
276 135 164
135 164 276
193 25 174
25 174 193
174 25 193
224 34 89
34 89 224
89 34 224
248 56 150
150 56 248
56 150 248
177 26 106
26 106 177
106 26 177
273 52 282
282 52 273
52 273 282
280 51 112
51 112 280
112 51 280
73 66 244
244 66 73
66 73 244
296 240 254
240 254 296
254 240 296
27 141 228
141 27 228
228 27 141
263 6 203
203 6 263
6 203 263
108 7 45
7 45 108
45 7 108
98 32 36
36 32 98
32 36 98
171 16 157
157 16 171
16 157 171
291 9 165
9 165 291
165 9 291
113 86 210
210 86 113
86 113 210
117 29 184
29 117 184
184 29 117
233 14 119
119 14 233
14 119 233
145 23 208
208 23 145
23 145 208
170 250 252
250 170 252
252 170 250
298 71 192
71 192 298
192 71 298
5 143 202
202 5 143
143 5 202
238 49 205
49 205 238
205 49 238
293 38 48
38 48 293
48 38 293
261 82 258
82 258 261
258 82 261
80 109 227
109 80 227
227 80 109
181 229 285
285 181 229
229 181 285
245 107 163
163 107 245
107 163 245
69 30 153
153 30 69
30 69 153
226 188 191
191 188 226
188 191 226
78 63 199
63 78 199
199 63 78
198 125 158
125 158 198
158 125 198
287 21 256
256 21 287
21 256 287
281 194 237
237 194 281
194 237 281
247 97 146
97 146 247
146 97 247
142 64 103
103 64 142
64 103 142
110 37 242
242 37 110
37 110 242
133 126 132
132 126 133
126 132 133
154 47 187
187 47 154
47 154 187
54 214 243
243 54 214
214 54 243
236 225 300
300 225 236
225 236 300
215 152 232
152 215 232
232 152 215
271 79 189
79 189 271
189 79 271
168 35 96
96 35 168
35 96 168
87 104 284
104 87 284
284 87 104
99 91 166
91 99 166
166 91 99
105 75 120
75 105 120
120 75 105
137 33 41
41 33 137
33 41 137
139 83 122
83 122 139
122 83 139
204 124 274
274 124 204
124 204 274
185 206 297
297 185 206
206 185 297
223 186 257
186 223 257
257 186 223
50 155 265
155 50 265
265 50 155
58 259 277
259 58 277
277 58 259
134 84 175
175 84 134
84 134 175
11 15 55
55 11 15
15 11 55
295 8 167
8 167 295
167 8 295
144 53 95
95 53 144
53 95 144
262 121 270
121 262 270
270 121 262
211 70 123
70 123 211
123 70 211
260 18 148
18 148 260
148 18 260
209 1 28
28 1 209
1 28 209
290 130 283
283 130 290
130 283 290
88 3 131
3 88 131
131 3 88
62 147 172
147 62 172
172 62 147
253 178 241
241 178 253
178 241 253
114 159 286
286 114 159
159 114 286
2 183 219
219 2 183
183 2 219
100 60 90
90 60 100
60 90 100
81 182 299
299 81 182
182 81 299
