28742 5962 14092
14092 5962 28742
5962 14092 28742
28738 8170 29592
29592 8170 28738
8170 28738 29592
21455 9260 20876
9260 20876 21455
20876 9260 21455
15183 6398 28816
28816 6398 15183
6398 15183 28816
335 6453 23503
6453 335 23503
23503 335 6453
18278 9269 23989
23989 9269 18278
9269 18278 23989
6295 11448 24293
24293 6295 11448
11448 6295 24293
17323 248 8766
8766 248 17323
248 8766 17323
5628 17919 19829
19829 5628 17919
17919 5628 19829
26918 1974 17137
17137 1974 26918
1974 17137 26918
18100 342 25813
25813 342 18100
342 18100 25813
12326 6031 20235
6031 12326 20235
20235 6031 12326
20963 16465 27058
16465 20963 27058
27058 16465 20963
13418 6539 11129
6539 11129 13418
11129 6539 13418
28988 16596 21578
16596 21578 28988
21578 16596 28988
1622 9064 16735
9064 1622 16735
16735 1622 9064
29496 18352 27507
27507 18352 29496
18352 27507 29496
28537 3768 4967
4967 3768 28537
3768 4967 28537
229 1232 17997
1232 229 17997
17997 229 1232
1907 12205 24996
12205 1907 24996
24996 1907 12205
3134 19966 22407
22407 3134 19966
19966 3134 22407
3531 19291 26796
26796 3531 19291
19291 3531 26796
24265 1519 20308
1519 20308 24265
20308 1519 24265
21225 21821 26047
21821 21225 26047
26047 21225 21821
26232 11106 27725
11106 26232 27725
27725 11106 26232
22607 11143 19743
11143 19743 22607
19743 11143 22607
21832 26166 26264
26166 21832 26264
26264 21832 26166
23068 7188 13734
7188 13734 23068
13734 7188 23068
15955 11284 22454
22454 11284 15955
11284 15955 22454
15858 1894 24365
1894 15858 24365
24365 1894 15858
26664 3567 29623
29623 3567 26664
3567 26664 29623
20572 3625 4933
3625 4933 20572
4933 3625 20572
26144 1900 27956
27956 1900 26144
1900 26144 27956
9270 5152 10083
5152 9270 10083
10083 5152 9270
29789 5432 19296
5432 19296 29789
19296 5432 29789
29572 19720 29554
19720 29554 29572
29554 19720 29572
18403 10445 22604
10445 18403 22604
22604 10445 18403
21375 16861 28259
28259 16861 21375
16861 21375 28259
11198 10789 15925
10789 11198 15925
15925 10789 11198
10914 13604 23666
13604 10914 23666
23666 10914 13604
8237 11320 24831
24831 8237 11320
11320 8237 24831
10425 16905 23600
16905 10425 23600
23600 10425 16905
26094 56 14538
14538 56 26094
56 14538 26094
14522 4807 9035
4807 9035 14522
9035 4807 14522
18445 17635 21344
21344 17635 18445
17635 18445 21344
20323 15868 26799
26799 15868 20323
15868 20323 26799
22788 12857 29899
12857 22788 29899
29899 12857 22788
25178 10547 19027
19027 10547 25178
10547 19027 25178
26160 22413 27585
27585 22413 26160
22413 26160 27585
5682 4943 23177
23177 4943 5682
4943 5682 23177
1905 18153 23341
18153 1905 23341
23341 1905 18153
11671 6630 7458
7458 6630 11671
6630 7458 11671
11791 16993 26428
26428 11791 16993
16993 11791 26428
542 15450 18734
18734 542 15450
15450 542 18734
21815 551 15844
15844 551 21815
551 15844 21815
14375 11212 21627
11212 14375 21627
21627 11212 14375
3920 27300 27583
27583 3920 27300
27300 3920 27583
17910 6101 19903
6101 17910 19903
19903 6101 17910
22814 4025 10751
4025 10751 22814
10751 4025 22814
29388 5045 7575
7575 5045 29388
5045 7575 29388
12696 6092 22763
22763 6092 12696
6092 12696 22763
19172 1630 7621
1630 7621 19172
7621 1630 19172
20826 19728 29010
19728 20826 29010
29010 19728 20826
27528 440 13533
13533 440 27528
440 13533 27528
13762 17561 19098
19098 13762 17561
17561 13762 19098
6387 199 5121
5121 199 6387
199 5121 6387
23267 22382 23744
22382 23267 23744
23744 22382 23267
12910 8742 12305
8742 12305 12910
12305 8742 12910
6228 7880 8969
8969 6228 7880
7880 6228 8969
24861 6982 23522
6982 23522 24861
23522 6982 24861
20326 5778 12113
5778 12113 20326
12113 5778 20326
28809 7837 12042
12042 7837 28809
7837 12042 28809
6821 5749 14839
14839 5749 6821
5749 6821 14839
27941 2482 15269
15269 2482 27941
2482 15269 27941
18412 1698 13325
1698 13325 18412
13325 1698 18412
16553 12125 13905
13905 12125 16553
12125 13905 16553
10986 6199 23356
6199 10986 23356
23356 6199 10986
1666 18433 27552
18433 1666 27552
27552 1666 18433
20936 12409 17739
12409 17739 20936
17739 12409 20936
17628 15287 17511
15287 17511 17628
17511 15287 17628
16246 17012 17867
17012 16246 17867
17867 16246 17012
1964 2919 5003
2919 1964 5003
5003 1964 2919
1717 6013 24204
6013 1717 24204
24204 1717 6013
3092 7099 9583
7099 3092 9583
9583 3092 7099
6555 244 12870
12870 244 6555
244 6555 12870
2527 5349 7530
5349 2527 7530
7530 2527 5349
15595 5288 17865
5288 15595 17865
17865 5288 15595
22085 1611 23523
23523 1611 22085
1611 22085 23523
28842 4666 27950
4666 27950 28842
27950 4666 28842
4515 20919 24404
20919 4515 24404
24404 4515 20919
6817 5860 21164
5860 6817 21164
21164 5860 6817
6402 7468 27160
27160 6402 7468
7468 6402 27160
28464 487 9933
9933 487 28464
487 9933 28464
17747 6845 26783
6845 17747 26783
26783 6845 17747
7285 7894 13916
7894 7285 13916
13916 7285 7894
18168 23518 29082
23518 18168 29082
29082 18168 23518
7055 3378 24970
24970 3378 7055
3378 7055 24970
20350 3194 11112
3194 11112 20350
11112 3194 20350
22953 15140 22892
22892 15140 22953
15140 22892 22953
28780 18905 22916
18905 22916 28780
22916 18905 28780
8314 1741 1902
1902 1741 8314
1741 1902 8314
19096 5670 29444
5670 19096 29444
29444 5670 19096
12132 10341 17175
10341 12132 17175
17175 10341 12132
19775 6537 29002
29002 6537 19775
6537 19775 29002
28313 12234 17686
17686 12234 28313
12234 17686 28313
22642 12698 28216
12698 22642 28216
28216 12698 22642
13052 19070 24162
19070 13052 24162
24162 13052 19070
5504 1130 19654
19654 1130 5504
1130 5504 19654
13708 7743 12189
7743 12189 13708
12189 7743 13708
9868 6406 12512
12512 6406 9868
6406 9868 12512
19042 14203 22989
22989 14203 19042
14203 19042 22989
24928 13932 15922
13932 15922 24928
15922 13932 24928
27297 17958 26381
26381 17958 27297
17958 26381 27297
9175 5159 11077
11077 5159 9175
5159 9175 11077
10776 4840 26715
4840 10776 26715
26715 4840 10776
1379 10433 26812
10433 1379 26812
26812 1379 10433
18864 9873 22063
22063 9873 18864
9873 18864 22063
22226 6785 15657
6785 15657 22226
15657 6785 22226
9108 11336 12463
12463 9108 11336
11336 9108 12463
4717 5498 21814
21814 4717 5498
5498 4717 21814
13606 172 10415
172 10415 13606
10415 172 13606
14280 16079 29021
29021 14280 16079
16079 14280 29021
13441 2681 12658
12658 2681 13441
2681 12658 13441
27637 9073 20079
9073 20079 27637
20079 9073 27637
25313 11987 14900
11987 14900 25313
14900 11987 25313
3695 2338 25812
25812 2338 3695
2338 3695 25812
23302 8708 14131
8708 14131 23302
14131 8708 23302
28342 22560 29731
29731 22560 28342
22560 28342 29731
722 8714 28947
8714 722 28947
28947 722 8714
597 18406 19623
18406 597 19623
19623 597 18406
19274 24760 29114
24760 19274 29114
29114 19274 24760
11362 87 29807
87 11362 29807
29807 87 11362
20764 13423 20660
13423 20660 20764
20660 13423 20764
5112 7144 16893
7144 5112 16893
16893 5112 7144
28576 18233 20201
20201 18233 28576
18233 20201 28576
26306 14793 18155
18155 14793 26306
14793 18155 26306
28431 3198 13294
3198 13294 28431
13294 3198 28431
17404 9370 22322
22322 9370 17404
9370 17404 22322
13831 20540 21759
21759 13831 20540
20540 13831 21759
21898 14074 16333
14074 16333 21898
16333 14074 21898
5889 10979 29404
10979 5889 29404
29404 5889 10979
13969 4736 6529
4736 6529 13969
6529 4736 13969
17553 5473 8711
5473 8711 17553
8711 5473 17553
25283 2605 15063
2605 15063 25283
15063 2605 25283
22285 12581 27486
27486 12581 22285
12581 22285 27486
29761 18776 28101
28101 18776 29761
18776 28101 29761
15248 12989 24978
12989 15248 24978
24978 12989 15248
3324 6463 10654
10654 3324 6463
6463 3324 10654
14714 16637 25019
25019 14714 16637
16637 14714 25019
27183 1403 5637
1403 5637 27183
5637 1403 27183
27388 16322 25607
16322 25607 27388
25607 16322 27388
21682 7900 21184
21184 7900 21682
7900 21184 21682
2509 12237 28504
28504 2509 12237
12237 2509 28504
24381 24773 27786
27786 24381 24773
24773 24381 27786
18344 1467 21965
21965 1467 18344
1467 18344 21965
413 6889 21727
6889 413 21727
21727 413 6889
24376 10598 27435
10598 24376 27435
27435 10598 24376
15294 21994 24098
21994 15294 24098
24098 15294 21994
29027 9964 27840
9964 27840 29027
27840 9964 29027
10460 26043 27149
26043 10460 27149
27149 10460 26043
24334 978 13790
13790 978 24334
978 13790 24334
3253 10545 12959
10545 3253 12959
12959 3253 10545
26749 8926 19978
8926 19978 26749
19978 8926 26749
3167 17967 21327
17967 3167 21327
21327 3167 17967
26644 2586 26516
26516 2586 26644
2586 26516 26644
26008 962 20957
962 20957 26008
20957 962 26008
20137 11109 20247
20247 11109 20137
11109 20137 20247
13253 11962 20325
20325 11962 13253
11962 13253 20325
12446 24867 26900
26900 12446 24867
24867 12446 26900
15578 13073 15665
13073 15578 15665
15665 13073 15578
6764 17598 26238
26238 6764 17598
17598 6764 26238
22799 3560 5606
3560 5606 22799
5606 3560 22799
3007 13080 14049
14049 3007 13080
13080 3007 14049
21347 7155 27186
27186 7155 21347
7155 21347 27186
3753 21058 26811
21058 3753 26811
26811 3753 21058
5940 19285 20724
20724 5940 19285
19285 5940 20724
23633 4465 22383
4465 22383 23633
22383 4465 23633
2249 15668 25534
25534 2249 15668
15668 2249 25534
8354 2185 26645
2185 8354 26645
26645 2185 8354
10955 16768 26084
16768 10955 26084
26084 10955 16768
8681 1034 10430
1034 8681 10430
10430 1034 8681
20488 28638 28808
28638 20488 28808
28808 20488 28638
6012 10581 27691
10581 6012 27691
27691 6012 10581
8477 12670 12672
12672 8477 12670
12670 8477 12672
27259 6618 7721
7721 6618 27259
6618 7721 27259
12112 15557 18290
15557 12112 18290
18290 12112 15557
28080 707 28277
28277 707 28080
707 28080 28277
26693 2699 17727
17727 2699 26693
2699 17727 26693
9666 25020 27836
27836 9666 25020
25020 9666 27836
4581 10284 17474
17474 4581 10284
10284 4581 17474
6224 4077 21873
21873 4077 6224
4077 6224 21873
12975 20741 24632
24632 12975 20741
20741 12975 24632
15681 2663 19603
19603 2663 15681
2663 15681 19603
14948 19336 25491
19336 14948 25491
25491 14948 19336
10051 1278 14570
14570 1278 10051
1278 10051 14570
9112 4606 22224
22224 4606 9112
4606 9112 22224
29343 17795 21574
17795 21574 29343
21574 17795 29343
24412 10028 19083
10028 19083 24412
19083 10028 24412
28482 5591 21251
21251 5591 28482
5591 21251 28482
15292 9072 24073
24073 9072 15292
9072 15292 24073
4326 7631 13540
7631 4326 13540
13540 4326 7631
18649 8544 14624
14624 8544 18649
8544 14624 18649
36 11273 19053
19053 36 11273
11273 36 19053
26256 27642 27798
27642 26256 27798
27798 26256 27642
4026 16818 29961
16818 4026 29961
29961 4026 16818
16392 17235 19608
19608 16392 17235
17235 16392 19608
23967 15900 24635
24635 15900 23967
15900 23967 24635
3691 12137 20285
20285 3691 12137
12137 3691 20285
2532 8459 20841
8459 2532 20841
20841 2532 8459
9069 4194 9043
9043 4194 9069
4194 9043 9069
27188 4224 14159
4224 14159 27188
14159 4224 27188
17054 6876 8740
8740 6876 17054
6876 8740 17054
15362 4360 18145
18145 4360 15362
4360 15362 18145
29712 5573 22841
22841 5573 29712
5573 22841 29712
24581 10053 14019
14019 10053 24581
10053 14019 24581
9255 2142 24036
2142 9255 24036
24036 2142 9255
22432 2056 19431
19431 2056 22432
2056 19431 22432
23670 5711 28786
5711 23670 28786
28786 5711 23670
28425 10029 16123
10029 16123 28425
16123 10029 28425
2286 15697 19151
15697 2286 19151
19151 2286 15697
21250 9328 12966
12966 9328 21250
9328 12966 21250
27208 11617 21816
11617 21816 27208
21816 11617 27208
11073 14639 24327
24327 11073 14639
14639 11073 24327
13429 4079 23718
4079 13429 23718
23718 4079 13429
28128 1382 27423
1382 27423 28128
27423 1382 28128
29679 8717 14406
8717 14406 29679
14406 8717 29679
29778 12228 14290
14290 12228 29778
12228 14290 29778
22572 11013 25179
25179 11013 22572
11013 22572 25179
14195 15856 19533
15856 14195 19533
19533 14195 15856
13926 2869 3537
3537 2869 13926
2869 3537 13926
15233 22010 29561
22010 15233 29561
29561 15233 22010
27778 20479 26025
26025 20479 27778
20479 26025 27778
13068 18958 26619
26619 13068 18958
18958 13068 26619
14550 5544 22855
22855 5544 14550
5544 14550 22855
26260 5022 7352
5022 7352 26260
7352 5022 26260
2822 904 1614
1614 904 2822
904 1614 2822
29795 14806 28961
28961 14806 29795
14806 28961 29795
5828 1220 16904
16904 1220 5828
1220 5828 16904
11264 11935 21066
11935 11264 21066
21066 11264 11935
12764 3786 7254
3786 7254 12764
7254 3786 12764
10771 3656 14622
3656 10771 14622
14622 3656 10771
13801 17629 22370
22370 13801 17629
17629 13801 22370
7006 25 28813
28813 25 7006
25 7006 28813
3365 16350 17995
17995 3365 16350
16350 3365 17995
28417 373 12616
12616 373 28417
373 12616 28417
16896 23313 23852
23852 16896 23313
23313 16896 23852
13228 3631 4087
4087 3631 13228
3631 4087 13228
28575 2266 13766
13766 2266 28575
2266 13766 28575
12746 7406 13693
7406 12746 13693
13693 7406 12746
771 3809 28531
28531 771 3809
3809 771 28531
7709 1656 23416
1656 7709 23416
23416 1656 7709
28833 26320 28508
28508 26320 28833
26320 28508 28833
24178 1076 17438
17438 1076 24178
1076 17438 24178
5408 448 7158
448 5408 7158
7158 448 5408
3064 24737 28715
28715 3064 24737
24737 3064 28715
20682 8769 16136
8769 16136 20682
16136 8769 20682
14851 822 19013
822 14851 19013
19013 822 14851
21686 5035 13435
13435 5035 21686
5035 13435 21686
3043 3629 15029
15029 3043 3629
3629 3043 15029
8399 13732 28971
28971 8399 13732
13732 8399 28971
7067 14613 29965
29965 7067 14613
14613 7067 29965
15591 15737 24284
24284 15591 15737
15737 15591 24284
8174 9846 29344
29344 8174 9846
9846 8174 29344
19345 3420 5739
5739 3420 19345
3420 5739 19345
26308 19169 23220
23220 19169 26308
19169 23220 26308
8059 6893 18702
18702 6893 8059
6893 8059 18702
25990 662 14575
14575 662 25990
662 14575 25990
17303 17461 28684
17461 17303 28684
28684 17303 17461
25493 4819 14264
14264 4819 25493
4819 14264 25493
348 3595 4510
4510 348 3595
3595 348 4510
8657 5872 18855
5872 8657 18855
18855 5872 8657
21513 5564 12440
12440 5564 21513
5564 12440 21513
13035 5763 23984
23984 5763 13035
5763 13035 23984
28619 2178 20910
2178 20910 28619
20910 2178 28619
15354 4201 11630
4201 11630 15354
11630 4201 15354
3195 1326 27134
1326 3195 27134
27134 1326 3195
8874 19956 23621
19956 8874 23621
23621 8874 19956
375 15158 29576
15158 375 29576
29576 375 15158
26503 19690 27635
19690 26503 27635
27635 19690 26503
14955 11155 19529
11155 14955 19529
19529 11155 14955
11753 9368 25176
9368 11753 25176
25176 9368 11753
28124 4358 19918
19918 4358 28124
4358 19918 28124
18211 4902 19062
19062 4902 18211
4902 18211 19062
5443 9019 12090
12090 5443 9019
9019 5443 12090
7191 10403 19869
19869 7191 10403
10403 7191 19869
18272 4887 28106
4887 18272 28106
28106 4887 18272
24510 11266 22282
11266 22282 24510
22282 11266 24510
10665 7036 11428
11428 7036 10665
7036 10665 11428
20303 19546 19880
19546 19880 20303
19880 19546 20303
15403 10054 29185
10054 15403 29185
29185 10054 15403
10108 15127 19538
19538 10108 15127
15127 10108 19538
22863 6327 22336
6327 22336 22863
22336 6327 22863
8355 16192 26914
26914 8355 16192
16192 8355 26914
10312 10288 28031
28031 10288 10312
10288 10312 28031
6723 281 11439
281 6723 11439
11439 281 6723
8958 20346 27883
20346 8958 27883
27883 8958 20346
14155 7909 11285
7909 11285 14155
11285 7909 14155
4782 198 17094
17094 198 4782
198 4782 17094
16078 12970 26779
26779 12970 16078
12970 16078 26779
26911 7407 21192
21192 7407 26911
7407 21192 26911
1293 18 16176
16176 18 1293
18 1293 16176
3467 10740 13581
10740 3467 13581
13581 3467 10740
20442 9899 12235
9899 12235 20442
12235 9899 20442
26860 13914 23839
23839 13914 26860
13914 23839 26860
4826 17821 26529
17821 4826 26529
26529 4826 17821
9014 13200 15935
15935 9014 13200
13200 9014 15935
7670 7775 14307
7775 7670 14307
14307 7670 7775
28763 19969 28800
28800 19969 28763
19969 28763 28800
26134 11843 20284
11843 20284 26134
20284 11843 26134
10816 4031 23092
23092 4031 10816
4031 10816 23092
16625 25174 27992
25174 16625 27992
27992 16625 25174
1786 21860 22843
22843 1786 21860
21860 1786 22843
9856 20166 24059
20166 9856 24059
24059 9856 20166
11451 9790 21855
9790 11451 21855
21855 9790 11451
29902 1564 25138
25138 1564 29902
1564 25138 29902
18280 1480 22622
1480 18280 22622
22622 1480 18280
5419 19543 22284
22284 5419 19543
19543 5419 22284
24864 13713 25962
13713 24864 25962
25962 13713 24864
17201 5229 11275
5229 11275 17201
11275 5229 17201
15196 20812 20995
20812 15196 20995
20995 15196 20812
518 29466 29476
29476 518 29466
29466 518 29476
10804 5251 13883
13883 5251 10804
5251 10804 13883
19293 11812 12577
12577 11812 19293
11812 12577 19293
25873 27213 28260
28260 25873 27213
27213 25873 28260
22160 6605 25979
6605 22160 25979
25979 6605 22160
26960 5478 14128
5478 14128 26960
14128 5478 26960
4310 12407 12636
12407 4310 12636
12636 4310 12407
9613 10400 15258
15258 9613 10400
10400 9613 15258
8885 4604 29962
29962 4604 8885
4604 8885 29962
20128 13137 13805
13137 13805 20128
13805 13137 20128
19955 4671 17983
4671 17983 19955
17983 4671 19955
11926 24271 29232
29232 11926 24271
24271 11926 29232
3078 7638 25762
25762 3078 7638
7638 3078 25762
25029 1586 24437
24437 1586 25029
1586 24437 25029
21403 4021 12971
4021 12971 21403
12971 4021 21403
28574 4790 17335
4790 17335 28574
17335 4790 28574
26909 86 1937
1937 86 26909
86 1937 26909
2735 7302 27260
7302 2735 27260
27260 2735 7302
3885 5034 24687
5034 3885 24687
24687 3885 5034
1761 6110 21618
6110 1761 21618
21618 1761 6110
3455 7402 27295
27295 3455 7402
7402 3455 27295
26496 16352 22999
16352 22999 26496
22999 16352 26496
17581 497 8541
497 8541 17581
8541 497 17581
17006 11170 24033
11170 17006 24033
24033 11170 17006
3517 11184 18002
18002 3517 11184
11184 3517 18002
6045 19405 27684
27684 6045 19405
19405 6045 27684
2399 15262 27830
27830 2399 15262
15262 2399 27830
16206 13809 18017
13809 16206 18017
18017 13809 16206
7240 6344 22411
22411 6344 7240
6344 7240 22411
20480 22317 25639
22317 20480 25639
25639 20480 22317
22730 14893 26979
26979 14893 22730
14893 22730 26979
27279 7395 14638
14638 7395 27279
7395 14638 27279
12179 391 26475
391 12179 26475
26475 391 12179
6974 9196 26000
9196 6974 26000
26000 6974 9196
21977 24133 25318
25318 21977 24133
24133 21977 25318
17237 10541 18336
10541 17237 18336
18336 10541 17237
7595 10668 10737
10668 7595 10737
10737 7595 10668
4137 1918 2557
1918 2557 4137
2557 1918 4137
250 15812 29617
29617 250 15812
15812 250 29617
10441 3024 27490
3024 10441 27490
27490 3024 10441
8004 16973 22248
22248 8004 16973
16973 8004 22248
20228 16048 18499
16048 18499 20228
18499 16048 20228
27921 8139 28541
8139 27921 28541
28541 8139 27921
22785 2640 13323
13323 2640 22785
2640 13323 22785
1303 1454 21573
1454 1303 21573
21573 1303 1454
29299 15836 18190
18190 15836 29299
15836 18190 29299
3663 11272 20364
11272 3663 20364
20364 3663 11272
10140 13541 28370
13541 10140 28370
28370 10140 13541
6527 18245 21859
21859 6527 18245
18245 6527 21859
2940 2366 4906
4906 2366 2940
2366 2940 4906
1836 9669 10062
10062 1836 9669
9669 1836 10062
5265 22789 28564
28564 5265 22789
22789 5265 28564
21146 11560 11599
11599 11560 21146
11560 11599 21146
16925 11046 28328
28328 11046 16925
11046 16925 28328
26332 23465 29113
29113 23465 26332
23465 26332 29113
13170 2863 18258
18258 2863 13170
2863 13170 18258
25797 6595 22052
6595 22052 25797
22052 6595 25797
1413 4936 10707
10707 1413 4936
4936 1413 10707
8409 4471 17342
17342 4471 8409
4471 8409 17342
19515 1524 2138
1524 2138 19515
2138 1524 19515
3811 5703 19671
19671 3811 5703
5703 3811 19671
25153 11494 17806
17806 11494 25153
11494 17806 25153
16240 19709 21415
21415 16240 19709
19709 16240 21415
9713 8342 27924
8342 9713 27924
27924 8342 9713
22771 18938 27649
27649 18938 22771
18938 22771 27649
10214 6134 13105
6134 10214 13105
13105 6134 10214
4384 4728 19781
19781 4384 4728
4728 4384 19781
26908 5738 8039
5738 8039 26908
8039 5738 26908
8767 10745 27815
27815 8767 10745
10745 8767 27815
23113 1024 23119
1024 23113 23119
23119 1024 23113
19054 994 7948
7948 994 19054
994 7948 19054
29311 16577 17724
17724 16577 29311
16577 17724 29311
25133 13459 13473
13459 13473 25133
13473 13459 25133
8702 1388 12705
12705 1388 8702
1388 8702 12705
9817 14048 16739
14048 9817 16739
16739 9817 14048
10855 5453 23514
5453 10855 23514
23514 5453 10855
2282 23050 23822
23822 2282 23050
23050 2282 23822
26009 13548 27256
13548 26009 27256
27256 13548 26009
11038 17745 21531
17745 11038 21531
21531 11038 17745
21195 6093 9758
9758 6093 21195
6093 9758 21195
11408 2447 19469
2447 11408 19469
19469 2447 11408
7222 12789 23918
12789 7222 23918
23918 7222 12789
23660 4872 29700
4872 23660 29700
29700 4872 23660
1266 3892 25641
25641 1266 3892
3892 1266 25641
15698 8530 23835
8530 15698 23835
23835 8530 15698
19998 8659 24455
24455 8659 19998
8659 19998 24455
26980 18701 24431
18701 24431 26980
24431 18701 26980
26772 6449 13667
13667 6449 26772
6449 13667 26772
12864 752 3996
752 3996 12864
3996 752 12864
10662 1555 4277
4277 1555 10662
1555 4277 10662
15909 4089 7879
4089 7879 15909
7879 4089 15909
9995 6677 14026
6677 9995 14026
14026 6677 9995
24217 8468 20045
20045 8468 24217
8468 20045 24217
12220 13774 14852
14852 12220 13774
13774 12220 14852
8602 20344 26563
20344 8602 26563
26563 8602 20344
19447 529 22919
22919 529 19447
529 19447 22919
17447 4183 16066
16066 4183 17447
4183 16066 17447
25128 11403 22754
22754 11403 25128
11403 22754 25128
27630 7850 12292
12292 7850 27630
7850 12292 27630
18407 4122 15788
4122 15788 18407
15788 4122 18407
2047 10122 21472
10122 2047 21472
21472 2047 10122
3354 952 28837
28837 952 3354
952 3354 28837
19127 26126 27808
26126 19127 27808
27808 19127 26126
20370 12380 28735
12380 20370 28735
28735 12380 20370
2340 18998 28373
28373 2340 18998
18998 2340 28373
10528 18419 28612
18419 10528 28612
28612 10528 18419
29733 16415 16622
16415 16622 29733
16622 16415 29733
10472 6115 20371
20371 6115 10472
6115 10472 20371
1000 25954 28903
25954 1000 28903
28903 1000 25954
13047 18043 28615
18043 13047 28615
28615 13047 18043
25682 15641 21607
15641 21607 25682
21607 15641 25682
21662 21721 27203
21721 21662 27203
27203 21662 21721
18158 13536 26610
26610 13536 18158
13536 18158 26610
19254 4187 16105
16105 4187 19254
4187 16105 19254
22155 14439 20203
14439 20203 22155
20203 14439 22155
14187 9838 29788
29788 9838 14187
9838 14187 29788
9272 22304 23817
23817 9272 22304
22304 9272 23817
23266 10334 16816
16816 10334 23266
10334 16816 23266
20150 3508 18560
3508 18560 20150
18560 3508 20150
12036 22447 26411
22447 12036 26411
26411 12036 22447
11665 1127 21465
1127 11665 21465
21465 1127 11665
5720 4404 18199
4404 5720 18199
18199 4404 5720
17843 12997 25135
12997 17843 25135
25135 12997 17843
3141 11920 29067
11920 3141 29067
29067 3141 11920
10815 3107 25286
3107 10815 25286
25286 3107 10815
20903 6234 8093
8093 6234 20903
6234 8093 20903
16799 10629 16140
16140 10629 16799
10629 16140 16799
12839 10556 29227
29227 10556 12839
10556 12839 29227
16868 12160 16247
16247 12160 16868
12160 16247 16868
18231 5610 22426
5610 18231 22426
22426 5610 18231
12679 11822 27825
27825 11822 12679
11822 12679 27825
27327 2140 22305
22305 2140 27327
2140 22305 27327
8840 18208 24353
18208 8840 24353
24353 8840 18208
28581 17096 23270
23270 17096 28581
17096 23270 28581
27983 7087 20669
7087 20669 27983
20669 7087 27983
5170 9331 24194
9331 5170 24194
24194 5170 9331
13229 1012 5502
1012 5502 13229
5502 1012 13229
7679 4346 29556
29556 4346 7679
4346 7679 29556
16936 9730 20525
20525 9730 16936
9730 16936 20525
25458 675 17612
17612 675 25458
675 17612 25458
5430 8032 26653
8032 5430 26653
26653 5430 8032
555 346 15152
15152 346 555
346 555 15152
394 10495 26158
26158 394 10495
10495 394 26158
27311 1397 7194
7194 1397 27311
1397 7194 27311
13772 6837 24199
6837 13772 24199
24199 6837 13772
14084 13927 15817
13927 14084 15817
15817 13927 14084
6373 5631 17941
5631 6373 17941
17941 5631 6373
28656 5806 24607
5806 24607 28656
24607 5806 28656
15981 13234 27946
13234 15981 27946
27946 13234 15981
29012 17734 27559
27559 17734 29012
17734 27559 29012
23287 6007 29603
29603 6007 23287
6007 23287 29603
15175 24416 25315
25315 15175 24416
24416 15175 25315
21229 1344 10637
10637 1344 21229
1344 10637 21229
16692 2879 14185
14185 2879 16692
2879 14185 16692
29384 5732 29530
29530 5732 29384
5732 29384 29530
17683 19243 28274
28274 17683 19243
19243 17683 28274
2081 4664 24774
4664 2081 24774
24774 2081 4664
15904 2597 20693
2597 15904 20693
20693 2597 15904
27965 17092 26226
17092 26226 27965
26226 17092 27965
13375 7386 11279
11279 7386 13375
7386 11279 13375
2311 1121 20723
20723 1121 2311
1121 2311 20723
11685 3875 19181
3875 11685 19181
19181 3875 11685
13250 9425 26055
9425 13250 26055
26055 9425 13250
15443 260 20417
260 15443 20417
20417 260 15443
27133 1897 12985
1897 12985 27133
12985 1897 27133
25803 12250 15822
15822 12250 25803
12250 15822 25803
12902 14678 18314
14678 12902 18314
18314 12902 14678
4281 5931 10396
10396 4281 5931
5931 4281 10396
18777 4216 6180
4216 6180 18777
6180 4216 18777
26185 8638 22106
22106 8638 26185
8638 22106 26185
7199 18907 23256
18907 7199 23256
23256 7199 18907
22474 14243 24969
24969 14243 22474
14243 22474 24969
21684 9636 27615
27615 9636 21684
9636 21684 27615
8175 23977 25049
23977 8175 25049
25049 8175 23977
14800 873 1525
873 1525 14800
1525 873 14800
22603 10104 23716
23716 10104 22603
10104 22603 23716
14985 7497 22112
22112 7497 14985
7497 14985 22112
18567 11039 13167
11039 13167 18567
13167 11039 18567
7136 2784 21751
2784 7136 21751
21751 2784 7136
1909 14377 14627
14627 1909 14377
14377 1909 14627
15023 15180 16183
15180 15023 16183
16183 15023 15180
1218 8722 28486
28486 1218 8722
8722 1218 28486
15528 16021 28412
16021 15528 28412
28412 15528 16021
2119 12458 18923
12458 2119 18923
18923 2119 12458
2189 6612 19553
19553 2189 6612
6612 2189 19553
6043 15863 21433
21433 6043 15863
15863 6043 21433
14632 18685 25062
18685 14632 25062
25062 14632 18685
28388 23374 29268
29268 23374 28388
23374 28388 29268
17570 6032 12903
6032 12903 17570
12903 6032 17570
24705 6422 20651
6422 20651 24705
20651 6422 24705
2385 6054 28613
28613 2385 6054
6054 2385 28613
467 6543 24617
6543 467 24617
24617 467 6543
23388 7019 22403
7019 22403 23388
22403 7019 23388
8442 16900 28187
28187 8442 16900
16900 8442 28187
8095 7174 17674
17674 7174 8095
7174 8095 17674
12325 10307 26307
10307 12325 26307
26307 10307 12325
21538 18828 27944
18828 21538 27944
27944 18828 21538
20123 8169 25465
8169 20123 25465
25465 8169 20123
21490 10520 12053
12053 10520 21490
10520 12053 21490
25006 1416 29759
1416 25006 29759
29759 1416 25006
29035 9530 26251
26251 9530 29035
9530 26251 29035
10753 13271 22473
13271 10753 22473
22473 10753 13271
13777 3015 27906
3015 13777 27906
27906 3015 13777
28633 13412 14165
13412 14165 28633
14165 13412 28633
14142 16278 20743
20743 14142 16278
16278 14142 20743
5849 11517 11886
11517 5849 11886
11886 5849 11517
18458 3798 27931
27931 3798 18458
3798 18458 27931
3193 9751 14254
9751 3193 14254
14254 3193 9751
2135 12969 24637
12969 2135 24637
24637 2135 12969
28351 1468 4376
4376 1468 28351
1468 4376 28351
14414 4365 28167
4365 14414 28167
28167 4365 14414
23147 22640 22873
22640 22873 23147
22873 22640 23147
21818 26865 29780
26865 21818 29780
29780 21818 26865
27401 12515 16315
16315 12515 27401
12515 16315 27401
11241 4945 20988
20988 4945 11241
4945 11241 20988
16047 15056 23459
15056 16047 23459
23459 15056 16047
19666 64 17375
17375 64 19666
64 17375 19666
27372 5793 12331
12331 5793 27372
5793 12331 27372
23595 167 21237
167 21237 23595
21237 167 23595
22523 9184 23974
23974 9184 22523
9184 22523 23974
22964 13043 21240
21240 13043 22964
13043 21240 22964
15267 6989 25180
25180 6989 15267
6989 15267 25180
6070 9319 28693
28693 6070 9319
9319 6070 28693
25756 5456 17106
5456 17106 25756
17106 5456 25756
29490 5180 17670
17670 5180 29490
5180 17670 29490
27841 6011 22256
6011 22256 27841
22256 6011 27841
18566 13285 16633
16633 13285 18566
13285 16633 18566
18997 12550 29634
29634 12550 18997
12550 18997 29634
15732 24886 29451
29451 15732 24886
24886 15732 29451
484 16354 24325
24325 484 16354
16354 484 24325
20585 15602 17492
15602 17492 20585
17492 15602 20585
21784 8924 23106
8924 21784 23106
23106 8924 21784
15013 14454 21231
14454 15013 21231
21231 14454 15013
26360 11827 27674
27674 11827 26360
11827 26360 27674
27571 3350 17133
3350 17133 27571
17133 3350 27571
9557 8161 13902
13902 8161 9557
8161 9557 13902
6128 19377 21685
21685 6128 19377
19377 6128 21685
1855 3702 12372
12372 1855 3702
3702 1855 12372
5957 14959 16646
14959 5957 16646
16646 5957 14959
18096 2668 14568
14568 2668 18096
2668 14568 18096
23525 15367 22211
15367 22211 23525
22211 15367 23525
27019 14340 26870
26870 14340 27019
14340 26870 27019
26285 794 8302
794 8302 26285
8302 794 26285
20602 6823 23548
6823 20602 23548
23548 6823 20602
5715 16724 21865
16724 5715 21865
21865 5715 16724
29848 7654 11067
11067 7654 29848
7654 11067 29848
27442 5390 20379
5390 20379 27442
20379 5390 27442
6099 16489 19466
19466 6099 16489
16489 6099 19466
10709 12135 15923
15923 10709 12135
12135 10709 15923
1990 21357 24051
24051 1990 21357
21357 1990 24051
24853 8463 29375
29375 8463 24853
8463 24853 29375
16927 2907 27380
2907 16927 27380
27380 2907 16927
1672 20039 24004
20039 1672 24004
24004 1672 20039
12379 25260 28524
28524 12379 25260
25260 12379 28524
18305 18901 26045
26045 18305 18901
18901 18305 26045
28160 9991 11002
9991 11002 28160
11002 9991 28160
29040 9009 20162
9009 20162 29040
20162 9009 29040
10290 12980 17946
17946 10290 12980
12980 10290 17946
22781 3077 18010
18010 3077 22781
3077 18010 22781
29900 959 29825
29825 959 29900
959 29825 29900
2770 302 25428
302 2770 25428
25428 302 2770
20241 13855 16499
16499 13855 20241
13855 16499 20241
6443 12888 25778
12888 6443 25778
25778 6443 12888
23126 17770 18703
18703 17770 23126
17770 18703 23126
27699 17172 28982
17172 27699 28982
28982 17172 27699
13822 6148 21052
6148 13822 21052
21052 6148 13822
25113 3322 10370
10370 3322 25113
3322 10370 25113
15582 4199 21018
4199 15582 21018
21018 4199 15582
27780 14572 27376
27376 14572 27780
14572 27376 27780
29536 22752 27918
27918 22752 29536
22752 27918 29536
9843 7115 20125
20125 7115 9843
7115 9843 20125
144 18524 19091
19091 144 18524
18524 144 19091
17358 8980 16781
8980 16781 17358
16781 8980 17358
29713 17814 24083
17814 24083 29713
24083 17814 29713
15505 10287 19945
10287 15505 19945
19945 10287 15505
5438 11582 16727
16727 5438 11582
11582 5438 16727
5977 22558 24235
22558 5977 24235
24235 5977 22558
7940 1239 22967
1239 7940 22967
22967 1239 7940
26053 17421 20618
17421 20618 26053
20618 17421 26053
23709 1087 8347
8347 1087 23709
1087 8347 23709
7471 14207 18089
18089 7471 14207
14207 7471 18089
12738 15851 26933
15851 12738 26933
26933 12738 15851
15798 10599 25583
25583 10599 15798
10599 15798 25583
19663 10947 24084
10947 19663 24084
24084 10947 19663
19365 11367 12995
11367 12995 19365
12995 11367 19365
6334 9716 20291
20291 6334 9716
9716 6334 20291
11957 8339 26282
8339 11957 26282
26282 8339 11957
21996 9220 18372
9220 18372 21996
18372 9220 21996
15927 9791 26219
26219 9791 15927
9791 15927 26219
5834 4108 18748
4108 5834 18748
18748 4108 5834
23042 14237 29964
14237 23042 29964
29964 14237 23042
2898 16589 24986
24986 2898 16589
16589 2898 24986
11982 4639 17743
17743 4639 11982
4639 11982 17743
11958 14551 22496
22496 11958 14551
14551 11958 22496
14843 17203 27340
27340 14843 17203
17203 14843 27340
5572 15049 27434
27434 5572 15049
15049 5572 27434
10434 105 25051
25051 105 10434
105 10434 25051
9362 3357 20614
20614 3357 9362
3357 9362 20614
15332 12938 20451
12938 15332 20451
20451 12938 15332
25937 9470 24677
9470 24677 25937
24677 9470 25937
8906 22250 29746
22250 8906 29746
29746 8906 22250
3027 1387 9875
1387 3027 9875
9875 1387 3027
5130 3502 11319
11319 3502 5130
3502 5130 11319
26789 16842 22703
16842 22703 26789
22703 16842 26789
5566 20165 29145
29145 5566 20165
20165 5566 29145
25985 4745 5601
5601 4745 25985
4745 5601 25985
3269 4724 8007
4724 3269 8007
8007 3269 4724
11684 16202 17949
16202 11684 17949
17949 11684 16202
7859 15604 23288
15604 7859 23288
23288 7859 15604
20428 12535 19942
12535 19942 20428
19942 12535 20428
25567 6718 14419
14419 6718 25567
6718 14419 25567
160 11655 14250
14250 160 11655
11655 160 14250
27467 3860 14177
14177 3860 27467
3860 14177 27467
6427 13368 16469
13368 6427 16469
16469 6427 13368
9254 27596 29625
29625 9254 27596
27596 9254 29625
1477 8281 24148
24148 1477 8281
8281 1477 24148
5729 3682 5603
3682 5603 5729
5603 3682 5729
20213 15047 18439
18439 15047 20213
15047 18439 20213
25939 3470 6905
6905 3470 25939
3470 6905 25939
11016 2417 21673
21673 2417 11016
2417 11016 21673
3802 386 12018
386 3802 12018
12018 386 3802
12207 2634 10785
2634 10785 12207
10785 2634 12207
19490 21663 28750
28750 19490 21663
21663 19490 28750
20112 5961 9546
9546 5961 20112
5961 9546 20112
20690 16974 29978
29978 16974 20690
16974 20690 29978
25234 2741 22823
22823 2741 25234
2741 22823 25234
10508 18410 21561
18410 10508 21561
21561 10508 18410
23375 3930 28609
28609 3930 23375
3930 23375 28609
3046 16401 25112
25112 3046 16401
16401 3046 25112
28892 6433 22770
6433 22770 28892
22770 6433 28892
13048 2321 17177
2321 13048 17177
17177 2321 13048
16073 3530 19397
19397 3530 16073
3530 16073 19397
21390 20158 27832
20158 21390 27832
27832 20158 21390
12615 12674 24958
12674 12615 24958
24958 12615 12674
16058 5374 7454
7454 5374 16058
5374 7454 16058
14931 14547 16321
14547 14931 16321
16321 14547 14931
6074 27919 29179
27919 6074 29179
29179 6074 27919
29357 15024 23047
23047 15024 29357
15024 23047 29357
24169 7507 16166
16166 7507 24169
7507 16166 24169
2410 6584 14449
6584 2410 14449
14449 2410 6584
4067 12960 13419
13419 4067 12960
12960 4067 13419
8571 2750 29492
29492 2750 8571
2750 8571 29492
2369 1685 16792
1685 2369 16792
16792 1685 2369
22742 17667 23438
17667 22742 23438
23438 17667 22742
15365 5030 9828
5030 9828 15365
9828 5030 15365
29391 10160 19642
19642 10160 29391
10160 19642 29391
4508 11916 28510
11916 4508 28510
28510 4508 11916
23607 21550 25631
21550 23607 25631
25631 21550 23607
21774 893 4973
4973 893 21774
893 4973 21774
7008 24917 29671
24917 7008 29671
29671 7008 24917
14646 9966 24096
24096 9966 14646
9966 14646 24096
29209 7262 10448
7262 10448 29209
10448 7262 29209
9745 13602 24303
24303 9745 13602
13602 9745 24303
10343 3186 23674
3186 10343 23674
23674 3186 10343
11661 15454 22110
22110 11661 15454
15454 11661 22110
19733 15650 21789
15650 19733 21789
21789 15650 19733
25089 13208 21847
21847 13208 25089
13208 21847 25089
990 5311 5923
5311 990 5923
5923 990 5311
3174 9867 14076
9867 3174 14076
14076 3174 9867
22170 13267 22576
22576 13267 22170
13267 22170 22576
4707 8427 19799
19799 4707 8427
8427 4707 19799
24462 10314 29401
29401 10314 24462
10314 24462 29401
19847 17454 27961
27961 17454 19847
17454 19847 27961
1271 4524 16505
16505 1271 4524
4524 1271 16505
1606 14412 18554
14412 1606 18554
18554 1606 14412
9347 734 4517
4517 734 9347
734 4517 9347
1410 18876 27770
18876 1410 27770
27770 1410 18876
25007 24131 29915
24131 25007 29915
29915 24131 25007
7060 15052 22462
15052 7060 22462
22462 7060 15052
4322 12527 16823
16823 4322 12527
12527 4322 16823
14066 5593 16875
16875 5593 14066
5593 14066 16875
25399 6621 13062
6621 13062 25399
13062 6621 25399
20316 16463 26275
16463 20316 26275
26275 16463 20316
17226 1985 7378
7378 1985 17226
1985 7378 17226
9371 10845 26177
26177 9371 10845
10845 9371 26177
4231 3982 21015
3982 4231 21015
21015 3982 4231
4784 27727 28922
28922 4784 27727
27727 4784 28922
2629 19279 19419
19279 2629 19419
19419 2629 19279
2401 7517 10591
7517 2401 10591
10591 2401 7517
20855 9894 28025
28025 9894 20855
9894 20855 28025
28996 4396 21153
4396 21153 28996
21153 4396 28996
11222 12006 17541
17541 11222 12006
12006 11222 17541
12131 12454 22844
22844 12131 12454
12454 12131 22844
17558 3333 17839
3333 17558 17839
17839 3333 17558
2336 495 1609
1609 495 2336
495 1609 2336
15304 1650 13090
13090 1650 15304
1650 13090 15304
3302 16992 18355
16992 3302 18355
18355 3302 16992
8296 2331 17907
17907 2331 8296
2331 8296 17907
16386 20800 23151
20800 16386 23151
23151 16386 20800
25872 11727 29534
11727 25872 29534
29534 11727 25872
24926 21303 26469
21303 24926 26469
26469 21303 24926
26547 4324 6123
6123 4324 26547
4324 6123 26547
21211 12522 26536
26536 12522 21211
12522 21211 26536
15446 20172 25229
25229 15446 20172
20172 15446 25229
9299 13206 13784
13784 9299 13206
13206 9299 13784
18546 21731 25692
25692 18546 21731
21731 18546 25692
5759 10299 16631
10299 5759 16631
16631 5759 10299
12165 16790 19076
16790 12165 19076
19076 12165 16790
27452 11423 14511
11423 14511 27452
14511 11423 27452
5145 6087 19813
6087 5145 19813
19813 5145 6087
6219 4864 15369
15369 4864 6219
4864 6219 15369
16096 9333 28607
28607 9333 16096
9333 16096 28607
17044 23793 25776
23793 17044 25776
25776 17044 23793
5150 17330 23232
23232 5150 17330
17330 5150 23232
2243 11660 25743
25743 2243 11660
11660 2243 25743
26696 7499 29174
29174 7499 26696
7499 26696 29174
7071 1138 10870
10870 1138 7071
1138 7071 10870
89 23815 25405
23815 89 25405
25405 89 23815
8181 7075 21620
21620 7075 8181
7075 8181 21620
7571 15676 28287
15676 7571 28287
28287 7571 15676
29045 15460 17484
17484 15460 29045
15460 17484 29045
1959 7641 23584
23584 1959 7641
7641 1959 23584
12701 26130 26884
26884 12701 26130
26130 12701 26884
29984 14666 22302
22302 14666 29984
14666 22302 29984
3008 10532 17218
10532 3008 17218
17218 3008 10532
29855 8193 25479
25479 8193 29855
8193 25479 29855
17431 18197 21651
21651 17431 18197
18197 17431 21651
18758 19528 27025
19528 18758 27025
27025 18758 19528
5402 4238 8156
4238 5402 8156
8156 4238 5402
14710 16667 23475
16667 14710 23475
23475 14710 16667
25595 16407 25406
25406 16407 25595
16407 25406 25595
20952 12358 18919
18919 12358 20952
12358 18919 20952
10265 12619 28158
28158 10265 12619
12619 10265 28158
13103 10075 11687
10075 11687 13103
11687 10075 13103
20559 2312 13400
13400 2312 20559
2312 13400 20559
13327 4586 6264
6264 4586 13327
4586 6264 13327
21272 4378 10082
10082 4378 21272
4378 10082 21272
18472 9087 16967
9087 16967 18472
16967 9087 18472
5568 11233 18577
18577 5568 11233
11233 5568 18577
14825 22222 29225
22222 14825 29225
29225 14825 22222
18761 10606 12516
12516 10606 18761
10606 12516 18761
25293 18543 19758
19758 18543 25293
18543 19758 25293
2996 287 21057
21057 287 2996
287 2996 21057
18659 3847 10521
10521 3847 18659
3847 10521 18659
10128 7080 17439
17439 7080 10128
7080 10128 17439
15176 9559 13906
9559 13906 15176
13906 9559 15176
29406 21091 22084
21091 22084 29406
22084 21091 29406
13694 5057 18569
5057 13694 18569
18569 5057 13694
14423 1989 12422
1989 12422 14423
12422 1989 14423
21174 5005 24095
5005 21174 24095
24095 5005 21174
1103 16549 21372
21372 1103 16549
16549 1103 21372
21067 8040 22605
8040 21067 22605
22605 8040 21067
23826 20521 28367
20521 23826 28367
28367 20521 23826
29486 2397 2601
2397 2601 29486
2601 2397 29486
10137 5805 24586
24586 5805 10137
5805 10137 24586
18238 10693 23539
10693 18238 23539
23539 10693 18238
24351 15725 17690
17690 15725 24351
15725 17690 24351
13205 17149 23425
23425 13205 17149
17149 13205 23425
24200 2574 23930
2574 23930 24200
23930 2574 24200
24027 9565 23534
9565 23534 24027
23534 9565 24027
29369 5570 12559
5570 12559 29369
12559 5570 29369
26482 2691 15573
2691 15573 26482
15573 2691 26482
19822 12714 29980
12714 19822 29980
29980 12714 19822
12962 11686 28465
11686 12962 28465
28465 11686 12962
18368 3054 24692
3054 18368 24692
24692 3054 18368
14593 20486 22693
22693 14593 20486
20486 14593 22693
22963 3366 18215
3366 18215 22963
18215 3366 22963
26827 8682 23391
23391 8682 26827
8682 23391 26827
13199 7022 17051
17051 7022 13199
7022 13199 17051
7244 17091 20275
20275 7244 17091
17091 7244 20275
15937 25195 25538
25538 15937 25195
25195 15937 25538
6111 12836 22881
12836 6111 22881
22881 6111 12836
10689 12012 20215
20215 10689 12012
12012 10689 20215
29117 4523 21507
4523 21507 29117
21507 4523 29117
15803 17340 28305
