211 235 237
235 211 237
237 211 235
196 75 241
75 196 241
241 75 196
18 47 136
136 18 47
47 18 136
35 23 62
62 23 35
23 35 62
201 5 15
15 5 201
5 15 201
174 50 133
133 50 174
50 133 174
153 88 158
158 88 153
88 153 158
260 45 127
45 127 260
127 45 260
270 203 287
203 270 287
287 203 270
93 70 181
70 93 181
181 70 93
54 156 284
284 54 156
156 54 284
141 233 271
271 141 233
233 141 271
79 49 222
222 49 79
49 79 222
275 215 251
215 251 275
251 215 275
267 242 244
242 244 267
244 242 267
239 108 187
108 187 239
187 108 239
236 40 229
40 229 236
229 40 236
30 17 82
82 17 30
17 30 82
146 13 92
13 92 146
92 13 146
296 214 292
292 214 296
214 292 296
36 150 286
150 36 286
286 36 150
164 171 293
171 164 293
293 164 171
143 81 219
81 143 219
219 81 143
291 57 120
120 57 291
57 120 291
27 31 218
218 27 31
31 27 218
121 55 162
55 121 162
162 55 121
200 114 224
114 200 224
224 114 200
160 43 298
298 43 160
43 160 298
254 217 232
232 217 254
217 232 254
105 85 208
85 105 208
208 85 105
178 173 234
173 178 234
234 173 178
12 72 176
176 12 72
72 12 176
129 69 253
253 69 129
69 129 253
77 101 300
101 77 300
300 77 101
256 63 297
297 63 256
63 256 297
104 90 165
90 104 165
165 90 104
277 147 274
147 274 277
274 147 277
34 179 198
198 34 179
179 34 198
195 16 61
61 16 195
16 61 195
139 51 189
51 139 189
189 51 139
259 185 289
289 185 259
185 259 289
278 180 209
209 180 278
180 209 278
135 24 46
46 24 135
24 46 135
272 130 134
130 134 272
134 130 272
227 25 33
33 25 227
25 33 227
29 118 273
118 29 273
273 29 118
238 19 264
19 238 264
264 19 238
269 194 243
194 243 269
243 194 269
7 128 177
177 7 128
128 7 177
169 3 212
3 169 212
212 3 169
282 206 226
206 226 282
226 206 282
299 58 96
96 58 299
58 96 299
183 66 112
112 66 183
66 112 183
167 41 59
59 41 167
41 59 167
20 65 225
225 20 65
65 20 225
188 32 60
32 60 188
60 32 188
84 123 295
123 84 295
295 84 123
91 138 175
138 91 175
175 91 138
53 202 250
202 53 250
250 53 202
8 140 149
140 8 149
149 8 140
68 44 262
262 44 68
44 68 262
11 199 210
210 11 199
199 11 210
193 83 279
279 83 193
83 193 279
4 71 73
73 4 71
71 4 73
246 191 276
276 191 246
191 246 276
145 137 231
231 137 145
137 145 231
131 113 258
113 131 258
258 113 131
155 26 78
78 26 155
26 78 155
10 28 182
182 10 28
28 10 182
107 159 207
159 107 207
207 107 159
280 186 261
186 261 280
261 186 280
255 37 119
119 37 255
37 119 255
64 132 197
132 64 197
197 64 132
263 97 268
268 97 263
97 263 268
94 125 240
125 94 240
240 94 125
9 110 126
110 9 126
126 9 110
116 86 144
86 116 144
144 86 116
98 266 290
290 98 266
266 98 290
230 106 257
106 230 257
257 106 230
151 48 192
192 48 151
48 151 192
228 14 22
22 14 228
14 22 228
157 152 154
152 154 157
154 152 157
111 166 223
166 111 223
223 111 166
122 39 74
74 39 122
39 74 122
265 87 294
294 87 265
87 265 294
99 21 281
281 21 99
21 99 281
247 163 285
163 247 285
285 163 247
283 56 102
56 102 283
102 56 283
148 42 170
42 148 170
170 42 148
89 109 172
172 89 109
109 89 172
100 6 248
6 100 248
248 6 100
220 124 249
249 124 220
124 220 249
190 168 245
245 168 190
168 190 245
52 115 252
115 52 252
252 52 115
221 103 213
213 103 221
103 213 221
205 2 76
76 2 205
2 76 205
1 67 161
161 1 67
67 1 161
184 38 216
38 184 216
216 38 184
117 95 204
204 95 117
95 117 204
288 80 142
142 80 288
80 142 288
