16 237 263
237 16 263
263 16 237
86 195 208
195 86 208
208 86 195
158 207 269
207 158 269
269 158 207
261 212 267
267 212 261
212 261 267
44 8 103
8 44 103
103 8 44
5 23 243
23 5 243
243 5 23
135 70 288
288 70 135
70 135 288
285 46 291
291 46 285
46 285 291
14 227 292
292 14 227
227 14 292
58 123 218
218 58 123
123 58 218
174 127 147
147 127 174
127 147 174
213 115 193
115 193 213
193 115 213
152 129 159
159 129 152
129 152 159
256 111 242
111 242 256
242 111 256
136 80 194
194 80 136
80 136 194
116 81 170
170 81 116
81 116 170
140 57 176
57 140 176
176 57 140
50 143 259
143 50 259
259 50 143
280 85 245
85 245 280
245 85 280
9 198 264
264 9 198
198 9 264
98 119 277
119 98 277
277 98 119
254 110 155
155 110 254
110 155 254
258 40 150
40 150 258
150 40 258
166 27 89
89 27 166
27 89 166
53 68 156
68 53 156
156 53 68
247 13 205
13 205 247
205 13 247
238 114 283
114 238 283
283 114 238
257 39 219
39 219 257
219 39 257
262 104 233
104 233 262
233 104 262
230 38 199
199 38 230
38 199 230
249 109 275
275 109 249
109 249 275
105 24 112
112 24 105
24 105 112
66 7 216
7 66 216
216 7 66
88 141 281
141 88 281
281 88 141
96 122 177
177 96 122
122 96 177
252 94 146
94 146 252
146 94 252
160 138 173
173 138 160
138 160 173
75 28 65
28 65 75
65 28 75
168 107 165
165 107 168
107 165 168
192 63 117
117 63 192
63 117 192
223 134 278
278 134 223
134 223 278
282 244 251
244 251 282
251 244 282
72 121 145
145 72 121
121 72 145
215 214 299
299 214 215
214 215 299
276 181 287
287 181 276
181 276 287
204 36 76
76 36 204
36 76 204
272 26 298
26 272 298
298 26 272
172 4 11
11 4 172
4 11 172
48 31 203
31 48 203
203 31 48
21 178 210
210 21 178
178 21 210
130 47 82
47 82 130
82 47 130
184 62 226
226 62 184
62 184 226
209 185 197
185 197 209
197 185 209
124 17 33
17 33 124
33 17 124
18 15 186
186 15 18
15 18 186
271 221 266
221 266 271
266 221 271
295 164 200
200 164 295
164 200 295
139 175 239
239 139 175
175 139 239
67 56 224
56 67 224
224 56 67
79 102 106
106 79 102
102 79 106
182 10 87
87 10 182
10 87 182
183 108 126
108 126 183
126 108 183
12 25 92
92 12 25
25 12 92
202 142 265
265 142 202
142 202 265
137 59 229
59 137 229
229 59 137
84 113 241
241 84 113
113 84 241
220 90 187
90 187 220
187 90 220
240 1 34
34 1 240
1 34 240
133 188 206
188 133 206
206 133 188
128 148 190
148 128 190
190 128 148
22 45 297
45 22 297
297 22 45
54 169 253
253 54 169
169 54 253
167 131 270
131 167 270
270 131 167
99 41 74
74 41 99
41 74 99
273 30 132
30 132 273
132 30 273
217 286 290
290 217 286
286 217 290
196 60 153
60 153 196
153 60 196
43 32 293
293 32 43
32 43 293
35 64 162
162 35 64
64 35 162
3 78 255
78 3 255
255 3 78
180 294 296
296 180 294
294 180 296
201 71 300
300 71 201
71 201 300
248 73 225
225 73 248
73 225 248
260 161 236
236 161 260
161 236 260
20 125 250
125 20 250
250 20 125
151 91 120
120 91 151
91 120 151
211 6 234
234 6 211
6 211 234
51 55 232
55 51 232
232 51 55
101 144 246
144 101 246
246 101 144
171 118 268
118 171 268
268 118 171
77 83 284
83 77 284
284 77 83
157 228 274
228 157 274
274 157 228
95 49 93
49 93 95
93 49 95
279 37 69
37 69 279
69 37 279
289 19 154
154 19 289
19 154 289
52 42 163
163 42 52
42 52 163
191 231 235
235 191 231
231 191 235
189 61 97
97 61 189
61 97 189
100 149 179
179 100 149
149 100 179
2 29 222
222 2 29
29 2 222
