22638 3659 27496
3659 22638 27496
27496 3659 22638
10278 21800 27671
21800 10278 27671
27671 10278 21800
27680 10125 29778
29778 10125 27680
10125 27680 29778
2184 1182 2751
1182 2184 2751
2751 1182 2184
28790 9972 24494
9972 24494 28790
24494 9972 28790
29424 17928 19869
17928 19869 29424
19869 17928 29424
28066 19365 26589
26589 19365 28066
19365 26589 28066
24699 2764 29173
29173 2764 24699
2764 24699 29173
8380 3917 23749
3917 8380 23749
23749 3917 8380
17646 14534 25905
25905 14534 17646
14534 17646 25905
8828 15322 15756
15756 8828 15322
15322 8828 15756
19279 5491 25558
25558 5491 19279
5491 19279 25558
7873 4168 21502
21502 4168 7873
4168 7873 21502
3366 14473 20661
14473 3366 20661
20661 3366 14473
24816 4519 5151
5151 4519 24816
4519 5151 24816
24719 8841 23113
8841 23113 24719
23113 8841 24719
2351 17568 23211
23211 2351 17568
17568 2351 23211
23553 16857 29465
29465 16857 23553
16857 23553 29465
23200 2216 2758
2758 2216 23200
2216 2758 23200
5983 2682 17866
17866 2682 5983
2682 5983 17866
11027 4107 22097
4107 11027 22097
22097 4107 11027
9543 13972 14078
14078 9543 13972
13972 9543 14078
18983 15062 17324
15062 17324 18983
17324 15062 18983
5718 5789 18924
5789 5718 18924
18924 5718 5789
13903 153 26300
26300 153 13903
153 13903 26300
29223 8818 15557
8818 15557 29223
15557 8818 29223
28983 16631 18673
16631 18673 28983
18673 16631 28983
14570 1670 25240
25240 1670 14570
1670 14570 25240
3284 1421 18186
1421 3284 18186
18186 1421 3284
14174 15818 19474
19474 14174 15818
15818 14174 19474
26381 699 27598
27598 699 26381
699 26381 27598
221 4241 21695
21695 221 4241
4241 221 21695
11980 10874 14115
10874 11980 14115
14115 10874 11980
26203 8042 8668
8042 8668 26203
8668 8042 26203
18837 8642 22240
22240 8642 18837
8642 18837 22240
13864 10602 29912
29912 10602 13864
10602 13864 29912
3926 13375 17678
13375 3926 17678
17678 3926 13375
21029 12434 27224
12434 21029 27224
27224 12434 21029
20470 10794 17604
17604 10794 20470
10794 17604 20470
19232 1373 21519
21519 1373 19232
1373 19232 21519
23862 3042 9266
3042 9266 23862
9266 3042 23862
12160 11978 15934
11978 12160 15934
15934 11978 12160
8550 16548 18986
16548 8550 18986
18986 8550 16548
5804 11391 29732
29732 5804 11391
11391 5804 29732
10726 17594 21626
21626 10726 17594
17594 10726 21626
22419 17900 20973
17900 20973 22419
20973 17900 22419
6971 11394 27000
11394 6971 27000
27000 6971 11394
16650 9503 23820
9503 16650 23820
23820 9503 16650
19896 16241 27313
16241 19896 27313
27313 16241 19896
1779 4744 27834
4744 1779 27834
27834 1779 4744
19087 2194 13305
2194 13305 19087
13305 2194 19087
9225 1448 9651
9651 1448 9225
1448 9225 9651
13029 4687 28188
4687 13029 28188
28188 4687 13029
28461 5030 11964
5030 11964 28461
11964 5030 28461
24800 3102 5417
3102 5417 24800
5417 3102 24800
25874 4793 29890
4793 25874 29890
29890 4793 25874
19021 655 18839
655 18839 19021
18839 655 19021
28791 4414 9141
9141 4414 28791
4414 9141 28791
9103 19259 29812
19259 9103 29812
29812 9103 19259
17672 745 18477
18477 745 17672
745 17672 18477
1370 6117 13288
6117 1370 13288
13288 1370 6117
19469 6774 25867
25867 6774 19469
6774 19469 25867
8503 9618 27487
9618 8503 27487
27487 8503 9618
26459 10576 17092
17092 10576 26459
10576 17092 26459
3002 9340 11771
9340 3002 11771
11771 3002 9340
8322 18922 23937
23937 8322 18922
18922 8322 23937
2142 11526 15577
15577 2142 11526
11526 2142 15577
21954 10325 10346
10325 10346 21954
10346 10325 21954
15901 3449 12130
12130 3449 15901
3449 12130 15901
10253 20177 25136
25136 10253 20177
20177 10253 25136
20995 21566 29717
21566 20995 29717
29717 20995 21566
20598 12307 24174
24174 12307 20598
12307 20598 24174
8587 10821 18279
18279 8587 10821
10821 8587 18279
18629 14702 21339
21339 14702 18629
14702 18629 21339
1578 9163 22513
9163 1578 22513
22513 1578 9163
17949 12887 24024
24024 12887 17949
12887 17949 24024
1548 5641 25356
5641 1548 25356
25356 1548 5641
20380 21739 28144
21739 20380 28144
28144 20380 21739
27408 8767 23619
8767 23619 27408
23619 8767 27408
3079 772 12072
12072 772 3079
772 3079 12072
15746 11482 19493
11482 15746 19493
19493 11482 15746
22967 8566 22735
8566 22735 22967
22735 8566 22967
13320 9982 25736
25736 9982 13320
9982 13320 25736
11413 17189 20868
17189 11413 20868
20868 11413 17189
29879 6537 18314
18314 6537 29879
6537 18314 29879
7274 7795 12409
7795 7274 12409
12409 7274 7795
609 25284 29908
25284 609 29908
29908 609 25284
11524 13741 21090
21090 11524 13741
13741 11524 21090
3806 8759 29178
8759 3806 29178
29178 3806 8759
10184 11037 27234
11037 10184 27234
27234 10184 11037
18797 3362 14053
14053 3362 18797
3362 14053 18797
27849 8514 8778
8778 8514 27849
8514 8778 27849
15511 2282 27829
27829 2282 15511
2282 15511 27829
896 4626 10549
4626 896 10549
10549 896 4626
23428 5893 25877
5893 23428 25877
25877 5893 23428
26291 10210 22647
22647 10210 26291
10210 22647 26291
14132 13974 21545
21545 13974 14132
13974 14132 21545
887 1521 28556
1521 887 28556
28556 887 1521
11628 13454 15744
13454 11628 15744
15744 11628 13454
21451 16627 21356
16627 21356 21451
21356 16627 21451
28047 7902 21547
21547 7902 28047
7902 21547 28047
215 10339 14199
14199 215 10339
10339 215 14199
8939 5031 24380
5031 8939 24380
24380 5031 8939
5838 3589 6941
3589 5838 6941
6941 3589 5838
25925 3993 27798
27798 3993 25925
3993 25925 27798
25328 18033 23501
18033 23501 25328
23501 18033 25328
4183 289 18088
289 4183 18088
18088 289 4183
6087 13 9486
13 6087 9486
9486 13 6087
4486 11324 14061
14061 4486 11324
11324 4486 14061
2092 10248 21071
21071 2092 10248
10248 2092 21071
27594 5054 6177
5054 6177 27594
6177 5054 27594
24953 556 28798
556 24953 28798
28798 556 24953
5623 5566 12283
5566 5623 12283
12283 5566 5623
8044 25763 26884
25763 8044 26884
26884 8044 25763
22179 11840 14734
14734 11840 22179
11840 14734 22179
21732 4635 22923
4635 21732 22923
22923 4635 21732
9817 15817 18165
15817 9817 18165
18165 9817 15817
18179 26571 27284
27284 18179 26571
26571 18179 27284
20730 2604 10454
2604 10454 20730
10454 2604 20730
15012 19227 26431
26431 15012 19227
19227 15012 26431
10490 12033 22218
12033 10490 22218
22218 10490 12033
19830 11827 16079
16079 11827 19830
11827 16079 19830
1070 13462 26664
13462 1070 26664
26664 1070 13462
28969 4781 21171
4781 21171 28969
21171 4781 28969
5828 11042 21330
21330 5828 11042
11042 5828 21330
16849 2602 25974
2602 16849 25974
25974 2602 16849
29801 2497 6677
2497 6677 29801
6677 2497 29801
17862 825 25991
825 17862 25991
25991 825 17862
23392 1715 19383
1715 19383 23392
19383 1715 23392
20988 1424 5143
5143 1424 20988
1424 5143 20988
8226 3737 17798
3737 8226 17798
17798 3737 8226
15946 5413 6463
5413 6463 15946
6463 5413 15946
20082 15487 23246
15487 20082 23246
23246 15487 20082
13958 1301 27374
1301 13958 27374
27374 1301 13958
18564 4422 7823
4422 7823 18564
7823 4422 18564
26960 6840 26715
26715 6840 26960
6840 26715 26960
6848 1923 20680
20680 1923 6848
1923 6848 20680
363 12607 27569
27569 363 12607
12607 363 27569
10557 7214 9062
9062 7214 10557
7214 9062 10557
23384 10562 19094
19094 10562 23384
10562 19094 23384
508 2532 28893
28893 508 2532
2532 508 28893
29165 703 10386
703 10386 29165
10386 703 29165
4464 4200 16798
4200 4464 16798
16798 4200 4464
6070 3061 20983
3061 6070 20983
20983 3061 6070
23519 7635 16195
16195 7635 23519
7635 16195 23519
5625 21080 22242
22242 5625 21080
21080 5625 22242
3519 13717 26996
13717 3519 26996
26996 3519 13717
28813 2666 18082
18082 2666 28813
2666 18082 28813
28243 16891 19585
19585 16891 28243
16891 19585 28243
5948 15876 23353
15876 5948 23353
23353 5948 15876
24358 16119 28913
28913 16119 24358
16119 24358 28913
943 15788 21632
15788 943 21632
21632 943 15788
19342 7347 13172
13172 7347 19342
7347 13172 19342
5714 5415 6299
6299 5415 5714
5415 5714 6299
29847 7052 13118
7052 13118 29847
13118 7052 29847
29490 6506 12651
6506 12651 29490
12651 6506 29490
9602 8742 19059
19059 8742 9602
8742 9602 19059
24164 7253 8393
8393 7253 24164
7253 8393 24164
19312 14883 26986
14883 19312 26986
26986 14883 19312
561 19590 28777
19590 561 28777
28777 561 19590
16162 14423 17726
14423 16162 17726
17726 14423 16162
24881 15207 25595
25595 15207 24881
15207 24881 25595
28225 24640 28276
24640 28225 28276
28276 24640 28225
7794 12203 26658
26658 7794 12203
12203 7794 26658
14485 4983 27822
27822 4983 14485
4983 14485 27822
8589 3678 18084
18084 3678 8589
3678 8589 18084
10923 15060 15827
15827 10923 15060
15060 10923 15827
1679 1872 14228
1872 1679 14228
14228 1679 1872
592 2250 21064
21064 592 2250
2250 592 21064
21570 3154 9891
3154 9891 21570
9891 3154 21570
5648 7521 22738
7521 5648 22738
22738 5648 7521
18627 7502 8680
8680 7502 18627
7502 8680 18627
19803 8133 22762
22762 8133 19803
8133 19803 22762
9542 10800 19225
10800 9542 19225
19225 9542 10800
11800 10696 26563
26563 10696 11800
10696 11800 26563
9686 874 4025
874 4025 9686
4025 874 9686
25883 6121 20936
20936 6121 25883
6121 20936 25883
27186 20642 29610
29610 20642 27186
20642 27186 29610
17401 16400 23418
23418 16400 17401
16400 17401 23418
23762 10600 15093
10600 15093 23762
15093 10600 23762
27926 8614 20005
8614 20005 27926
20005 8614 27926
14095 11426 25936
11426 14095 25936
25936 11426 14095
1312 23505 25032
25032 1312 23505
23505 1312 25032
27618 5113 20935
20935 5113 27618
5113 20935 27618
13865 3320 22445
22445 3320 13865
3320 13865 22445
26501 21698 29390
21698 26501 29390
29390 21698 26501
26966 24298 25761
25761 24298 26966
24298 25761 26966
23274 22615 25564
22615 23274 25564
25564 22615 23274
29425 4997 21253
21253 4997 29425
4997 21253 29425
17632 4103 13340
13340 4103 17632
4103 13340 17632
26426 8219 17676
8219 17676 26426
17676 8219 26426
2013 11226 16039
16039 2013 11226
11226 2013 16039
3638 8488 10009
8488 3638 10009
10009 3638 8488
10680 10087 13910
13910 10087 10680
10087 10680 13910
19347 8530 20515
20515 8530 19347
8530 19347 20515
28180 3614 28755
3614 28180 28755
28755 3614 28180
6545 12246 17308
17308 6545 12246
12246 6545 17308
23770 1910 25145
1910 23770 25145
25145 1910 23770
25496 3028 20846
3028 20846 25496
20846 3028 25496
14524 9505 13788
13788 9505 14524
9505 13788 14524
19336 7617 17707
17707 7617 19336
7617 17707 19336
15964 2776 27629
27629 2776 15964
2776 15964 27629
10676 2059 18764
18764 2059 10676
2059 10676 18764
1589 15150 29803
15150 1589 29803
29803 1589 15150
3361 7538 29538
7538 3361 29538
29538 3361 7538
9051 2088 5359
5359 2088 9051
2088 5359 9051
21836 16315 23921
16315 21836 23921
23921 16315 21836
3843 18512 25081
25081 3843 18512
18512 3843 25081
28222 8030 11399
8030 11399 28222
11399 8030 28222
29771 10438 10703
10703 10438 29771
10438 10703 29771
5311 3155 15480
15480 3155 5311
3155 5311 15480
1278 8772 16501
8772 1278 16501
16501 1278 8772
24960 22851 26597
22851 24960 26597
26597 22851 24960
9185 7461 20518
20518 7461 9185
7461 9185 20518
19303 1102 9418
1102 9418 19303
9418 1102 19303
28658 2594 3179
3179 2594 28658
2594 3179 28658
12067 6769 29871
29871 6769 12067
6769 12067 29871
22983 2588 23021
2588 22983 23021
23021 2588 22983
11341 24094 26303
26303 11341 24094
24094 11341 26303
2292 18653 21251
18653 2292 21251
21251 2292 18653
19165 24512 26873
26873 19165 24512
24512 19165 26873
26605 6926 18087
18087 6926 26605
6926 18087 26605
22208 10206 15796
15796 10206 22208
10206 15796 22208
27443 262 26495
262 26495 27443
26495 262 27443
19599 14652 20549
14652 19599 20549
20549 14652 19599
14354 3157 9473
3157 9473 14354
9473 3157 14354
16776 9273 15553
15553 9273 16776
9273 15553 16776
19171 12178 24642
12178 19171 24642
24642 12178 19171
16742 16735 25167
25167 16735 16742
16735 16742 25167
27673 8735 26296
8735 26296 27673
26296 8735 27673
15905 5201 29742
5201 15905 29742
29742 5201 15905
27972 9555 19005
19005 9555 27972
9555 19005 27972
29471 890 2717
2717 890 29471
890 2717 29471
5719 15682 22806
15682 5719 22806
22806 5719 15682
28232 7027 13638
7027 13638 28232
13638 7027 28232
28226 17012 26625
17012 26625 28226
26625 17012 28226
24871 1724 17857
1724 17857 24871
17857 1724 24871
23805 1156 25861
1156 23805 25861
25861 1156 23805
11839 5424 27794
27794 5424 11839
5424 11839 27794
23382 7238 29672
7238 23382 29672
29672 7238 23382
2210 14985 18581
14985 2210 18581
18581 2210 14985
6124 12910 25414
12910 6124 25414
25414 6124 12910
7308 11060 16843
11060 7308 16843
16843 7308 11060
9596 1493 14537
14537 1493 9596
1493 9596 14537
3415 10677 20909
10677 3415 20909
20909 3415 10677
3065 12495 22540
22540 3065 12495
12495 3065 22540
17826 2611 27841
27841 2611 17826
2611 17826 27841
14342 9661 22636
22636 9661 14342
9661 14342 22636
21300 6202 27061
27061 6202 21300
6202 21300 27061
26934 11434 18886
18886 11434 26934
11434 18886 26934
27511 11128 27821
27821 11128 27511
11128 27511 27821
13848 14399 17130
14399 13848 17130
17130 13848 14399
12174 9405 25884
25884 9405 12174
9405 12174 25884
20583 1058 13838
13838 1058 20583
1058 13838 20583
28086 11562 25105
11562 25105 28086
25105 11562 28086
23055 4821 26813
26813 4821 23055
4821 23055 26813
1731 9157 24869
9157 1731 24869
24869 1731 9157
19556 7927 19170
7927 19170 19556
19170 7927 19556
4445 3661 19174
3661 4445 19174
19174 3661 4445
18594 1258 12990
1258 12990 18594
12990 1258 18594
15056 19724 26535
26535 15056 19724
19724 15056 26535
7566 18255 29489
29489 7566 18255
18255 7566 29489
20610 5761 13134
5761 13134 20610
13134 5761 20610
21195 4117 18917
4117 18917 21195
18917 4117 21195
16636 12808 17693
17693 12808 16636
12808 16636 17693
25737 12846 18775
18775 12846 25737
12846 18775 25737
23737 17101 26111
26111 17101 23737
17101 23737 26111
20312 6719 22443
22443 6719 20312
6719 20312 22443
110 2703 13816
2703 110 13816
13816 110 2703
9535 13005 14787
13005 9535 14787
14787 9535 13005
3934 2474 22012
22012 2474 3934
2474 3934 22012
690 7127 9226
7127 690 9226
9226 690 7127
9053 8610 20820
8610 9053 20820
20820 8610 9053
21376 11961 29899
29899 11961 21376
11961 21376 29899
24438 3634 23996
3634 23996 24438
23996 3634 24438
14345 13549 25352
25352 13549 14345
13549 14345 25352
14303 12899 22984
12899 14303 22984
22984 12899 14303
10783 13002 29115
29115 10783 13002
13002 10783 29115
20709 12338 21332
12338 20709 21332
21332 12338 20709
656 6434 12663
12663 656 6434
6434 656 12663
7430 10382 13725
13725 7430 10382
10382 7430 13725
15680 1066 4800
4800 1066 15680
1066 4800 15680
9400 11388 16974
16974 9400 11388
11388 9400 16974
4994 6595 20831
6595 4994 20831
20831 4994 6595
12464 22739 24098
22739 12464 24098
24098 12464 22739
19294 20457 21561
21561 19294 20457
20457 19294 21561
15394 13533 29294
13533 15394 29294
29294 13533 15394
2626 8365 17250
8365 2626 17250
17250 2626 8365
14463 6867 27757
27757 6867 14463
6867 14463 27757
906 1130 23852
1130 906 23852
23852 906 1130
29970 6081 26761
6081 26761 29970
26761 6081 29970
11881 5826 6842
6842 5826 11881
5826 6842 11881
10969 18285 25710
25710 10969 18285
18285 10969 25710
11585 18633 28808
28808 11585 18633
18633 11585 28808
24469 9851 20516
9851 20516 24469
20516 9851 24469
3134 20547 26000
20547 3134 26000
26000 3134 20547
660 27467 28590
27467 660 28590
28590 660 27467
20929 2256 13730
2256 13730 20929
13730 2256 20929
13593 18535 25942
25942 13593 18535
18535 13593 25942
20112 10953 16173
10953 16173 20112
16173 10953 20112
75 9595 22658
9595 75 22658
22658 75 9595
15811 16561 20953
16561 15811 20953
20953 15811 16561
9030 3468 19851
3468 9030 19851
19851 3468 9030
5280 16763 28968
16763 5280 28968
28968 5280 16763
25338 7822 8715
7822 8715 25338
8715 7822 25338
15522 8295 12182
8295 12182 15522
12182 8295 15522
11629 6830 21016
6830 11629 21016
21016 6830 11629
13991 3928 18725
18725 3928 13991
3928 13991 18725
432 4279 22315
22315 432 4279
4279 432 22315
4699 2892 12676
2892 4699 12676
12676 2892 4699
13711 5956 22178
5956 13711 22178
22178 5956 13711
7328 836 24735
836 7328 24735
24735 836 7328
14084 15185 17465
17465 14084 15185
15185 14084 17465
6658 10770 27342
10770 6658 27342
27342 6658 10770
22045 1450 8066
8066 1450 22045
1450 8066 22045
10720 7078 23011
23011 7078 10720
7078 10720 23011
23919 8230 18073
18073 8230 23919
8230 18073 23919
23088 3600 25596
3600 23088 25596
25596 3600 23088
12300 21619 25904
25904 12300 21619
21619 12300 25904
19600 25391 27071
27071 19600 25391
25391 19600 27071
19473 10700 15580
15580 10700 19473
10700 15580 19473
13388 6126 7648
6126 7648 13388
7648 6126 13388
4371 4864 8640
4864 4371 8640
8640 4371 4864
5985 16253 17132
17132 5985 16253
16253 5985 17132
5521 8870 22105
8870 5521 22105
22105 5521 8870
15155 3813 13757
13757 3813 15155
3813 13757 15155
606 548 23018
23018 548 606
548 606 23018
94 21964 22032
22032 94 21964
21964 94 22032
4531 12982 27615
27615 4531 12982
12982 4531 27615
20403 5890 6268
6268 5890 20403
5890 6268 20403
19815 5038 16403
5038 16403 19815
16403 5038 19815
7240 15932 25466
25466 7240 15932
15932 7240 25466
3290 13359 16494
13359 3290 16494
16494 3290 13359
28063 3071 10303
10303 3071 28063
3071 10303 28063
20786 8915 13026
8915 13026 20786
13026 8915 20786
16812 25789 26288
25789 16812 26288
26288 16812 25789
17024 6917 29730
29730 6917 17024
6917 17024 29730
7464 9905 20353
20353 7464 9905
9905 7464 20353
23751 6616 24813
6616 23751 24813
24813 6616 23751
28408 20648 26021
26021 20648 28408
20648 26021 28408
16369 6688 21641
6688 16369 21641
21641 6688 16369
6343 8982 10461
10461 6343 8982
8982 6343 10461
23661 2789 11581
2789 11581 23661
11581 2789 23661
15412 11676 20346
11676 15412 20346
20346 11676 15412
7808 7630 18358
18358 7630 7808
7630 7808 18358
27936 795 21428
795 21428 27936
21428 795 27936
8999 875 17223
17223 875 8999
875 8999 17223
23447 5942 29918
5942 23447 29918
29918 5942 23447
17717 23533 23649
23533 17717 23649
23649 17717 23533
5706 25734 26601
26601 5706 25734
25734 5706 26601
15288 7043 9864
7043 9864 15288
9864 7043 15288
24068 5188 8643
5188 8643 24068
8643 5188 24068
8172 511 7525
7525 511 8172
511 7525 8172
12974 2737 20140
2737 12974 20140
20140 2737 12974
22027 244 12169
244 12169 22027
12169 244 22027
25482 17616 28088
28088 17616 25482
17616 25482 28088
15213 14725 22635
14725 15213 22635
22635 14725 15213
14768 9369 14980
14980 9369 14768
9369 14768 14980
3440 9925 18586
9925 3440 18586
18586 3440 9925
22929 23203 26741
26741 22929 23203
23203 22929 26741
21868 2548 3375
3375 2548 21868
2548 3375 21868
4172 1212 29873
29873 1212 4172
1212 4172 29873
6188 16567 18342
16567 6188 18342
18342 6188 16567
7658 17169 24462
24462 7658 17169
17169 7658 24462
19991 12052 24212
24212 12052 19991
12052 19991 24212
611 24757 29246
29246 611 24757
24757 611 29246
25554 21202 24621
21202 24621 25554
24621 21202 25554
15102 16882 24087
16882 15102 24087
24087 15102 16882
15670 1780 23249
23249 1780 15670
1780 15670 23249
2381 19672 29649
19672 2381 29649
29649 2381 19672
178 10012 10975
10975 178 10012
10012 178 10975
2105 13266 17041
13266 2105 17041
17041 2105 13266
17655 6837 9381
6837 9381 17655
9381 6837 17655
23912 15505 17335
17335 15505 23912
15505 17335 23912
7160 1848 27288
1848 7160 27288
27288 1848 7160
7541 12241 23710
23710 7541 12241
12241 7541 23710
12921 25404 25839
25404 12921 25839
25839 12921 25404
9097 2495 8493
2495 8493 9097
8493 2495 9097
14503 19008 29995
29995 14503 19008
19008 14503 29995
27868 9371 17271
17271 9371 27868
9371 17271 27868
27403 1024 10547
10547 1024 27403
1024 10547 27403
24896 10614 15221
10614 15221 24896
15221 10614 24896
23615 13057 15065
13057 15065 23615
15065 13057 23615
24629 5859 6438
6438 5859 24629
5859 6438 24629
24632 784 5746
784 5746 24632
5746 784 24632
10257 2035 4439
4439 2035 10257
2035 4439 10257
26094 5372 22740
5372 22740 26094
22740 5372 26094
6976 17722 27627
27627 6976 17722
17722 6976 27627
17021 16951 16966
16966 16951 17021
16951 16966 17021
15889 4148 10545
4148 10545 15889
10545 4148 15889
4208 12654 15631
15631 4208 12654
12654 4208 15631
4551 4175 17226
17226 4175 4551
4175 4551 17226
17031 4122 13777
4122 13777 17031
13777 4122 17031
21327 8367 13558
13558 8367 21327
8367 13558 21327
21061 28018 29362
28018 21061 29362
29362 21061 28018
15664 17740 27553
17740 15664 27553
27553 15664 17740
18319 9421 12988
12988 9421 18319
9421 12988 18319
18887 4726 9256
4726 9256 18887
9256 4726 18887
28540 1253 1546
1253 1546 28540
1546 1253 28540
24487 10908 16837
10908 16837 24487
16837 10908 24487
18988 694 25135
25135 694 18988
694 18988 25135
14523 1651 19219
1651 14523 19219
19219 1651 14523
6363 13765 29312
29312 6363 13765
13765 6363 29312
13715 14276 15866
14276 13715 15866
15866 13715 14276
27152 10058 17177
10058 17177 27152
17177 10058 27152
17485 12650 21669
12650 17485 21669
21669 12650 17485
19459 3124 28046
28046 3124 19459
3124 19459 28046
11448 1629 26973
26973 1629 11448
1629 11448 26973
7110 108 9896
108 7110 9896
9896 108 7110
11995 25026 25172
25026 11995 25172
25172 11995 25026
9085 10033 11761
10033 9085 11761
11761 9085 10033
13670 4166 14316
14316 4166 13670
4166 13670 14316
29694 5416 8245
8245 5416 29694
5416 8245 29694
17973 19274 27909
27909 17973 19274
19274 17973 27909
13337 6836 8413
6836 8413 13337
8413 6836 13337
26011 9692 20305
20305 9692 26011
9692 20305 26011
20605 4578 29823
29823 4578 20605
4578 20605 29823
11617 3785 25748
25748 3785 11617
3785 11617 25748
16406 9994 22988
22988 9994 16406
9994 16406 22988
27670 8888 22283
8888 22283 27670
22283 8888 27670
6259 24016 24232
24016 6259 24232
24232 6259 24016
3367 7735 23378
23378 3367 7735
7735 3367 23378
24906 4710 9038
9038 4710 24906
4710 9038 24906
8414 18445 23814
18445 8414 23814
23814 8414 18445
20465 11291 19070
19070 11291 20465
11291 19070 20465
19097 203 22911
203 19097 22911
22911 203 19097
3380 1972 7962
1972 3380 7962
7962 1972 3380
8026 14767 25011
25011 8026 14767
14767 8026 25011
10629 8231 14381
14381 8231 10629
8231 10629 14381
469 10168 19047
10168 469 19047
19047 469 10168
4468 12771 13449
12771 4468 13449
13449 4468 12771
17394 17023 26641
26641 17023 17394
17023 17394 26641
13232 12377 29576
29576 12377 13232
12377 13232 29576
4976 1171 4018
4018 1171 4976
1171 4018 4976
3067 13138 17152
17152 3067 13138
13138 3067 17152
22324 6184 10364
10364 6184 22324
6184 10364 22324
29361 3083 15950
3083 15950 29361
15950 3083 29361
12339 18158 23228
23228 12339 18158
18158 12339 23228
9960 4058 25888
4058 9960 25888
25888 4058 9960
14525 9355 19764
19764 9355 14525
9355 14525 19764
17149 9134 28454
9134 17149 28454
28454 9134 17149
10457 7140 29113
7140 10457 29113
29113 7140 10457
28967 7113 28242
28242 7113 28967
7113 28242 28967
27416 7342 14929
7342 14929 27416
14929 7342 27416
20414 3565 8817
3565 8817 20414
8817 3565 20414
7171 10342 11501
10342 7171 11501
11501 7171 10342
21023 9301 24017
24017 9301 21023
9301 21023 24017
27642 8 10196
8 10196 27642
10196 8 27642
9576 538 20405
20405 538 9576
538 9576 20405
23848 5698 26528
26528 5698 23848
5698 23848 26528
6950 7014 21134
21134 6950 7014
7014 6950 21134
5745 18112 23465
23465 5745 18112
18112 5745 23465
21304 11195 18848
18848 11195 21304
11195 18848 21304
20231 17111 17709
17709 17111 20231
17111 17709 20231
17777 5335 26544
26544 5335 17777
5335 17777 26544
23705 2809 14325
14325 2809 23705
2809 14325 23705
4684 11790 29250
11790 4684 29250
29250 4684 11790
23441 3381 22520
22520 3381 23441
3381 22520 23441
1560 18441 18518
18441 1560 18518
18518 1560 18441
4969 22285 26378
22285 4969 26378
26378 4969 22285
3528 11255 18740
11255 3528 18740
18740 3528 11255
829 7355 26787
26787 829 7355
7355 829 26787
17546 9015 29369
29369 9015 17546
9015 17546 29369
28140 4450 11433
11433 4450 28140
4450 11433 28140
20906 8810 11405
11405 8810 20906
8810 11405 20906
17556 2190 26760
2190 17556 26760
26760 2190 17556
22378 5384 13182
5384 13182 22378
13182 5384 22378
16422 15315 22042
15315 16422 22042
22042 15315 16422
17733 5086 24888
24888 5086 17733
5086 17733 24888
27542 10213 25679
25679 10213 27542
10213 25679 27542
27895 10171 12528
10171 12528 27895
12528 10171 27895
17047 15990 17299
17299 15990 17047
15990 17047 17299
14224 6246 16755
6246 14224 16755
16755 6246 14224
20134 10640 29543
10640 20134 29543
29543 10640 20134
9603 10314 21891
21891 9603 10314
10314 9603 21891
5865 15669 20759
15669 5865 20759
20759 5865 15669
24598 4087 15370
15370 4087 24598
4087 15370 24598
6285 16398 19568
16398 6285 19568
19568 6285 16398
11103 1575 23365
1575 11103 23365
23365 1575 11103
22141 20914 29061
29061 20914 22141
20914 22141 29061
20622 13778 18417
18417 13778 20622
13778 18417 20622
18044 15655 21841
21841 15655 18044
15655 18044 21841
29031 12633 22784
22784 12633 29031
12633 22784 29031
12745 6168 26032
6168 12745 26032
26032 6168 12745
10354 1350 9251
9251 1350 10354
1350 9251 10354
12797 13217 27157
13217 12797 27157
27157 12797 13217
9884 19897 21346
19897 9884 21346
21346 9884 19897
13551 6068 26244
6068 13551 26244
26244 6068 13551
19584 1205 16376
16376 1205 19584
1205 16376 19584
3242 4747 10896
10896 3242 4747
4747 3242 10896
13324 12171 14925
14925 12171 13324
12171 13324 14925
830 3216 8917
3216 830 8917
8917 830 3216
12248 2672 6590
6590 2672 12248
2672 6590 12248
21144 17500 29518
17500 21144 29518
29518 17500 21144
12441 11177 13895
11177 12441 13895
13895 11177 12441
7724 19974 26326
26326 7724 19974
19974 7724 26326
7003 5377 13682
13682 5377 7003
5377 7003 13682
22732 12628 26127
12628 22732 26127
26127 12628 22732
29293 695 25959
25959 695 29293
695 25959 29293
14856 4188 7131
7131 4188 14856
4188 7131 14856
29866 5067 13006
5067 13006 29866
13006 5067 29866
6895 27614 29193
27614 6895 29193
29193 6895 27614
29558 7551 15424
7551 15424 29558
15424 7551 29558
11338 1519 15780
15780 1519 11338
1519 11338 15780
3886 12639 24038
24038 3886 12639
12639 3886 24038
8627 19108 22951
22951 8627 19108
19108 8627 22951
28154 23421 28209
28209 23421 28154
23421 28154 28209
14889 16604 19143
16604 14889 19143
19143 14889 16604
1805 9237 10847
9237 1805 10847
10847 1805 9237
4194 13570 23715
13570 4194 23715
23715 4194 13570
5120 3489 5173
5173 3489 5120
3489 5120 5173
1674 14665 20022
20022 1674 14665
14665 1674 20022
20145 14289 16738
14289 16738 20145
16738 14289 20145
1952 20349 24303
24303 1952 20349
20349 1952 24303
2277 7419 11120
7419 2277 11120
11120 2277 7419
12944 4010 20639
4010 12944 20639
20639 4010 12944
29567 13216 16277
13216 16277 29567
16277 13216 29567
26695 19220 22737
19220 22737 26695
22737 19220 26695
19833 18612 26888
18612 19833 26888
26888 18612 19833
26045 2855 13355
13355 2855 26045
2855 13355 26045
4630 2164 23764
2164 4630 23764
23764 2164 4630
16404 10131 22181
10131 16404 22181
22181 10131 16404
26325 12413 16249
16249 12413 26325
12413 16249 26325
21423 5275 26830
5275 21423 26830
26830 5275 21423
658 1457 20367
20367 658 1457
1457 658 20367
3955 8620 18149
18149 3955 8620
8620 3955 18149
22339 7675 13938
7675 13938 22339
13938 7675 22339
723 5276 28201
28201 723 5276
5276 723 28201
8459 7425 28190
7425 8459 28190
28190 7425 8459
10751 7428 22486
7428 10751 22486
22486 7428 10751
7921 13610 16264
16264 7921 13610
13610 7921 16264
14743 18766 19031
18766 14743 19031
19031 14743 18766
19430 219 7365
219 7365 19430
7365 219 19430
3011 1067 3147
3147 1067 3011
1067 3011 3147
20508 14032 16387
14032 16387 20508
16387 14032 20508
7128 3680 24421
24421 3680 7128
3680 7128 24421
21560 16962 21256
21256 16962 21560
16962 21256 21560
11618 13346 23433
23433 11618 13346
13346 11618 23433
13754 2438 9952
9952 2438 13754
2438 9952 13754
16767 5898 29462
29462 5898 16767
5898 16767 29462
26046 2030 10176
10176 2030 26046
2030 10176 26046
14668 14333 19257
19257 14333 14668
14333 14668 19257
573 9294 11210
9294 573 11210
11210 573 9294
15248 5053 13807
13807 5053 15248
5053 13807 15248
5470 5274 23867
5274 5470 23867
23867 5274 5470
16681 11423 24650
24650 11423 16681
11423 16681 24650
15191 21088 25384
25384 15191 21088
21088 15191 25384
11833 6640 12549
6640 11833 12549
12549 6640 11833
26776 304 20539
20539 304 26776
304 20539 26776
14698 216 15182
15182 216 14698
216 14698 15182
23688 19566 29929
19566 23688 29929
29929 19566 23688
10362 18982 27817
27817 10362 18982
18982 10362 27817
9593 20531 23151
20531 9593 23151
23151 9593 20531
22600 8848 29729
29729 8848 22600
8848 22600 29729
666 22582 28674
22582 666 28674
28674 666 22582
14253 14051 27455
14051 14253 27455
27455 14051 14253
12447 12729 23708
23708 12447 12729
12729 12447 23708
22394 10121 29642
10121 22394 29642
29642 10121 22394
26134 16318 26995
16318 26134 26995
26995 16318 26134
14830 11002 21392
11002 14830 21392
21392 11002 14830
25865 13372 20280
20280 13372 25865
13372 20280 25865
1202 15698 20790
15698 1202 20790
20790 1202 15698
10974 10264 22515
22515 10264 10974
10264 10974 22515
18072 12645 20151
20151 12645 18072
12645 18072 20151
10179 17151 28504
17151 10179 28504
28504 10179 17151
19208 11905 13868
11905 13868 19208
13868 11905 19208
16067 3791 24605
3791 16067 24605
24605 3791 16067
25388 3327 5971
5971 3327 25388
3327 5971 25388
25652 21889 24883
24883 21889 25652
21889 24883 25652
6567 8744 17658
17658 6567 8744
8744 6567 17658
13464 18900 21114
18900 13464 21114
21114 13464 18900
19251 26282 26724
26282 19251 26724
26724 19251 26282
20438 12269 12361
12361 12269 20438
12269 12361 20438
17433 11318 27309
27309 11318 17433
11318 17433 27309
1863 19627 21342
19627 1863 21342
21342 1863 19627
26879 2792 27122
2792 26879 27122
27122 2792 26879
18985 14778 23508
14778 18985 23508
23508 14778 18985
9073 18862 28183
28183 9073 18862
18862 9073 28183
23939 6464 25383
6464 23939 25383
25383 6464 23939
19959 20577 22464
22464 19959 20577
20577 19959 22464
2207 8881 11781
11781 2207 8881
8881 2207 11781
8359 13093 15382
13093 8359 15382
15382 8359 13093
23847 2180 14022
14022 2180 23847
2180 14022 23847
9125 17959 28376
28376 9125 17959
17959 9125 28376
1556 14273 26983
26983 1556 14273
14273 1556 26983
23748 4370 15711
4370 15711 23748
15711 4370 23748
17409 17340 21227
17340 17409 21227
21227 17340 17409
6313 8235 15441
15441 6313 8235
8235 6313 15441
24722 18341 27880
27880 18341 24722
18341 24722 27880
11556 9205 14573
14573 9205 11556
9205 11556 14573
2556 1047 24206
24206 1047 2556
1047 2556 24206
26413 6388 17837
6388 17837 26413
17837 6388 26413
26444 4549 22005
22005 4549 26444
4549 22005 26444
3372 21427 24630
21427 3372 24630
24630 3372 21427
18034 13116 15779
13116 15779 18034
15779 13116 18034
4661 3599 26365
3599 4661 26365
26365 3599 4661
10693 7564 25410
25410 7564 10693
7564 10693 25410
28019 1326 10167
1326 10167 28019
10167 1326 28019
12854 15547 17242
15547 12854 17242
17242 12854 15547
16746 738 15874
15874 738 16746
738 15874 16746
15612 10474 12579
10474 12579 15612
12579 10474 15612
1097 12659 16184
12659 1097 16184
16184 1097 12659
21586 6686 27974
6686 21586 27974
27974 6686 21586
25657 5281 19230
5281 19230 25657
19230 5281 25657
9521 2793 10979
10979 2793 9521
2793 9521 10979
15988 13959 19853
13959 15988 19853
19853 13959 15988
23466 8438 27150
8438 23466 27150
27150 8438 23466
11838 18628 28014
18628 11838 28014
28014 11838 18628
18636 17671 24612
24612 17671 18636
17671 18636 24612
8162 1088 19901
19901 1088 8162
1088 8162 19901
29542 21793 27052
27052 21793 29542
21793 27052 29542
18457 19560 25186
25186 18457 19560
19560 18457 25186
13425 16182 22235
22235 13425 16182
16182 13425 22235
26553 11463 29974
11463 26553 29974
29974 11463 26553
7228 529 28340
28340 529 7228
529 7228 28340
11956 6017 17076
6017 11956 17076
17076 6017 11956
928 3887 10570
10570 928 3887
3887 928 10570
24791 6620 26418
6620 24791 26418
26418 6620 24791
25481 15543 28492
15543 25481 28492
28492 15543 25481
19337 19376 25623
19376 19337 25623
25623 19337 19376
6427 12848 22173
22173 6427 12848
12848 6427 22173
5138 5140 9989
5140 5138 9989
9989 5138 5140
58 24862 24931
24931 58 24862
24862 58 24931
14750 3070 9147
3070 9147 14750
9147 3070 14750
607 3846 21703
21703 607 3846
3846 607 21703
23766 8016 8571
8571 8016 23766
8016 8571 23766
21972 5111 17296
5111 17296 21972
17296 5111 21972
19166 14896 29351
29351 14896 19166
14896 19166 29351
23355 10217 11571
10217 11571 23355
11571 10217 23355
10414 7426 28251
28251 7426 10414
7426 10414 28251
169 18422 25500
25500 169 18422
18422 169 25500
8551 15163 23535
15163 8551 23535
23535 8551 15163
24145 21282 29011
21282 24145 29011
29011 21282 24145
5211 2408 5981
5981 2408 5211
2408 5211 5981
23734 5003 20399
20399 5003 23734
5003 20399 23734
10925 7193 17896
7193 10925 17896
17896 7193 10925
6923 6745 7388
7388 6745 6923
6745 6923 7388
11271 17670 20015
20015 11271 17670
17670 11271 20015
14670 3514 27827
3514 14670 27827
27827 3514 14670
10047 15262 27865
27865 10047 15262
15262 10047 27865
26949 15475 20483
20483 15475 26949
15475 20483 26949
25774 3004 8179
8179 3004 25774
3004 8179 25774
25319 10828 21098
10828 21098 25319
21098 10828 25319
103 10934 13539
13539 103 10934
10934 103 13539
13691 4693 4907
4693 4907 13691
4907 4693 13691
12566 684 10814
684 10814 12566
10814 684 12566
17273 3181 14517
3181 14517 17273
14517 3181 17273
10823 12183 23612
12183 10823 23612
23612 10823 12183
4914 5287 6740
6740 4914 5287
5287 4914 6740
27233 1338 19479
19479 1338 27233
1338 19479 27233
26922 4632 26811
26811 4632 26922
4632 26811 26922
21365 15180 17038
17038 15180 21365
15180 17038 21365
3702 11954 16468
11954 3702 16468
16468 3702 11954
4845 4762 19781
4762 4845 19781
19781 4762 4845
24838 9882 22085
9882 22085 24838
22085 9882 24838
4583 1738 2335
1738 2335 4583
2335 1738 4583
26628 27648 27674
27674 26628 27648
27648 26628 27674
29383 4979 17071
17071 4979 29383
4979 17071 29383
6520 19561 20978
20978 6520 19561
19561 6520 20978
14844 7666 13098
7666 13098 14844
13098 7666 14844
14550 6604 29463
29463 6604 14550
6604 14550 29463
12673 51 20772
51 12673 20772
20772 51 12673
10465 19820 27388
19820 10465 27388
27388 10465 19820
10195 8053 19001
19001 8053 10195
8053 10195 19001
1271 2992 23157
2992 1271 23157
23157 1271 2992
27754 6777 7189
6777 7189 27754
7189 6777 27754
1000 7353 19743
19743 1000 7353
7353 1000 19743
29553 8286 15775
15775 8286 29553
8286 15775 29553
3686 12206 22317
22317 3686 12206
12206 3686 22317
29949 17231 27381
27381 17231 29949
17231 27381 29949
15325 1316 20904
20904 1316 15325
1316 15325 20904
21578 1880 8758
8758 1880 21578
1880 8758 21578
13663 17368 27378
17368 13663 27378
27378 13663 17368
25196 16536 17785
17785 16536 25196
16536 17785 25196
2687 13165 14933
13165 2687 14933
14933 2687 13165
625 16935 21996
21996 625 16935
16935 625 21996
16013 24192 26606
26606 16013 24192
24192 16013 26606
4546 26090 28087
26090 4546 28087
28087 4546 26090
12597 2049 29865
2049 12597 29865
29865 2049 12597
16087 11086 23186
23186 11086 16087
11086 16087 23186
22703 4642 18621
18621 4642 22703
4642 18621 22703
27951 13151 17499
17499 13151 27951
13151 17499 27951
12627 4740 7205
4740 7205 12627
7205 4740 12627
111 12126 21939
21939 111 12126
12126 111 21939
1334 5330 22325
22325 1334 5330
5330 1334 22325
15586 12547 22514
22514 12547 15586
12547 15586 22514
2291 6694 22214
22214 2291 6694
6694 2291 22214
143 14406 15324
14406 143 15324
15324 143 14406
9012 22532 23893
23893 9012 22532
22532 9012 23893
13061 17786 23248
17786 13061 23248
23248 13061 17786
29516 5116 25641
5116 25641 29516
25641 5116 29516
22798 12229 16256
16256 12229 22798
12229 16256 22798
8746 2521 20357
20357 2521 8746
2521 8746 20357
3280 19398 22360
22360 3280 19398
19398 3280 22360
2279 2928 5883
5883 2279 2928
2928 2279 5883
13152 22653 25453
22653 13152 25453
25453 13152 22653
14876 7964 19773
7964 14876 19773
19773 7964 14876
4042 2976 4860
2976 4042 4860
4860 2976 4042
12591 24415 26099
26099 12591 24415
24415 12591 26099
26751 10369 15268
15268 10369 26751
10369 15268 26751
22448 24882 29260
29260 22448 24882
24882 22448 29260
26073 3890 9454
9454 3890 26073
3890 9454 26073
17251 14426 19774
14426 17251 19774
19774 14426 17251
4850 14567 28042
28042 4850 14567
14567 4850 28042
14341 4746 17445
17445 4746 14341
4746 14341 17445
26024 8472 9246
8472 9246 26024
9246 8472 26024
29222 4613 16968
4613 16968 29222
16968 4613 29222
3458 10939 18235
18235 3458 10939
10939 3458 18235
5608 1010 12247
12247 1010 5608
1010 5608 12247
23014 3257 20328
20328 3257 23014
3257 20328 23014
10759 16018 20051
20051 10759 16018
16018 10759 20051
3048 3066 3884
3066 3048 3884
3884 3048 3066
25033 184 29532
184 25033 29532
29532 184 25033
7299 8586 28870
8586 7299 28870
28870 7299 8586
27845 19191 25926
25926 19191 27845
19191 25926 27845
5632 8152 22583
8152 5632 22583
22583 5632 8152
15718 4585 20208
20208 4585 15718
4585 15718 20208
6408 20319 23192
23192 6408 20319
20319 6408 23192
12091 1541 11307
11307 1541 12091
1541 11307 12091
15957 975 2542
2542 975 15957
975 2542 15957
922 2953 17901
2953 922 17901
17901 922 2953
29317 13948 23975
13948 23975 29317
23975 13948 29317
5024 14185 16934
14185 5024 16934
16934 5024 14185
2033 8760 13105
8760 2033 13105
13105 2033 8760
2986 9966 15555
15555 2986 9966
9966 2986 15555
27344 4387 17221
4387 17221 27344
17221 4387 27344
10875 8259 16520
16520 8259 10875
8259 10875 16520
19386 457 3976
3976 457 19386
457 3976 19386
26683 3708 9422
9422 3708 26683
3708 9422 26683
2629 5968 16655
16655 2629 5968
5968 2629 16655
24386 10883 28629
28629 10883 24386
10883 24386 28629
6803 25671 28410
28410 6803 25671
25671 6803 28410
17123 7062 19664
19664 7062 17123
7062 17123 19664
27327 2079 3989
3989 2079 27327
2079 3989 27327
12108 3313 3485
3485 3313 12108
3313 3485 12108
23012 1422 22158
22158 1422 23012
1422 22158 23012
15500 17058 29202
17058 15500 29202
29202 15500 17058
24127 2794 9584
9584 2794 24127
2794 9584 24127
2454 953 6981
953 2454 6981
6981 953 2454
27608 4158 20230
20230 4158 27608
4158 20230 27608
12453 729 25832
25832 729 12453
729 12453 25832
11469 9539 28173
28173 9539 11469
9539 11469 28173
352 22980 27145
27145 352 22980
22980 352 27145
11741 15003 25397
25397 11741 15003
15003 11741 25397
26920 11191 22062
11191 22062 26920
22062 11191 26920
29761 24710 28577
24710 28577 29761
28577 24710 29761
1416 15867 19487
19487 1416 15867
15867 1416 19487
28428 8864 17005
17005 8864 28428
8864 17005 28428
2183 7751 15977
7751 2183 15977
15977 2183 7751
27721 26521 28553
28553 26521 27721
26521 27721 28553
6171 15715 22377
22377 6171 15715
15715 6171 22377
6889 20413 21894
20413 6889 21894
21894 6889 20413
4666 179 5193
5193 179 4666
179 4666 5193
4134 13618 16914
13618 4134 16914
16914 4134 13618
26230 2421 27595
27595 2421 26230
2421 26230 27595
26322 22138 22780
22138 22780 26322
22780 22138 26322
16957 4676 26631
4676 16957 26631
26631 4676 16957
2995 477 13461
477 2995 13461
13461 477 2995
25520 9501 16821
16821 9501 25520
9501 16821 25520
20158 18506 22405
18506 20158 22405
22405 18506 20158
26112 11026 22376
11026 22376 26112
22376 11026 26112
15758 7524 15928
15928 7524 15758
7524 15758 15928
18755 2464 22614
2464 18755 22614
22614 2464 18755
4966 8421 20934
20934 4966 8421
8421 4966 20934
29561 5259 16462
16462 5259 29561
5259 16462 29561
12821 2133 3836
2133 3836 12821
3836 2133 12821
14657 6357 27278
27278 6357 14657
6357 14657 27278
19442 11992 19326
19326 11992 19442
11992 19326 19442
16366 15739 15747
15739 15747 16366
15747 15739 16366
20572 2017 10826
10826 2017 20572
2017 10826 20572
11247 4941 28509
4941 11247 28509
28509 4941 11247
2881 12308 16128
12308 2881 16128
16128 2881 12308
22786 4532 19723
19723 4532 22786
4532 19723 22786
13293 14842 19710
19710 13293 14842
14842 13293 19710
770 12593 23338
23338 770 12593
12593 770 23338
20992 21358 24823
21358 20992 24823
24823 20992 21358
27904 17237 22052
22052 17237 27904
17237 22052 27904
16194 12296 25881
12296 16194 25881
25881 12296 16194
10014 11638 23100
23100 10014 11638
11638 10014 23100
17731 11635 27854
11635 17731 27854
27854 11635 17731
22537 6308 28152
28152 6308 22537
6308 22537 28152
7748 19054 20823
20823 7748 19054
19054 7748 20823
11744 21214 29686
21214 11744 29686
29686 11744 21214
12260 9901 25731
9901 12260 25731
25731 9901 12260
24673 6229 23040
23040 6229 24673
6229 23040 24673
3793 11898 22527
11898 3793 22527
22527 3793 11898
29350 5801 20286
5801 20286 29350
20286 5801 29350
5391 3368 9648
9648 3368 5391
3368 5391 9648
9218 1913 29713
1913 9218 29713
