181 152 173
152 173 181
173 152 181
116 135 202
135 116 202
202 116 135
176 297 300
297 176 300
300 176 297
241 95 98
98 95 241
95 98 241
231 7 107
7 107 231
107 7 231
128 180 210
180 128 210
210 128 180
203 106 214
106 203 214
214 106 203
143 17 104
104 17 143
17 104 143
240 101 105
101 105 240
105 101 240
258 66 267
66 258 267
267 66 258
35 23 87
23 35 87
87 23 35
208 43 256
256 43 208
43 208 256
119 157 164
157 119 164
164 119 157
198 78 281
78 198 281
281 78 198
65 147 161
161 65 147
147 65 161
239 55 56
55 56 239
56 55 239
245 69 197
69 197 245
197 69 245
284 52 253
52 253 284
253 52 284
232 80 170
80 170 232
170 80 232
9 77 224
224 9 77
77 9 224
228 261 277
261 228 277
277 228 261
41 123 282
282 41 123
123 41 282
200 209 265
265 200 209
209 200 265
268 236 275
236 268 275
275 236 268
195 213 285
213 195 285
285 195 213
96 108 113
113 96 108
108 96 113
130 51 156
51 130 156
156 51 130
215 103 188
188 103 215
103 188 215
187 71 177
177 71 187
71 177 187
111 70 183
70 111 183
183 70 111
140 31 36
31 36 140
36 31 140
225 53 196
53 196 225
196 53 225
251 190 260
260 190 251
190 251 260
243 38 226
38 226 243
226 38 243
186 219 269
269 186 219
219 186 269
244 86 212
212 86 244
86 212 244
206 93 97
97 93 206
93 97 206
121 155 182
155 121 182
182 121 155
136 118 148
118 136 148
148 118 136
67 166 273
273 67 166
166 67 273
134 34 292
34 134 292
292 34 134
230 59 254
59 230 254
254 59 230
33 153 201
201 33 153
153 33 201
216 57 165
165 57 216
57 165 216
16 6 49
49 6 16
6 16 49
42 89 287
89 42 287
287 42 89
193 124 299
124 193 299
299 124 193
44 179 257
257 44 179
179 44 257
139 233 235
235 139 233
233 139 235
82 30 229
30 82 229
229 30 82
272 5 120
120 5 272
5 120 272
191 8 62
8 62 191
62 8 191
237 85 126
85 126 237
126 85 237
169 205 234
205 169 234
234 169 205
76 46 131
46 76 131
131 46 76
114 115 192
192 114 115
115 114 192
259 92 102
102 92 259
92 102 259
60 14 172
172 14 60
14 60 172
83 122 295
122 83 295
295 83 122
129 73 175
73 129 175
175 73 129
3 158 199
199 3 158
158 3 199
276 91 222
222 91 276
91 222 276
218 117 132
117 132 218
132 117 218
174 18 28
28 18 174
18 28 174
24 27 246
246 24 27
27 24 246
264 39 291
39 264 291
291 39 264
249 4 263
4 249 263
263 4 249
54 19 144
144 19 54
19 54 144
223 194 288
288 194 223
194 223 288
227 110 112
112 110 227
110 112 227
271 75 290
75 271 290
290 75 271
154 37 150
150 37 154
37 150 154
262 1 149
1 149 262
149 1 262
79 13 162
13 79 162
162 13 79
142 74 250
250 74 142
74 142 250
286 167 283
283 167 286
167 283 286
145 238 274
238 145 274
274 145 238
12 88 266
266 12 88
88 12 266
204 84 220
84 204 220
220 84 204
64 270 293
270 64 293
293 64 270
294 47 63
63 47 294
47 63 294
133 40 137
137 40 133
40 133 137
68 58 159
159 58 68
58 68 159
211 141 217
217 141 211
141 211 217
189 48 248
48 189 248
248 48 189
2 32 278
278 2 32
32 2 278
279 15 151
151 15 279
15 151 279
168 207 298
298 168 207
207 168 298
221 61 94
94 61 221
61 94 221
22 10 50
50 10 22
10 22 50
296 171 289
171 289 296
289 171 296
99 25 160
160 25 99
25 99 160
45 81 255
255 45 81
81 45 255
125 242 247
242 125 247
247 125 242
163 20 100
20 100 163
100 20 163
185 184 252
184 185 252
252 184 185
21 127 138
127 21 138
138 21 127
90 72 109
72 90 109
109 72 90
178 26 146
146 26 178
26 146 178
11 29 280
29 11 280
280 11 29
