77 69 84
84 69 77
69 77 84
25 44 57
57 25 44
44 25 57
285 99 143
143 99 285
99 143 285
4 219 224
219 4 224
224 4 219
187 1 157
157 1 187
1 157 187
31 53 209
53 31 209
209 31 53
80 129 141
129 80 141
141 80 129
88 135 158
158 88 135
135 88 158
238 71 190
71 190 238
190 71 238
170 248 290
248 170 290
290 170 248
169 47 291
47 169 291
291 47 169
91 277 287
277 91 287
287 91 277
85 259 269
259 85 269
269 85 259
115 35 225
35 115 225
225 35 115
22 21 216
216 21 22
21 22 216
276 221 250
250 221 276
221 250 276
183 127 237
237 127 183
127 183 237
145 81 253
81 145 253
253 81 145
167 281 296
296 167 281
281 167 296
3 201 212
201 3 212
212 3 201
67 103 154
154 67 103
103 67 154
270 49 104
49 104 270
104 49 270
172 196 223
196 172 223
223 172 196
280 130 261
261 130 280
130 261 280
203 42 283
42 203 283
283 42 203
98 15 58
58 15 98
15 58 98
160 217 229
217 160 229
229 160 217
144 198 288
288 144 198
198 144 288
263 239 272
239 263 272
272 239 263
176 60 86
60 86 176
86 60 176
162 131 164
164 131 162
131 162 164
156 6 75
75 6 156
6 75 156
184 52 153
153 52 184
52 153 184
138 26 92
26 92 138
92 26 138
178 27 109
109 27 178
27 109 178
89 48 220
48 89 220
220 48 89
120 125 177
125 120 177
177 120 125
87 70 110
110 70 87
70 87 110
155 111 231
231 111 155
111 155 231
112 59 262
262 59 112
59 112 262
267 14 204
204 14 267
14 204 267
293 124 206
124 206 293
206 124 293
51 73 194
73 51 194
194 51 73
282 182 193
193 182 282
182 193 282
13 279 299
299 13 279
279 13 299
197 126 132
132 126 197
126 132 197
228 200 205
205 200 228
200 205 228
258 61 62
62 61 258
61 62 258
297 76 148
148 76 297
76 148 297
175 93 149
93 149 175
149 93 175
174 202 284
202 174 284
284 174 202
114 232 256
232 114 256
256 114 232
188 233 271
233 188 271
271 188 233
266 8 19
8 19 266
19 8 266
180 214 245
245 180 214
214 180 245
122 16 240
240 16 122
16 122 240
34 83 249
249 34 83
83 34 249
65 66 96
66 65 96
96 65 66
105 38 222
38 105 222
222 38 105
123 78 137
137 78 123
78 123 137
268 50 273
50 268 273
273 50 268
192 146 278
278 146 192
146 192 278
292 54 207
54 207 292
207 54 292
236 118 128
118 128 236
128 118 236
189 119 235
235 119 189
119 189 235
295 97 294
294 97 295
97 294 295
33 17 247
247 17 33
17 33 247
106 100 275
275 100 106
100 106 275
286 20 55
55 20 286
20 55 286
168 101 243
101 168 243
243 101 168
121 72 226
226 72 121
72 121 226
181 151 210
210 151 181
151 181 210
191 199 218
199 191 218
218 191 199
18 46 211
46 18 211
211 18 46
289 63 108
108 63 289
63 108 289
161 29 173
29 161 173
173 29 161
254 136 241
241 136 254
136 241 254
166 208 265
208 166 265
265 166 208
95 2 117
2 95 117
117 2 95
264 32 41
32 41 264
41 32 264
39 30 244
244 30 39
30 39 244
113 24 79
24 79 113
79 24 113
134 40 171
40 134 171
171 40 134
252 150 230
150 230 252
230 150 252
43 9 257
257 9 43
9 43 257
260 107 186
107 186 260
186 107 260
56 11 165
165 11 56
11 56 165
140 159 255
255 140 159
159 140 255
64 5 242
5 64 242
242 5 64
246 68 298
68 246 298
298 68 246
12 45 195
195 12 45
45 12 195
37 74 147
147 37 74
74 37 147
251 139 215
139 215 251
215 139 251
185 102 179
102 179 185
179 102 185
10 82 300
82 10 300
300 10 82
7 23 94
23 7 94
94 7 23
133 90 234
234 90 133
90 133 234
152 36 163
36 152 163
163 36 152
213 142 227
227 142 213
142 213 227
274 28 116
116 28 274
28 116 274
