47 48 131
131 47 48
48 47 131
264 143 242
143 242 264
242 143 264
281 52 108
108 52 281
52 108 281
214 46 199
199 46 214
46 199 214
265 226 282
282 226 265
226 265 282
296 45 159
159 45 296
45 159 296
147 157 269
157 147 269
269 147 157
176 185 198
185 176 198
198 176 185
217 86 248
248 86 217
86 217 248
170 26 222
222 26 170
26 170 222
104 124 155
155 104 124
124 104 155
219 21 163
163 21 219
21 163 219
245 200 256
200 245 256
256 200 245
56 220 231
220 56 231
231 56 220
7 140 261
261 7 140
140 7 261
295 53 61
61 53 295
53 61 295
289 20 286
286 20 289
20 286 289
177 34 227
34 177 227
227 34 177
144 128 136
136 128 144
128 136 144
19 12 150
12 19 150
150 12 19
184 113 182
182 113 184
113 182 184
210 149 156
156 149 210
149 156 210
109 40 139
139 40 109
40 109 139
115 54 192
54 115 192
192 54 115
263 186 206
206 186 263
186 206 263
297 66 205
205 66 297
66 205 297
51 27 246
246 27 51
27 51 246
243 129 154
154 129 243
129 154 243
93 238 275
238 93 275
275 93 238
62 44 96
44 62 96
96 44 62
234 188 257
257 188 234
188 234 257
267 81 172
172 81 267
81 172 267
99 134 280
134 99 280
280 99 134
36 32 65
65 32 36
32 36 65
158 33 101
33 101 158
101 33 158
6 68 161
161 6 68
68 6 161
63 60 207
60 63 207
207 60 63
64 116 255
116 64 255
255 64 116
237 166 283
166 237 283
283 166 237
35 90 223
90 35 223
223 35 90
235 125 191
191 125 235
125 191 235
100 31 279
31 100 279
279 31 100
15 84 105
84 15 105
105 15 84
252 38 216
38 216 252
216 38 252
114 41 276
276 41 114
41 114 276
169 8 80
8 80 169
80 8 169
201 112 181
112 181 201
181 112 201
126 2 117
117 2 126
2 117 126
215 77 83
77 83 215
83 77 215
50 118 141
118 50 141
141 50 118
59 107 179
107 59 179
179 59 107
284 127 138
127 138 284
138 127 284
247 183 274
183 247 274
274 183 247
152 49 151
151 49 152
49 151 152
88 3 268
3 88 268
268 3 88
272 208 212
208 212 272
212 208 272
253 11 254
11 253 254
254 11 253
106 42 251
251 42 106
42 106 251
160 102 142
102 142 160
142 102 160
164 71 204
204 71 164
71 164 204
17 218 278
278 17 218
218 17 278
291 79 153
79 153 291
153 79 291
74 110 167
167 74 110
110 74 167
299 24 92
24 92 299
92 24 299
13 148 178
148 13 178
178 13 148
224 9 203
9 203 224
203 9 224
241 14 97
14 97 241
97 14 241
174 229 285
229 174 285
285 174 229
171 121 260
121 171 260
260 121 171
266 120 196
120 196 266
196 120 266
4 5 250
5 4 250
250 4 5
72 213 292
292 72 213
213 72 292
22 122 133
122 22 133
133 22 122
25 240 259
259 25 240
240 25 259
249 18 67
67 18 249
18 67 249
58 87 294
87 58 294
294 58 87
209 89 194
194 89 209
89 194 209
195 187 221
221 187 195
187 195 221
98 94 190
190 94 98
94 98 190
135 132 145
132 135 145
145 132 135
293 78 130
78 130 293
130 78 293
270 1 290
290 1 270
1 270 290
123 39 197
39 123 197
197 39 123
76 82 287
287 76 82
82 76 287
236 193 262
193 236 262
262 193 236
273 202 225
225 202 273
202 225 273
173 111 258
258 111 173
111 173 258
75 55 288
55 75 288
288 55 75
37 180 271
271 37 180
180 37 271
29 30 103
103 29 30
30 29 103
95 23 277
277 23 95
23 95 277
57 162 168
168 57 162
162 57 168
230 189 232
189 230 232
232 189 230
300 91 211
91 211 300
211 91 300
244 10 298
298 10 244
10 244 298
175 16 233
16 175 233
233 16 175
69 70 137
70 69 137
137 69 70
73 85 119
119 73 85
85 73 119
228 43 165
43 165 228
165 43 228
239 28 146
146 28 239
28 146 239
