1841 1713 2019
2019 1713 1841
1713 1841 2019
1889 799 2337
799 1889 2337
2337 799 1889
1777 1498 2612
1498 1777 2612
2612 1498 1777
132 137 1412
1412 132 137
137 132 1412
2502 745 1828
1828 745 2502
745 1828 2502
829 399 2798
2798 399 829
399 829 2798
1316 2150 2767
2767 1316 2150
2150 1316 2767
72 1108 1572
1108 72 1572
1572 72 1108
360 76 2212
2212 76 360
76 360 2212
2673 288 2158
2158 288 2673
288 2158 2673
2165 1988 2091
2091 1988 2165
1988 2091 2165
419 2310 2998
2998 419 2310
2310 419 2998
2009 902 2130
902 2009 2130
2130 902 2009
2822 71 1026
71 1026 2822
1026 71 2822
2702 1087 1711
1087 1711 2702
1711 1087 2702
953 1027 2267
2267 953 1027
1027 953 2267
1922 687 884
884 687 1922
687 884 1922
1539 100 364
364 100 1539
100 364 1539
645 179 1791
179 645 1791
1791 179 645
1398 2115 2225
2225 1398 2115
2115 1398 2225
2845 561 597
561 597 2845
597 561 2845
67 1509 2386
1509 67 2386
2386 67 1509
2815 1488 2324
2324 1488 2815
1488 2324 2815
1090 1402 2233
1402 1090 2233
2233 1090 1402
2412 425 1849
1849 425 2412
425 1849 2412
2780 224 2904
224 2780 2904
2904 224 2780
416 2771 2843
2843 416 2771
2771 416 2843
1261 308 611
308 611 1261
611 308 1261
1377 2342 2717
2342 1377 2717
2717 1377 2342
660 116 631
631 116 660
116 631 660
40 427 1885
427 40 1885
1885 40 427
1863 945 1837
1837 945 1863
945 1837 1863
1650 237 952
237 952 1650
952 237 1650
2422 235 1179
1179 235 2422
235 1179 2422
1379 77 851
77 851 1379
851 77 1379
492 274 698
274 492 698
698 274 492
31 277 553
553 31 277
277 31 553
2802 1220 1923
1923 1220 2802
1220 1923 2802
210 336 992
992 210 336
336 210 992
521 1610 2111
2111 521 1610
1610 521 2111
2892 2248 2684
2248 2684 2892
2684 2248 2892
1011 971 1590
971 1011 1590
1590 971 1011
1406 240 1628
1628 240 1406
240 1406 1628
1776 384 1265
1265 384 1776
384 1265 1776
233 882 1468
1468 233 882
882 233 1468
1446 1609 2886
2886 1446 1609
1609 1446 2886
2757 1013 1383
1013 1383 2757
1383 1013 2757
1492 867 1479
1479 867 1492
867 1479 1492
1241 474 2192
474 1241 2192
2192 474 1241
426 89 1308
89 426 1308
1308 89 426
1164 673 910
673 910 1164
910 673 1164
2806 684 1656
1656 684 2806
684 1656 2806
2660 759 1202
1202 759 2660
759 1202 2660
314 568 2334
2334 314 568
568 314 2334
2511 964 2722
964 2511 2722
2722 964 2511
2455 323 2407
323 2407 2455
2407 323 2455
1679 709 975
975 709 1679
709 975 1679
2812 2492 2768
2492 2768 2812
2768 2492 2812
1673 1924 2264
2264 1673 1924
1924 1673 2264
2065 1704 1775
1775 1704 2065
1704 1775 2065
1201 574 1290
1290 574 1201
574 1201 1290
787 537 1112
1112 537 787
537 787 1112
1536 174 317
174 317 1536
317 174 1536
1951 1472 1973
1472 1951 1973
1973 1472 1951
1470 605 1743
1743 605 1470
605 1470 1743
341 1300 2348
2348 341 1300
1300 341 2348
2587 1717 2698
1717 2587 2698
2698 1717 2587
835 539 859
539 835 859
859 539 835
1800 1569 2307
2307 1569 1800
1569 1800 2307
2567 1613 2480
1613 2480 2567
2480 1613 2567
2053 145 2282
2282 145 2053
145 2053 2282
2270 1887 2366
1887 2270 2366
2366 1887 2270
1386 278 2398
278 1386 2398
2398 278 1386
1400 2010 2803
2010 1400 2803
2803 1400 2010
2453 198 2228
198 2228 2453
2228 198 2453
2322 238 926
238 926 2322
926 238 2322
1824 203 465
465 203 1824
203 465 1824
2483 1364 2486
1364 2483 2486
2486 1364 2483
1914 185 340
185 340 1914
340 185 1914
1433 897 2300
897 1433 2300
2300 897 1433
2775 834 1279
1279 834 2775
834 1279 2775
2371 304 1278
1278 304 2371
304 1278 2371
2283 102 2746
2746 102 2283
102 2283 2746
756 584 2749
2749 584 756
584 756 2749
1732 184 491
491 184 1732
184 491 1732
1222 1976 2462
2462 1222 1976
1976 1222 2462
1216 117 2765
117 1216 2765
2765 117 1216
2319 551 1581
1581 551 2319
551 1581 2319
508 305 2369
2369 305 508
305 508 2369
1410 624 2119
2119 624 1410
624 1410 2119
2603 2284 2724
2724 2284 2603
2284 2603 2724
582 1937 2986
1937 582 2986
2986 582 1937
569 1230 2560
2560 569 1230
1230 569 2560
2087 2012 2972
2012 2087 2972
2972 2012 2087
2361 1555 1826
1555 1826 2361
1826 1555 2361
840 994 2378
994 840 2378
2378 840 994
1099 32 880
880 32 1099
32 880 1099
864 486 2356
486 864 2356
2356 486 864
2847 118 1315
118 1315 2847
1315 118 2847
825 642 1850
642 825 1850
1850 642 825
822 231 883
883 231 822
231 822 883
2168 239 1098
1098 239 2168
239 1098 2168
2143 139 1104
139 1104 2143
1104 139 2143
2097 2672 2959
2959 2097 2672
2672 2097 2959
1427 1303 2311
2311 1303 1427
1303 1427 2311
2740 2377 2696
2696 2377 2740
2377 2696 2740
433 808 1995
1995 433 808
808 433 1995
1204 1689 2727
2727 1204 1689
1689 1204 2727
2884 888 2662
888 2662 2884
2662 888 2884
1343 119 129
129 119 1343
119 129 1343
1821 873 1612
1612 873 1821
873 1612 1821
1660 171 2084
2084 171 1660
171 1660 2084
2202 877 972
877 972 2202
972 877 2202
1486 1313 2913
1313 1486 2913
2913 1313 1486
1945 310 2245
2245 310 1945
310 1945 2245
2039 309 2545
309 2039 2545
2545 309 2039
2353 572 765
572 765 2353
765 572 2353
596 34 1567
1567 34 596
34 596 1567
2456 528 2762
528 2456 2762
2762 528 2456
2306 1772 2536
2536 1772 2306
1772 2306 2536
254 1080 1224
1080 254 1224
1224 254 1080
1064 11 1275
1275 11 1064
11 1064 1275
2105 1599 2417
1599 2105 2417
2417 1599 2105
5 1332 2855
2855 5 1332
1332 5 2855
837 740 2932
2932 740 837
740 837 2932
1371 2237 2665
2665 1371 2237
2237 1371 2665
2201 187 2254
2254 187 2201
187 2201 2254
1884 1902 2958
1902 1884 2958
2958 1884 1902
150 162 893
893 150 162
162 150 893
1899 2657 2890
2890 1899 2657
2657 1899 2890
1997 393 2214
393 1997 2214
2214 393 1997
138 388 2821
2821 138 388
388 138 2821
567 265 266
266 265 567
265 266 567
25 1157 2875
2875 25 1157
1157 25 2875
2135 282 1134
282 1134 2135
1134 282 2135
2446 1417 1520
1417 1520 2446
1520 1417 2446
1097 1721 2922
1721 1097 2922
2922 1097 1721
2976 1756 2831
2831 1756 2976
1756 2831 2976
2428 84 2036
84 2036 2428
2036 84 2428
1196 1623 1746
1623 1196 1746
1746 1196 1623
2099 801 889
801 889 2099
889 801 2099
1866 1523 2136
1523 1866 2136
2136 1523 1866
1100 1562 2114
2114 1100 1562
1562 1100 2114
2532 1105 2881
1105 2532 2881
2881 1105 2532
193 2435 2791
2435 193 2791
2791 193 2435
2133 1930 2569
2569 1930 2133
1930 2133 2569
328 797 2184
2184 328 797
797 328 2184
2397 614 2017
2017 614 2397
614 2017 2397
689 1724 2763
2763 689 1724
1724 689 2763
2566 911 1330
911 1330 2566
1330 911 2566
490 489 1593
1593 489 490
489 490 1593
2670 1120 1666
1120 1666 2670
1666 1120 2670
2548 1256 2206
1256 2206 2548
2206 1256 2548
1039 1411 2066
2066 1039 1411
1411 1039 2066
924 2374 2540
2540 924 2374
2374 924 2540
1897 876 1331
1331 876 1897
876 1331 1897
1840 2316 2488
2488 1840 2316
2316 1840 2488
1751 1977 2839
2839 1751 1977
1977 1751 2839
589 253 935
253 589 935
935 253 589
1869 1631 2697
1631 1869 2697
2697 1631 1869
114 1794 2605
2605 114 1794
1794 114 2605
186 241 2185
2185 186 241
241 186 2185
1860 220 680
220 680 1860
680 220 1860
60 189 1489
189 60 1489
1489 60 189
452 982 2935
2935 452 982
982 452 2935
1653 1698 1757
1757 1653 1698
1698 1653 1757
2050 1858 2810
1858 2050 2810
2810 1858 2050
2205 382 1020
1020 382 2205
382 1020 2205
273 2038 2349
2349 273 2038
2038 273 2349
2674 1886 2719
2719 1886 2674
1886 2674 2719
2060 353 2695
2695 353 2060
353 2060 2695
1038 1842 2266
2266 1038 1842
1842 1038 2266
2988 531 2750
2750 531 2988
531 2750 2988
1534 1392 2631
2631 1392 1534
1392 1534 2631
66 160 601
160 66 601
601 66 160
408 1054 1145
1145 408 1054
1054 408 1145
917 805 1522
805 917 1522
1522 805 917
195 676 1388
1388 195 676
676 195 1388
529 854 1122
1122 529 854
854 529 1122
2403 1618 2246
2246 1618 2403
1618 2246 2403
2636 595 1235
595 1235 2636
1235 595 2636
1285 1440 1500
1440 1285 1500
1500 1285 1440
2467 243 970
243 970 2467
970 243 2467
817 1896 2888
1896 817 2888
2888 817 1896
2358 748 2271
748 2271 2358
2271 748 2358
1834 441 445
441 445 1834
445 441 1834
337 473 1876
1876 337 473
473 337 1876
371 1801 2001
2001 371 1801
1801 371 2001
2433 194 1319
194 1319 2433
1319 194 2433
2230 1426 2987
2987 1426 2230
1426 2230 2987
1037 1622 2599
2599 1037 1622
1622 1037 2599
2550 976 1803
976 1803 2550
1803 976 2550
182 792 2261
792 182 2261
2261 182 792
1296 1948 2146
2146 1296 1948
1948 1296 2146
2276 477 2588
2588 477 2276
477 2276 2588
1043 81 2272
81 1043 2272
2272 81 1043
90 775 922
922 90 775
775 90 922
1706 506 2420
506 1706 2420
2420 506 1706
2249 865 1113
865 1113 2249
1113 865 2249
2247 694 1022
694 1022 2247
1022 694 2247
2213 1376 2013
1376 2013 2213
2013 1376 2213
1131 1528 2808
1528 1131 2808
2808 1131 1528
1564 960 1359
1359 960 1564
960 1359 1564
2029 73 2522
73 2029 2522
2522 73 2029
1170 1709 1943
1709 1170 1943
1943 1170 1709
2305 332 591
591 332 2305
332 591 2305
1603 807 1556
1556 807 1603
807 1556 1603
1078 113 2921
113 1078 2921
2921 113 1078
653 1393 2405
2405 653 1393
1393 653 2405
2654 616 1248
616 1248 2654
1248 616 2654
1325 956 1351
1351 956 1325
956 1325 1351
15 2071 2663
2663 15 2071
2071 15 2663
2309 2044 2172
2172 2044 2309
2044 2172 2309
2051 1086 1228
1086 1228 2051
1228 1086 2051
429 1459 1688
1688 429 1459
1459 429 1688
527 1056 1768
1768 527 1056
1056 527 1768
1008 1755 2841
2841 1008 1755
1755 1008 2841
2151 1243 2302
2302 1243 2151
1243 2151 2302
733 376 2120
376 733 2120
2120 376 733
1272 183 2142
183 1272 2142
2142 183 1272
2944 87 1221
1221 87 2944
87 1221 2944
400 247 251
251 247 400
247 251 400
855 1752 2298
1752 855 2298
2298 855 1752
1223 732 981
732 981 1223
981 732 1223
2593 457 1068
1068 457 2593
457 1068 2593
2985 556 2739
2739 556 2985
556 2739 2985
2390 2372 2376
2376 2372 2390
2372 2376 2390
1779 1146 2090
1146 1779 2090
2090 1146 1779
443 843 1932
843 443 1932
1932 443 843
1639 422 2174
2174 422 1639
422 1639 2174
2292 1062 2312
2312 1062 2292
1062 2292 2312
720 1288 1360
1288 720 1360
1360 720 1288
2295 14 632
14 632 2295
632 14 2295
2517 1253 1458
1458 1253 2517
1253 1458 2517
604 10 707
10 604 707
707 10 604
2240 1608 1784
1608 1784 2240
1784 1608 2240
246 155 1264
155 246 1264
1264 155 246
111 430 552
430 111 552
552 111 430
2751 1645 1787
1787 1645 2751
1645 1787 2751
2733 78 1685
78 1685 2733
1685 78 2733
2274 1761 1883
1761 1883 2274
1883 1761 2274
2832 2086 2262
2262 2086 2832
2086 2262 2832
2871 1649 2927
1649 2871 2927
2927 1649 2871
1155 1232 1814
1814 1155 1232
1232 1155 1814
1818 896 1091
1091 896 1818
896 1091 1818
2388 12 1667
12 1667 2388
1667 12 2388
655 469 1513
1513 469 655
469 655 1513
705 1451 2007
1451 705 2007
2007 705 1451
857 940 2565
940 857 2565
2565 857 940
1986 1309 1335
1335 1309 1986
1309 1335 1986
48 1529 1557
1557 48 1529
1529 48 1557
677 1566 2546
2546 677 1566
1566 677 2546
316 959 1110
1110 316 959
959 316 1110
2287 762 1274
1274 762 2287
762 1274 2287
2073 980 2804
2804 980 2073
980 2073 2804
1456 285 727
285 727 1456
727 285 1456
2925 1036 1549
1549 1036 2925
1036 1549 2925
165 334 2825
334 165 2825
2825 165 334
1267 1077 1340
1077 1267 1340
1340 1077 1267
1675 2518 2656
2656 1675 2518
2518 1675 2656
2644 693 944
944 693 2644
693 944 2644
213 222 438
438 213 222
222 213 438
2217 461 2016
2016 461 2217
461 2016 2217
1602 177 2883
2883 177 1602
177 1602 2883
1324 812 1225
1225 812 1324
812 1225 1324
1015 2 2093
2 1015 2093
2093 2 1015
1956 234 2606
2606 234 1956
234 1956 2606
2485 302 1457
1457 302 2485
302 1457 2485
2964 42 105
42 105 2964
105 42 2964
484 196 2661
2661 196 484
196 484 2661
1140 2373 2680
2680 1140 2373
2373 1140 2680
1839 2139 2642
2642 1839 2139
2139 1839 2642
91 2363 2521
2363 91 2521
2521 91 2363
548 1690 1785
1785 548 1690
1690 548 1785
1312 1021 1103
1021 1103 1312
1103 1021 1312
2021 24 1000
1000 24 2021
24 1000 2021
2294 392 1852
392 1852 2294
1852 392 2294
1592 743 1133
743 1133 1592
1133 743 1592
1642 696 2938
2938 696 1642
696 1642 2938
1540 190 1017
1017 190 1540
190 1017 1540
99 2643 2694
2643 99 2694
2694 99 2643
1442 1031 2273
1031 1442 2273
2273 1031 1442
2874 136 1712
136 1712 2874
1712 136 2874
377 236 1326
1326 236 377
236 377 1326
870 629 923
923 629 870
629 870 923
2514 1 828
828 1 2514
1 828 2514
149 1638 2092
2092 149 1638
1638 149 2092
790 862 2551
2551 790 862
862 790 2551
1127 217 1092
1092 217 1127
217 1092 1127
2440 1745 2905
2905 1745 2440
1745 2440 2905
439 1691 1969
1969 439 1691
1691 439 1969
983 751 2531
2531 751 983
751 983 2531
315 2609 2945
2609 315 2945
2945 315 2609
1089 1682 2613
1682 1089 2613
2613 1089 1682
2182 585 1067
1067 585 2182
585 1067 2182
2770 104 764
104 764 2770
764 104 2770
389 156 938
156 389 938
938 156 389
2178 1055 1396
1055 1396 2178
1396 1055 2178
1353 1829 2898
2898 1353 1829
1829 1353 2898
520 868 2438
868 520 2438
2438 520 868
2558 480 1349
1349 480 2558
480 1349 2558
1798 16 565
16 565 1798
565 16 1798
1864 2018 2281
2281 1864 2018
2018 1864 2281
789 151 2858
151 789 2858
2858 151 789
772 814 838
838 772 814
814 772 838
432 1853 1983
1983 432 1853
1853 432 1983
33 878 2690
2690 33 878
878 33 2690
2556 1152 2942
1152 2556 2942
2942 1152 2556
1096 1697 1980
1697 1096 1980
1980 1096 1697
284 663 927
927 284 663
663 284 927
82 1949 2244
2244 82 1949
1949 82 2244
28 2732 2924
2732 28 2924
2924 28 2732
816 750 2982
2982 750 816
750 816 2982
201 2495 2533
2533 201 2495
2495 201 2533
1851 146 606
146 606 1851
606 146 1851
769 228 1950
1950 228 769
228 769 1950
2285 223 2911
2911 223 2285
223 2285 2911
1419 1758 2950
2950 1419 1758
1758 1419 2950
133 1014 1403
1403 133 1014
1014 133 1403
1320 1543 2173
1543 1320 2173
2173 1320 1543
1273 447 804
804 447 1273
447 804 1273
2024 644 2241
644 2024 2241
2241 644 2024
1350 1854 2070
1854 1350 2070
2070 1350 1854
380 1926 2906
1926 380 2906
2906 380 1926
1159 1517 2658
1517 1159 2658
2658 1159 1517
2668 514 658
658 514 2668
514 658 2668
225 1452 2199
1452 225 2199
2199 225 1452
1448 602 1200
602 1200 1448
1200 602 1448
761 2263 2947
2947 761 2263
2263 761 2947
958 167 1729
1729 167 958
167 958 1729
1939 1069 1141
1141 1069 1939
1069 1141 1939
664 1636 1754
1754 664 1636
1636 664 1754
1537 1118 2955
2955 1118 1537
1118 1537 2955
95 538 1953
1953 95 538
538 95 1953
495 562 977
562 495 977
977 495 562
472 909 1781
1781 472 909
909 472 1781
1665 1044 2632
1044 1665 2632
2632 1044 1665
501 719 852
852 501 719
719 501 852
670 1634 2618
1634 670 2618
2618 670 1634
2586 370 557
370 557 2586
557 370 2586
69 256 453
453 69 256
256 69 453
2712 1506 2112
1506 2112 2712
2112 1506 2712
110 525 1647
1647 110 525
525 110 1647
1715 141 1970
141 1715 1970
1970 141 1715
2701 619 1160
1160 619 2701
619 1160 2701
842 513 2128
2128 513 842
513 842 2128
2170 2278 2575
2278 2170 2575
2575 2170 2278
1434 297 2638
297 1434 2638
2638 297 1434
1838 1908 2437
1908 1838 2437
2437 1838 1908
192 1029 1510
1029 192 1510
1510 192 1029
1966 1807 2523
1807 1966 2523
2523 1807 1966
1561 612 1045
612 1045 1561
1045 612 1561
64 738 2761
738 64 2761
2761 64 738
1123 287 2449
287 1123 2449
2449 287 1123
496 507 609
507 496 609
609 496 507
1716 1136 2584
1136 1716 2584
2584 1136 1716
2448 1626 1903
1626 1903 2448
1903 1626 2448
2885 1890 2326
2326 1890 2885
1890 2326 2885
685 2383 2852
2383 685 2852
2852 685 2383
933 848 1478
848 933 1478
1478 848 933
1432 593 2824
2824 593 1432
593 1432 2824
2907 2141 2953
2953 2141 2907
2141 2907 2953
1485 109 989
109 989 1485
989 109 1485
1604 330 2011
330 1604 2011
2011 330 1604
1367 1277 2966
1277 1367 2966
2966 1277 1367
2430 2934 2946
2946 2430 2934
2934 2430 2946
2817 1341 2909
2909 1341 2817
1341 2817 2909
810 717 728
728 717 810
717 728 810
2487 1461 2096
2096 1461 2487
1461 2096 2487
1480 1972 2033
1972 1480 2033
2033 1480 1972
544 352 2745
2745 352 544
352 544 2745
1901 2370 2559
2370 1901 2559
2559 1901 2370
1191 1466 2490
2490 1191 1466
1466 1191 2490
1126 319 349
349 319 1126
319 349 1126
1487 1551 2583
2583 1487 1551
1551 1487 2583
2844 345 1205
1205 345 2844
345 1205 2844
1968 2329 2880
2880 1968 2329
2329 1968 2880
1585 1301 1530
1530 1301 1585
1301 1530 1585
1727 2355 2840
2355 1727 2840
2840 1727 2355
2176 148 2826
2826 148 2176
148 2176 2826
2299 1295 2404
1295 2299 2404
2404 1295 2299
916 206 421
206 421 916
421 206 916
2077 6 2710
2710 6 2077
6 2077 2710
1494 2041 2122
2041 1494 2122
2122 1494 2041
2601 112 413
413 112 2601
112 413 2601
2059 793 2489
2489 793 2059
793 2059 2489
2693 2008 2198
2008 2198 2693
2198 2008 2693
800 2195 2539
2195 800 2539
2539 800 2195
1162 586 2997
586 1162 2997
2997 586 1162
121 361 2687
2687 121 361
361 121 2687
1558 2075 2994
2994 1558 2075
2075 1558 2994
2862 1063 2646
1063 2646 2862
2646 1063 2862
1778 1652 2846
1652 1778 2846
2846 1652 1778
2472 53 576
53 576 2472
576 53 2472
809 1482 2004
2004 809 1482
1482 809 2004
2549 729 1944
1944 729 2549
729 1944 2549
1161 1954 2723
2723 1161 1954
1954 1161 2723
1605 1971 1990
1971 1605 1990
1990 1605 1971
2123 306 703
306 703 2123
703 306 2123
907 1012 2346
2346 907 1012
1012 907 2346
1553 1342 2849
2849 1342 1553
1342 1553 2849
1573 51 1825
1825 51 1573
51 1573 1825
411 324 2647
324 411 2647
2647 324 411
1730 1508 2444
1508 1730 2444
2444 1508 1730
2715 722 1065
1065 722 2715
722 1065 2715
2227 872 2991
2991 872 2227
872 2227 2991
1550 1933 2207
1933 1550 2207
2207 1550 1933
1184 1808 2691
2691 1184 1808
1808 1184 2691
1641 2223 2960
2223 1641 2960
2960 1641 2223
1034 744 978
744 978 1034
978 744 1034
1270 967 1799
1799 967 1270
967 1270 1799
1735 638 1365
1365 638 1735
638 1365 1735
2848 1250 2598
2598 1250 2848
1250 2598 2848
359 1311 1588
1311 359 1588
1588 359 1311
2069 292 517
292 517 2069
517 292 2069
516 671 1505
1505 516 671
671 516 1505
1891 879 2574
879 1891 2574
2574 879 1891
1249 45 2910
45 1249 2910
2910 45 1249
1259 820 2741
2741 820 1259
820 1259 2741
708 791 973
973 708 791
791 708 973
1218 2519 2630
2630 1218 2519
2519 1218 2630
1733 255 1637
1637 255 1733
255 1637 1733
418 356 2577
2577 356 418
356 418 2577
394 1137 2471
2471 394 1137
1137 394 2471
1661 122 962
962 122 1661
122 962 1661
2419 1307 1640
1640 1307 2419
1307 1640 2419
1387 1957 2742
1957 1387 2742
2742 1387 1957
1378 373 2645
373 1378 2645
2645 373 1378
2269 1985 2621
1985 2269 2621
2621 1985 2269
143 75 1780
1780 75 143
75 143 1780
454 716 830
716 454 830
830 454 716
88 777 2466
2466 88 777
777 88 2466
1166 1760 2764
2764 1166 1760
1760 1166 2764
1703 668 2995
2995 668 1703
668 1703 2995
1871 1644 2893
1644 1871 2893
2893 1644 1871
2325 1180 2068
1180 2068 2325
2068 1180 2325
806 1843 2259
1843 806 2259
2259 806 1843
2912 2427 2754
2427 2754 2912
2754 2427 2912
2160 541 941
541 941 2160
941 541 2160
68 2117 2476
2117 68 2476
2476 68 2117
409 577 1616
577 409 1616
1616 409 577
2344 778 1611
1611 778 2344
778 1611 2344
2633 796 2331
2331 796 2633
796 2331 2633
2553 55 1846
1846 55 2553
55 1846 2553
2395 961 1187
1187 961 2395
961 1187 2395
891 2681 2718
2681 891 2718
2718 891 2681
2047 494 1737
1737 494 2047
494 1737 2047
932 1762 1856
1856 932 1762
1762 932 1856
2330 374 1306
374 1306 2330
1306 374 2330
1074 276 1088
1088 276 1074
276 1074 1088
1920 617 754
754 617 1920
617 754 1920
1587 2819 2978
2978 1587 2819
2819 1587 2978
1336 1880 2067
2067 1336 1880
1880 1336 2067
1153 600 1684
600 1153 1684
1684 600 1153
1421 279 381
381 279 1421
279 381 1421
1385 833 2755
833 1385 2755
2755 833 1385
1399 354 2534
2534 354 1399
354 1399 2534
2200 38 2157
38 2157 2200
2157 38 2200
2736 845 2594
845 2594 2736
2594 845 2736
713 912 2861
2861 713 912
912 713 2861
161 714 1251
1251 161 714
714 161 1251
1380 49 1927
1927 49 1380
49 1380 1927
2236 581 2279
581 2236 2279
2279 581 2236
2859 215 1831
215 1831 2859
1831 215 2859
2196 1960 2928
1960 2196 2928
2928 1960 2196
885 943 1764
1764 885 943
943 885 1764
2046 826 1176
1176 826 2046
826 1176 2046
770 1917 2229
2229 770 1917
1917 770 2229
986 1291 1633
1291 986 1633
1633 986 1291
1418 63 2879
63 1418 2879
2879 63 1418
1496 1658 2682
2682 1496 1658
1658 1496 2682
1082 214 1552
214 1082 1552
1552 214 1082
2707 918 2993
2993 918 2707
918 2707 2993
737 1580 2396
1580 737 2396
2396 737 1580
2830 1548 1893
1548 1893 2830
1893 1548 2830
968 613 1493
1493 613 968
613 968 1493
1879 97 2365
97 1879 2365
2365 97 1879
2778 2187 2720
2187 2720 2778
2720 2187 2778
1861 204 1484
204 1484 1861
1484 204 1861
2491 1240 2179
2179 1240 2491
1240 2179 2491
1873 580 1005
580 1005 1873
1005 580 1873
1811 1094 2098
2098 1094 1811
1094 1811 2098
1696 681 1471
1471 681 1696
681 1471 1696
163 1305 2478
1305 163 2478
2478 163 1305
715 188 456
456 188 715
188 456 715
2006 639 1415
1415 639 2006
639 1415 2006
1208 1405 2308
1405 1208 2308
2308 1208 1405
2908 1317 2669
2669 1317 2908
1317 2669 2908
1578 2078 2286
2078 1578 2286
2286 1578 2078
894 821 2497
2497 821 894
821 894 2497
2473 1238 2414
1238 2414 2473
2414 1238 2473
827 1476 2513
2513 827 1476
1476 827 2513
2692 547 1571
547 1571 2692
1571 547 2692
350 753 2362
2362 350 753
753 350 2362
2113 1742 1877
1742 1877 2113
1877 1742 2113
2679 212 2620
212 2620 2679
2620 212 2679
263 296 1892
296 263 1892
1892 263 296
881 448 2367
2367 448 881
448 881 2367
2686 1255 1544
1544 1255 2686
1255 1544 2686
2915 252 1368
1368 252 2915
252 1368 2915
2864 303 824
303 824 2864
824 303 2864
620 226 2108
2108 226 620
226 620 2108
2592 153 2496
2496 153 2592
153 2496 2592
863 1028 2161
2161 863 1028
1028 863 2161
2164 2335 2738
2335 2164 2738
2738 2164 2335
996 79 2442
2442 79 996
79 996 2442
2193 207 2777
2777 207 2193
207 2193 2777
1085 1935 2774
1935 1085 2774
2774 1085 1935
1467 1381 1559
1559 1381 1467
1381 1467 1559
410 579 2425
579 410 2425
2425 410 579
2340 2048 2506
2048 2340 2506
2506 2048 2340
2231 331 1718
331 1718 2231
1718 331 2231
2197 1391 1629
1391 1629 2197
1629 1391 2197
1589 704 1518
704 1518 1589
1518 704 1589
1051 326 2527
2527 326 1051
326 1051 2527
2208 1635 1793
1793 1635 2208
1635 1793 2208
919 850 2961
2961 850 919
850 919 2961
1246 858 2629
2629 858 1246
858 1246 2629
1128 385 535
535 385 1128
385 535 1128
2730 1867 2628
2628 1867 2730
1867 2628 2730
2801 1929 2783
1929 2783 2801
2783 1929 2801
1570 451 1625
451 1570 1625
1625 451 1570
2530 1298 1447
1447 1298 2530
1298 1447 2530
1767 1771 2615
1771 1767 2615
2615 1767 1771
2916 283 1048
1048 283 2916
283 1048 2916
2571 1355 2406
1355 2406 2571
2406 1355 2571
406 726 2232
2232 406 726
726 406 2232
2054 2034 2169
2169 2034 2054
2034 2054 2169
442 1209 1936
1936 442 1209
1209 442 1936
74 2423 2796
2423 74 2796
2796 74 2423
2188 1435 2813
2813 1435 2188
1435 2188 2813
1462 1514 1987
1987 1462 1514
1514 1462 1987
1231 2219 2930
2219 1231 2930
2930 1231 2219
2296 191 1023
191 1023 2296
1023 191 2296
1382 301 2209
2209 301 1382
301 1382 2209
874 1001 2432
2432 874 1001
1001 874 2432
832 1895 2095
2095 832 1895
1895 832 2095
1071 1607 2410
2410 1071 1607
1607 1071 2410
107 1524 1741
1524 107 1741
1741 107 1524
39 2062 2352
2062 39 2352
2352 39 2062
1119 485 1686
485 1119 1686
1686 485 1119
202 108 1499
108 202 1499
1499 108 202
949 626 2671
626 949 2671
2671 626 949
640 1390 2608
1390 640 2608
2608 640 1390
1175 1820 2385
2385 1175 1820
1820 1175 2385
2138 321 2166
321 2138 2166
2166 321 2138
678 1327 2180
2180 678 1327
1327 678 2180
2293 147 219
219 147 2293
147 219 2293
1904 2526 2809
2526 1904 2809
2809 1904 2526
546 1519 2509
2509 546 1519
1519 546 2509
1009 2675 2865
2865 1009 2675
2675 1009 2865
1817 1700 2384
2384 1700 1817
1700 1817 2384
2125 903 2394
2394 903 2125
903 2125 2394
2937 1073 1430
1073 1430 2937
1430 1073 2937
695 20 2996
2996 20 695
20 695 2996
2317 295 346
295 346 2317
346 295 2317
2595 344 2573
2573 344 2595
344 2573 2595
1030 144 1750
144 1030 1750
1750 144 1030
1525 1449 1783
1449 1525 1783
1783 1449 1525
841 592 682
592 682 841
682 592 841
1916 786 1615
1615 786 1916
786 1615 1916
2216 1007 1416
1416 1007 2216
1007 1416 2216
2800 1189 2737
2737 1189 2800
1189 2737 2800
1805 869 1181
869 1181 1805
1181 869 1805
511 27 1138
1138 27 511
27 511 1138
2408 1720 2716
1720 2408 2716
2716 1720 2408
2659 1072 1361
1361 1072 2659
1072 1361 2659
1269 1726 1931
1726 1269 1931
1931 1269 1726
928 1865 2706
1865 928 2706
2706 928 1865
3 965 1239
1239 3 965
965 3 1239
2101 458 1654
1654 458 2101
458 1654 2101
2167 1042 1053
1042 1053 2167
1053 1042 2167
2971 925 1952
1952 925 2971
925 1952 2971
1921 503 1211
1211 503 1921
503 1211 1921
608 853 2570
853 608 2570
2570 608 853
2510 1345 1531
1345 1531 2510
1531 1345 2510
2238 65 1436
65 1436 2238
1436 65 2238
2989 784 2860
784 2860 2989
2860 784 2989
2655 844 2814
2814 844 2655
844 2655 2814
2970 383 2641
2641 383 2970
383 2641 2970
839 435 1362
435 839 1362
1362 435 839
1464 730 1816
1816 730 1464
730 1464 1816
1648 1047 1106
1047 1106 1648
1106 1047 1648
2537 1547 1991
1547 1991 2537
1991 1547 2537
134 1321 2940
1321 134 2940
2940 134 1321
2795 367 811
367 811 2795
811 367 2795
21 1214 1283
1283 21 1214
1214 21 1283
230 2443 2725
2443 230 2725
2725 230 2443
471 412 1236
412 471 1236
1236 412 471
2387 1079 2153
2153 1079 2387
1079 2153 2387
534 985 1731
985 534 1731
1731 534 985
2607 1212 2705
1212 2607 2705
2705 1212 2607
758 1358 2779
2779 758 1358
1358 758 2779
905 1287 2610
1287 905 2610
2610 905 1287
390 178 615
615 178 390
178 390 615
2474 1139 2664
2664 1139 2474
1139 2474 2664
1759 1595 2515
1595 1759 2515
2515 1595 1759
2357 46 1597
1597 46 2357
46 1597 2357
2581 436 2589
2589 436 2581
436 2581 2589
2121 1247 2611
2611 1247 2121
1247 2121 2611
125 699 988
988 125 699
699 125 988
2729 545 1827
545 1827 2729
1827 545 2729
2159 1848 2773
2773 1848 2159
1848 2159 2773
1375 218 2498
218 1375 2498
2498 218 1375
2818 1148 2045
2045 1148 2818
1148 2045 2818
2149 1455 2482
2482 1455 2149
1455 2149 2482
483 176 2079
176 483 2079
2079 176 483
181 208 963
208 181 963
963 181 208
281 1183 1420
1420 281 1183
1183 281 1420
289 200 2000
2000 200 289
200 289 2000
1906 1925 2785
1925 1906 2785
2785 1906 1925
1314 1061 2148
1061 1314 2148
2148 1061 1314
1795 460 999
999 460 1795
460 999 1795
2242 1677 1815
1677 1815 2242
1815 1677 2242
674 900 936
936 674 900
900 674 936
1959 2134 2676
2676 1959 2134
2134 1959 2676
2215 152 710
710 152 2215
152 710 2215
1774 2252 2321
2252 1774 2321
2321 1774 2252
2380 929 2578
2578 929 2380
929 2380 2578
2459 172 2235
2235 172 2459
172 2235 2459
397 56 904
56 397 904
904 56 397
1101 446 1619
1619 446 1101
446 1101 1619
2234 691 2464
691 2234 2464
2464 691 2234
607 1473 2243
1473 607 2243
2243 607 1473
2677 1565 2835
1565 2677 2835
2835 1565 2677
570 1671 2640
1671 570 2640
2640 570 1671
871 403 2031
2031 403 871
403 871 2031
294 524 1699
1699 294 524
524 294 1699
573 1533 1964
1964 573 1533
1533 573 1964
158 2617 2704
2704 158 2617
2617 158 2704
2074 679 1575
679 1575 2074
1575 679 2074
2555 780 1830
780 1830 2555
1830 780 2555
1095 747 2332
2332 747 1095
747 1095 2332
1546 542 2854
2854 542 1546
542 1546 2854
1299 599 1397
1397 599 1299
599 1299 1397
343 1723 2320
2320 343 1723
1723 343 2320
887 767 2568
767 887 2568
2568 767 887
622 83 1366
83 622 1366
1366 83 622
1819 701 1401
1401 701 1819
701 1401 1819
637 476 1323
476 637 1323
1323 476 637
1334 2856 2981
2856 1334 2981
2981 1334 2856
571 768 1941
768 571 1941
1941 571 768
1963 984 1938
984 1938 1963
1938 984 1963
898 2250 2967
2250 898 2967
2967 898 2250
1804 271 2020
271 1804 2020
2020 271 1804
2542 1035 2391
2391 1035 2542
1035 2391 2542
1646 92 1444
92 1444 1646
1444 92 1646
2026 216 997
997 216 2026
216 997 2026
2990 948 1738
1738 948 2990
948 1738 2990
18 2368 2582
2582 18 2368
2368 18 2582
2501 58 347
58 347 2501
347 58 2501
2265 1149 1676
1676 1149 2265
1149 1676 2265
130 920 1109
920 130 1109
1109 130 920
1601 1297 2850
1297 1601 2850
2850 1297 1601
2529 776 2786
2786 776 2529
776 2529 2786
2063 931 2002
2002 931 2063
931 2002 2063
2807 2399 2882
2399 2807 2882
2882 2399 2807
1040 1165 1372
1372 1040 1165
1165 1040 1372
2649 774 2081
774 2081 2649
2081 774 2649
405 1237 2538
2538 405 1237
1237 405 2538
1766 2175 2528
2175 1766 2528
2528 1766 2175
1280 991 1958
1958 991 1280
991 1280 1958
1836 1271 2524
1271 1836 2524
2524 1271 1836
2952 270 2211
2211 270 2952
270 2211 2952
2604 969 1822
969 1822 2604
1822 969 2604
2460 17 307
17 307 2460
307 17 2460
1413 1535 1845
1535 1413 1845
1845 1413 1535
482 505 1357
1357 482 505
505 482 1357
2061 2429 2627
2627 2061 2429
2429 2061 2627
2984 61 1404
1404 61 2984
61 1404 2984
813 652 1538
652 813 1538
1538 652 813
1790 646 1554
1554 646 1790
646 1554 1790
623 479 1910
479 623 1910
1910 479 623
351 2056 2347
2056 351 2347
2347 351 2056
221 1894 2210
2210 221 1894
1894 221 2210
2975 783 2035
2035 783 2975
783 2035 2975
312 530 1213
530 312 1213
1213 312 530
478 1998 2968
1998 478 2968
2968 478 1998
1019 1114 2042
1114 1019 2042
2042 1019 1114
1477 318 706
318 706 1477
706 318 1477
1749 43 866
866 43 1749
43 866 1749
3000 819 1692
1692 819 3000
819 1692 3000
621 1521 2328
1521 621 2328
2328 621 1521
259 22 1981
1981 22 259
22 259 1981
1177 1066 1859
1859 1066 1177
1066 1177 1859
2902 1802 2876
1802 2876 2902
2876 1802 2902
1003 369 2345
369 1003 2345
2345 369 1003
2416 934 2766
2766 934 2416
934 2416 2766
2709 123 2837
2837 123 2709
123 2709 2837
1632 86 1736
86 1632 1736
1736 86 1632
47 211 1507
1507 47 211
211 47 1507
2667 466 2129
466 2129 2667
2129 466 2667
1862 633 712
633 712 1862
712 633 1862
2931 752 1439
1439 752 2931
752 1439 2931
1844 325 947
325 947 1844
947 325 1844
1083 59 794
59 794 1083
794 59 1083
1545 2451 2458
2458 1545 2451
2451 1545 2458
1174 522 1158
1158 522 1174
522 1158 1174
697 954 2776
954 697 2776
2776 697 954
1151 280 2181
2181 280 1151
280 1151 2181
1483 683 2833
683 1483 2833
2833 683 1483
407 630 1614
630 407 1614
1614 407 630
2853 610 2683
2683 610 2853
610 2683 2853
1511 1172 2863
1172 1511 2863
2863 1172 1511
449 647 1129
1129 449 647
647 449 1129
2564 1429 2468
2468 1429 2564
1429 2468 2564
1475 1182 2014
1182 1475 2014
2014 1182 1475
398 124 628
124 398 628
628 124 398
2867 244 2288
244 2288 2867
2288 244 2867
1059 666 1898
666 1059 1898
1898 666 1059
2131 688 2103
2103 688 2131
688 2103 2131
2137 725 785
785 725 2137
725 785 2137
9 313 2596
313 9 2596
2596 9 313
2409 2315 2753
2753 2315 2409
2315 2409 2753
1527 329 1199
329 1199 1527
1199 329 1527
1655 54 1503
54 1503 1655
1503 54 1655
1124 861 1135
1135 861 1124
861 1124 1135
1004 2590 2653
2653 1004 2590
2590 1004 2653
2760 1147 1453
1147 1453 2760
1453 1147 2760
1915 519 2823
519 1915 2823
2823 519 1915
386 504 2504
2504 386 504
504 386 2504
2547 300 1414
1414 300 2547
300 1414 2547
1006 1010 1560
1010 1006 1560
1560 1006 1010
1905 1702 1947
1947 1702 1905
1702 1905 1947
523 2037 2475
2475 523 2037
2037 523 2475
1194 1302 1443
1302 1194 1443
1443 1194 1302
2591 913 1409
913 1409 2591
1409 913 2591
847 404 1714
404 847 1714
1714 404 847
1178 1058 2600
2600 1058 1178
1058 1178 2600
1050 654 2447
2447 654 1050
654 1050 2447
115 1568 2899
1568 115 2899
2899 115 1568
2360 1384 2032
2032 1384 2360
1384 2032 2360
1117 157 2752
2752 157 1117
157 1117 2752
1076 686 2057
2057 686 1076
686 1076 2057
327 1254 1928
1928 327 1254
1254 327 1928
464 1722 2616
2616 464 1722
1722 464 2616
2828 379 2089
2089 379 2828
379 2089 2828
590 1081 2866
2866 590 1081
1081 590 2866
1282 1356 2327
1356 1282 2327
2327 1282 1356
249 357 1907
1907 249 357
357 249 1907
2956 1874 1961
1961 1874 2956
1874 1961 2956
2535 1437 2022
1437 2022 2535
2022 1437 2535
625 4 1912
1912 4 625
4 625 1912
2479 643 2333
643 2333 2479
2333 643 2479
831 1260 1596
1260 831 1596
1596 831 1260
358 1490 1664
1664 358 1490
1490 358 1664
802 2052 2999
2052 802 2999
2999 802 2052
763 661 892
661 763 892
892 661 763
1060 721 2140
721 1060 2140
2140 721 1060
2563 690 2493
690 2493 2563
2493 690 2563
946 1946 2634
1946 946 2634
2634 946 1946
749 723 2626
723 749 2626
2626 723 749
1292 1107 2920
2920 1107 1292
1107 1292 2920
257 1978 2734
2734 257 1978
1978 257 2734
1408 85 2499
85 1408 2499
2499 85 1408
1806 322 2650
2650 322 1806
322 1806 2650
2758 1832 2842
1832 2758 2842
2842 1832 2758
1687 488 634
488 634 1687
634 488 1687
1598 2224 2793
2224 1598 2793
2793 1598 2224
2072 672 2877
2877 672 2072
672 2072 2877
2957 2083 2625
2625 2083 2957
2083 2625 2957
2689 1284 2897
2897 1284 2689
1284 2689 2897
532 36 603
36 532 603
603 36 532
2980 1651 2992
2992 1651 2980
1651 2980 2992
2699 101 736
101 736 2699
736 101 2699
2784 788 1710
1710 788 2784
788 1710 2784
1739 1002 1234
1002 1234 1739
1234 1002 1739
2226 1875 2058
2058 1875 2226
1875 2058 2226
1463 348 2415
348 1463 2415
2415 348 1463
428 895 1512
1512 428 895
895 428 1512
2222 540 1348
540 1348 2222
1348 540 2222
1481 197 2962
197 1481 2962
2962 197 1481
338 766 1173
766 338 1173
1173 338 766
402 1203 1516
1203 402 1516
1516 402 1203
1584 1206 2648
1206 1584 2648
2648 1206 1584
434 588 1144
1144 434 588
588 434 1144
1193 1965 2030
1965 1193 2030
2030 1193 1965
1627 1621 2743
1621 1627 2743
2743 1621 1627
2836 998 2469
2469 998 2836
998 2469 2836
2484 1057 2666
2666 1057 2484
1057 2484 2666
2543 1497 2204
2204 1497 2543
1497 2204 2543
2100 1425 2107
1425 2100 2107
2107 1425 2100
575 533 2954
533 575 2954
2954 533 575
782 1252 2152
1252 782 2152
2152 782 1252
2104 2341 2452
2452 2104 2341
2341 2104 2452
175 1719 2652
2652 175 1719
1719 175 2652
667 209 1855
1855 209 667
209 667 1855
823 19 2088
2088 19 823
19 823 2088
1693 2708 2936
2708 1693 2936
2936 1693 2708
242 1192 2118
1192 242 2118
2118 242 1192
44 1670 2805
1670 44 2805
2805 44 1670
41 1870 2183
2183 41 1870
1870 41 2183
856 979 1422
1422 856 979
979 856 1422
1130 450 2359
450 1130 2359
2359 450 1130
2500 455 2336
2336 455 2500
455 2336 2500
648 1207 2943
2943 648 1207
1207 648 2943
1748 559 1857
1857 559 1748
559 1748 1857
1395 1046 1823
1823 1046 1395
1046 1395 1823
1617 2191 2685
2191 1617 2685
2685 1617 2191
2731 199 2255
2255 199 2731
199 2255 2731
641 1515 2951
2951 641 1515
1515 641 2951
1116 1495 2156
2156 1116 1495
1495 1116 2156
166 70 2792
2792 70 166
70 166 2792
2461 1328 2624
2624 1328 2461
1328 2461 2624
1460 550 2983
550 1460 2983
2983 550 1460
1337 1093 2525
2525 1093 1337
1093 1337 2525
227 1979 2918
1979 227 2918
2918 227 1979
1190 755 1373
755 1190 1373
1373 755 1190
355 2503 2851
2503 355 2851
2851 355 2503
37 950 1763
950 37 1763
1763 37 950
1102 846 993
846 993 1102
993 846 1102
286 248 1624
1624 248 286
248 286 1624
1354 13 1167
13 1167 1354
1167 13 1354
1882 57 795
795 57 1882
57 795 1882
1033 290 2622
290 1033 2622
2622 290 1033
1352 164 512
164 512 1352
512 164 1352
2516 463 2003
463 2003 2516
2003 463 2516
2829 1681 1913
1681 1913 2829
1913 1681 2829
342 1310 2221
2221 342 1310
1310 342 2221
1450 566 1281
566 1281 1450
1281 566 1450
1526 475 2268
2268 475 1526
475 1526 2268
554 2901 2973
2901 554 2973
2973 554 2901
2277 260 1789
1789 260 2277
260 1789 2277
746 815 2623
2623 746 815
815 746 2623
2426 62 594
62 594 2426
594 62 2426
2637 1753 2343
2343 1753 2637
1753 2343 2637
1217 627 2297
627 1217 2297
2297 627 1217
154 665 724
724 154 665
665 154 724
2557 1996 2811
2811 1996 2557
1996 2557 2811
1582 995 1163
995 1163 1582
1163 995 1582
555 487 1024
487 555 1024
1024 487 555
757 391 2781
2781 391 757
391 757 2781
1454 493 2726
493 1454 2726
2726 493 1454
424 498 2260
498 424 2260
2260 424 498
1792 293 1532
1532 293 1792
293 1532 1792
2579 368 1909
368 1909 2579
1909 368 2579
1728 378 1586
378 1586 1728
1586 378 1728
1049 2189 2933
2933 1049 2189
2189 1049 2933
2979 1833 1989
1833 1989 2979
1989 1833 2979
1683 1643 2154
2154 1643 1683
1643 1683 2154
1186 781 899
899 781 1186
781 899 1186
739 930 2023
930 739 2023
2023 739 930
311 2735 2903
2735 311 2903
2903 311 2735
366 1878 2887
1878 366 2887
2887 366 1878
1474 261 2080
2080 261 1474
261 1474 2080
2436 94 2163
2163 94 2436
94 2163 2436
2772 659 2721
659 2721 2772
2721 659 2772
1150 417 2450
417 1150 2450
2450 417 1150
1407 23 2917
2917 23 1407
23 1407 2917
636 1469 2857
2857 636 1469
1469 636 2857
2127 500 2919
2919 500 2127
500 2127 2919
735 168 363
168 363 735
363 168 735
1994 741 2171
741 1994 2171
2171 741 1994
264 2005 2711
2005 264 2711
2711 264 2005
1999 849 2789
849 1999 2789
2789 849 1999
1428 2145 2974
2974 1428 2145
2145 1428 2974
2253 635 2756
635 2253 2756
2756 635 2253
2220 467 2872
2872 467 2220
467 2220 2872
779 515 1701
515 779 1701
1701 515 779
2714 420 886
420 886 2714
886 420 2714
1940 798 1542
1542 798 1940
798 1542 1940
2597 771 1318
771 1318 2597
1318 771 2597
1171 170 2585
2585 170 1171
170 1171 2585
711 1445 1668
1668 711 1445
1445 711 1668
2289 2382 2635
2382 2289 2635
2635 2289 2382
2790 1809 2870
1809 2790 2870
2870 1809 2790
2313 8 657
657 8 2313
8 657 2313
518 702 2055
702 518 2055
2055 518 702
1967 760 942
760 942 1967
942 760 1967
1881 2470 2508
2508 1881 2470
2470 1881 2508
2144 915 2301
2301 915 2144
915 2144 2301
2275 431 1338
1338 431 2275
431 1338 2275
2759 1630 1782
1782 1630 2759
1630 1782 2759
2291 1227 1919
1227 1919 2291
1919 1227 2291
437 275 836
836 275 437
275 437 836
1344 267 291
291 267 1344
267 291 1344
1266 1389 1504
1504 1266 1389
1389 1266 1504
2941 1121 1215
1215 1121 2941
1121 1215 2941
583 1197 1563
1197 583 1563
1563 583 1197
375 1242 1606
1606 375 1242
1242 375 1606
2965 1769 2820
2820 1769 2965
1769 2820 2965
860 2364 2787
2364 860 2787
2787 860 2364
481 1657 2025
1657 481 2025
2025 481 1657
2561 365 1872
365 1872 2561
1872 365 2561
2393 564 1195
564 1195 2393
1195 564 2393
937 692 2116
692 937 2116
2116 692 937
1600 229 2639
229 1600 2639
2639 229 1600
2963 2109 2190
2190 2109 2963
2109 2190 2963
2155 875 939
939 875 2155
875 939 2155
1210 268 2816
268 1210 2816
2816 268 1210
1370 1018 2465
1018 1370 2465
2465 1018 1370
2445 1669 1674
1669 1674 2445
1674 1669 2445
2891 1143 1579
1579 1143 2891
1143 1579 2891
250 734 2572
2572 250 734
734 250 2572
444 131 1142
131 444 1142
1142 131 444
35 1796 2064
2064 35 1796
1796 35 2064
459 320 440
440 320 459
320 440 459
2914 2873 2896
2873 2896 2914
2896 2873 2914
2939 1025 2651
2651 1025 2939
1025 2651 2939
173 80 1185
80 173 1185
1185 80 173
1984 1132 1594
1594 1132 1984
1132 1594 1984
2040 258 2218
2218 258 2040
258 2040 2218
106 1491 1770
1491 106 1770
1770 106 1491
1810 26 2413
26 1810 2413
2413 26 1810
955 2124 2799
2124 955 2799
2799 955 2124
2431 1188 2015
2015 1188 2431
1188 2015 2431
1992 1032 1233
1233 1032 1992
1032 1233 1992
2194 651 2392
651 2194 2392
2392 651 2194
908 395 1678
1678 395 908
395 908 1678
262 1041 2744
1041 262 2744
2744 262 1041
169 1244 1788
1244 169 1788
1788 169 1244
2126 335 563
335 563 2126
563 335 2126
1705 2027 2082
2082 1705 2027
2027 1705 2082
1868 1125 2290
2290 1125 1868
1125 1868 2290
1744 914 1276
914 1276 1744
1276 914 1744
890 1052 1262
1262 890 1052
1052 890 1262
96 558 2949
558 96 2949
2949 96 558
957 987 1258
987 957 1258
1258 957 987
1577 1333 2894
1333 1577 2894
2894 1333 1577
2094 509 662
662 509 2094
509 662 2094
2401 742 2494
2494 742 2401
742 2401 2494
1888 127 2552
127 1888 2552
2552 127 1888
362 1322 1900
1322 362 1900
1900 362 1322
2421 2251 2797
2797 2251 2421
2251 2421 2797
2463 502 1740
1740 502 2463
502 1740 2463
2314 951 2411
951 2314 2411
2411 951 2314
1662 269 1962
1962 269 1662
269 1662 1962
423 1465 2477
1465 423 2477
2477 423 1465
1111 669 2102
2102 669 1111
669 1111 2102
618 1812 2869
2869 618 1812
1812 618 2869
2400 718 2678
718 2400 2678
2678 718 2400
2703 1226 1955
1226 1955 2703
1955 1226 2703
2969 1574 2258
2258 1574 2969
1574 2258 2969
2481 1431 2375
1431 2375 2481
2375 1431 2481
1198 126 1974
126 1198 1974
1974 126 1198
140 773 1293
773 140 1293
1293 140 773
1286 2354 2782
2354 1286 2782
2782 1286 2354
2619 2132 2424
2424 2132 2619
2132 2424 2619
650 656 1797
1797 650 656
656 650 1797
1394 578 2106
2106 578 1394
578 1394 2106
536 598 1975
1975 536 598
598 536 1975
921 510 1583
1583 510 921
510 921 1583
2926 103 1154
103 1154 2926
1154 103 2926
1339 1982 2439
2439 1339 1982
1982 1339 2439
2747 543 1363
543 1363 2747
1363 543 2747
98 205 1441
205 98 1441
1441 98 205
1257 1168 2076
1168 1257 2076
2076 1168 1257
1591 1268 2110
2110 1268 1591
1268 1591 2110
1734 1169 1620
1169 1620 1734
1620 1169 1734
1423 1663 1725
1663 1423 1725
1725 1423 1663
2827 1835 2389
1835 2389 2827
2389 1835 2827
2304 159 180
180 159 2304
159 180 2304
1502 372 901
901 372 1502
372 901 1502
2520 298 2889
298 2520 2889
2889 298 2520
1289 1346 2454
1346 1289 2454
2454 1289 1346
2434 1424 1847
1847 1424 2434
1424 1847 2434
1294 549 2554
549 1294 2554
2554 549 1294
50 339 2923
339 50 2923
2923 50 339
2507 974 1934
1934 974 2507
974 1934 2507
2505 1304 2351
2351 1304 2505
