20673 706 17427
706 17427 20673
17427 706 20673
26110 18870 25311
18870 25311 26110
25311 18870 26110
580 13481 21709
21709 580 13481
13481 580 21709
10057 7656 19844
19844 7656 10057
7656 10057 19844
11635 14458 22831
22831 11635 14458
14458 11635 22831
18516 8441 21819
21819 8441 18516
8441 18516 21819
9622 3731 27671
27671 3731 9622
3731 9622 27671
8177 23879 26277
23879 8177 26277
26277 8177 23879
23647 1318 25143
25143 1318 23647
1318 23647 25143
26846 6333 25273
25273 6333 26846
6333 25273 26846
21249 477 10535
477 10535 21249
10535 477 21249
6681 983 20148
983 6681 20148
20148 983 6681
17606 15713 16086
15713 16086 17606
16086 15713 17606
6585 8829 18162
8829 6585 18162
18162 6585 8829
7163 14664 18124
18124 7163 14664
14664 7163 18124
12012 5901 5933
5901 5933 12012
5933 5901 12012
12594 16995 19487
16995 12594 19487
19487 12594 16995
15234 813 10047
813 10047 15234
10047 813 15234
11314 673 16722
673 11314 16722
16722 673 11314
27911 6466 27552
27552 6466 27911
6466 27552 27911
1627 12016 17852
12016 1627 17852
17852 1627 12016
8760 4093 20772
20772 4093 8760
4093 8760 20772
9754 21792 27392
21792 9754 27392
27392 9754 21792
18575 4301 11377
4301 11377 18575
11377 4301 18575
2841 19727 20441
19727 2841 20441
20441 2841 19727
24826 16217 18175
16217 18175 24826
18175 16217 24826
24158 18436 29058
18436 24158 29058
29058 18436 24158
11457 1998 3244
3244 1998 11457
1998 3244 11457
27069 18845 18973
18845 18973 27069
18973 18845 27069
14116 10519 27614
10519 14116 27614
27614 10519 14116
21812 4746 7120
7120 4746 21812
4746 7120 21812
21505 16874 29305
16874 21505 29305
29305 16874 21505
565 25602 25943
25602 565 25943
25943 565 25602
8684 20683 21556
20683 8684 21556
21556 8684 20683
5916 9505 17583
17583 5916 9505
9505 5916 17583
21005 10960 20657
10960 20657 21005
20657 10960 21005
24671 698 1388
698 1388 24671
1388 698 24671
14840 14011 25839
25839 14011 14840
14011 14840 25839
3477 13909 17755
17755 3477 13909
13909 3477 17755
22312 2452 16467
2452 16467 22312
16467 2452 22312
5254 14290 23365
14290 5254 23365
23365 5254 14290
14042 7597 23394
23394 7597 14042
7597 14042 23394
24433 2251 13971
2251 13971 24433
13971 2251 24433
19227 16735 29436
16735 19227 29436
29436 16735 19227
12593 15079 19543
15079 12593 19543
19543 12593 15079
12044 6222 13274
6222 12044 13274
13274 6222 12044
15659 4806 25453
4806 15659 25453
25453 4806 15659
29321 1062 7025
7025 1062 29321
1062 7025 29321
1870 12638 28989
12638 1870 28989
28989 1870 12638
29091 7280 24655
24655 7280 29091
7280 24655 29091
10244 13897 21652
13897 10244 21652
21652 10244 13897
4209 26429 27832
26429 4209 27832
27832 4209 26429
25328 5152 7083
7083 5152 25328
5152 7083 25328
12431 16200 28263
16200 12431 28263
28263 12431 16200
28490 15004 15007
15007 15004 28490
15004 15007 28490
4743 24689 24851
24851 4743 24689
24689 4743 24851
21606 2348 12360
12360 2348 21606
2348 12360 21606
10504 4309 15653
4309 10504 15653
15653 4309 10504
21768 4975 8532
4975 8532 21768
8532 4975 21768
10855 23522 29196
23522 10855 29196
29196 10855 23522
28296 9463 10449
9463 10449 28296
10449 9463 28296
11780 21915 24058
24058 11780 21915
21915 11780 24058
15684 8012 8151
8151 8012 15684
8012 8151 15684
11941 19891 25581
25581 11941 19891
19891 11941 25581
17292 18541 23979
18541 17292 23979
23979 17292 18541
23520 6051 6138
6051 6138 23520
6138 6051 23520
13015 7314 8077
8077 7314 13015
7314 8077 13015
11490 1128 3487
3487 1128 11490
1128 3487 11490
1889 18837 23889
18837 1889 23889
23889 1889 18837
3949 7078 8832
7078 3949 8832
8832 3949 7078
7 17232 21076
21076 7 17232
17232 7 21076
16911 692 13794
13794 692 16911
692 13794 16911
13514 10889 23337
10889 13514 23337
23337 10889 13514
15121 29311 29598
29311 15121 29598
29598 15121 29311
8928 22911 23237
23237 8928 22911
22911 8928 23237
5338 8745 27682
8745 5338 27682
27682 5338 8745
3168 3014 29012
29012 3014 3168
3014 3168 29012
6202 9615 13839
13839 6202 9615
9615 6202 13839
3750 26038 27161
26038 3750 27161
27161 3750 26038
11421 2503 29537
29537 2503 11421
2503 11421 29537
12863 5139 7054
7054 5139 12863
5139 7054 12863
19587 12621 26235
12621 19587 26235
26235 12621 19587
18480 10747 20455
20455 10747 18480
10747 18480 20455
632 16292 19893
16292 632 19893
19893 632 16292
24286 1670 11464
1670 11464 24286
11464 1670 24286
8703 7648 20134
20134 7648 8703
7648 8703 20134
13601 2019 27527
2019 13601 27527
27527 2019 13601
11737 8407 19735
8407 11737 19735
19735 8407 11737
20816 16185 25515
25515 16185 20816
16185 20816 25515
23827 11986 22731
11986 22731 23827
22731 11986 23827
25621 6290 18875
18875 6290 25621
6290 18875 25621
15706 2828 7478
7478 2828 15706
2828 7478 15706
27034 17694 18282
17694 18282 27034
18282 17694 27034
27547 3518 5290
3518 5290 27547
5290 3518 27547
28485 19868 24642
24642 19868 28485
19868 24642 28485
8902 4766 15593
4766 8902 15593
15593 4766 8902
23642 1035 13572
13572 1035 23642
1035 13572 23642
8529 4452 29576
29576 4452 8529
4452 8529 29576
4794 8285 10135
8285 4794 10135
10135 4794 8285
27362 11501 18405
11501 18405 27362
18405 11501 27362
27018 7446 25610
25610 7446 27018
7446 25610 27018
845 1287 18259
1287 845 18259
18259 845 1287
7986 15892 19556
15892 7986 19556
19556 7986 15892
22352 6980 20451
20451 6980 22352
6980 20451 22352
17798 17720 28866
17720 17798 28866
28866 17720 17798
15709 9890 21039
21039 9890 15709
9890 15709 21039
28127 3671 4453
4453 3671 28127
3671 4453 28127
3645 21022 29337
29337 3645 21022
21022 3645 29337
4812 4558 23429
4558 4812 23429
23429 4558 4812
15665 5458 28601
5458 15665 28601
28601 5458 15665
9460 3219 14163
3219 9460 14163
14163 3219 9460
23881 2526 9708
9708 2526 23881
2526 9708 23881
10983 18715 28815
18715 10983 28815
28815 10983 18715
2641 13118 29027
13118 2641 29027
29027 2641 13118
12772 19177 25372
19177 12772 25372
25372 12772 19177
16696 9680 17108
17108 9680 16696
9680 16696 17108
5895 2130 8962
8962 2130 5895
2130 5895 8962
26108 11882 13623
11882 13623 26108
13623 11882 26108
28149 10492 19846
19846 10492 28149
10492 19846 28149
4120 16060 19483
19483 4120 16060
16060 4120 19483
4308 20390 20994
20390 4308 20994
20994 4308 20390
9794 9900 28695
28695 9794 9900
9900 9794 28695
6627 17014 24743
17014 6627 24743
24743 6627 17014
26738 6176 21876
6176 21876 26738
21876 6176 26738
28619 12038 29143
29143 12038 28619
12038 28619 29143
7856 3318 7094
3318 7094 7856
7094 3318 7856
11957 24508 29937
24508 11957 29937
29937 11957 24508
4863 18226 18866
18866 4863 18226
18226 4863 18866
12691 14219 19085
14219 12691 19085
19085 12691 14219
3790 18992 27917
27917 3790 18992
18992 3790 27917
13025 18252 26455
26455 13025 18252
18252 13025 26455
12736 21548 22578
22578 12736 21548
21548 12736 22578
27708 9777 14363
9777 14363 27708
14363 9777 27708
20676 21529 22940
21529 20676 22940
22940 20676 21529
25757 2945 11223
2945 11223 25757
11223 2945 25757
15838 13776 21216
21216 13776 15838
13776 15838 21216
664 12985 28966
12985 664 28966
28966 664 12985
5652 11448 27351
11448 5652 27351
27351 5652 11448
7410 16841 26352
26352 7410 16841
16841 7410 26352
26638 22077 22725
22077 22725 26638
22725 22077 26638
16012 2194 12278
12278 2194 16012
2194 12278 16012
11997 5009 5907
5907 5009 11997
5009 5907 11997
19318 7125 22715
7125 19318 22715
22715 7125 19318
8792 1622 23234
23234 1622 8792
1622 8792 23234
21198 2226 18419
2226 18419 21198
18419 2226 21198
3716 278 6449
6449 278 3716
278 3716 6449
8755 2406 14213
2406 8755 14213
14213 2406 8755
15846 3049 11555
11555 3049 15846
3049 11555 15846
6100 19583 26258
26258 6100 19583
19583 6100 26258
29887 16827 23025
16827 23025 29887
23025 16827 29887
16318 9746 13027
13027 9746 16318
9746 13027 16318
3210 1892 6254
6254 1892 3210
1892 3210 6254
17752 739 12057
12057 739 17752
739 12057 17752
7971 1571 17828
1571 7971 17828
17828 1571 7971
6503 16051 18954
16051 6503 18954
18954 6503 16051
11364 1792 22666
1792 11364 22666
22666 1792 11364
9923 14553 23724
23724 9923 14553
14553 9923 23724
8512 11408 29994
29994 8512 11408
11408 8512 29994
24043 3319 5738
5738 3319 24043
3319 5738 24043
5620 1844 28626
1844 5620 28626
28626 1844 5620
17197 17036 22097
17036 17197 22097
22097 17036 17197
25634 7632 27198
7632 25634 27198
27198 7632 25634
29318 9616 14045
9616 14045 29318
14045 9616 29318
11150 27835 28314
28314 11150 27835
27835 11150 28314
25636 1074 19438
1074 19438 25636
19438 1074 25636
11954 1900 24205
1900 11954 24205
24205 1900 11954
26072 9257 16730
9257 16730 26072
16730 9257 26072
20845 9115 10779
10779 9115 20845
9115 10779 20845
16537 8175 26106
26106 8175 16537
8175 16537 26106
22206 2301 9546
9546 2301 22206
2301 9546 22206
23545 1349 11045
11045 1349 23545
1349 11045 23545
16265 738 23428
738 16265 23428
23428 738 16265
14206 24040 29429
24040 14206 29429
29429 14206 24040
415 6131 17525
6131 415 17525
17525 415 6131
12287 9311 18375
18375 9311 12287
9311 12287 18375
1342 316 5492
5492 316 1342
316 1342 5492
16618 9435 19989
19989 9435 16618
9435 16618 19989
19281 569 14455
14455 569 19281
569 14455 19281
21354 9848 17034
17034 9848 21354
9848 17034 21354
3142 11646 24246
11646 3142 24246
24246 3142 11646
23474 9789 21503
21503 9789 23474
9789 21503 23474
9009 1259 18790
18790 1259 9009
1259 9009 18790
5360 14049 21670
21670 5360 14049
14049 5360 21670
17786 10171 24363
24363 10171 17786
10171 17786 24363
19626 4938 5848
5848 4938 19626
4938 5848 19626
9366 7195 14311
7195 9366 14311
14311 7195 9366
21281 10538 18702
10538 18702 21281
18702 10538 21281
25391 24147 29041
24147 25391 29041
29041 24147 25391
29863 6482 25210
6482 25210 29863
25210 6482 29863
28616 17940 20514
17940 20514 28616
20514 17940 28616
16598 10311 15225
15225 10311 16598
10311 15225 16598
11653 26887 29099
29099 11653 26887
26887 11653 29099
15578 18679 21991
21991 15578 18679
18679 15578 21991
20076 18021 19156
19156 18021 20076
18021 19156 20076
22365 9390 29672
29672 9390 22365
9390 22365 29672
8388 18352 21419
18352 8388 21419
21419 8388 18352
25837 23530 25882
23530 25837 25882
25882 23530 25837
182 3053 20830
3053 182 20830
20830 182 3053
9204 9006 28633
28633 9006 9204
9006 9204 28633
23834 21026 22844
22844 21026 23834
21026 22844 23834
8602 27809 29356
29356 8602 27809
27809 8602 29356
24260 2456 13043
2456 13043 24260
13043 2456 24260
11580 5650 27548
5650 11580 27548
27548 5650 11580
24584 1432 2340
1432 2340 24584
2340 1432 24584
18012 14696 17312
14696 17312 18012
17312 14696 18012
17510 4933 13771
13771 4933 17510
4933 13771 17510
6113 1094 14511
1094 6113 14511
14511 1094 6113
4351 7285 24195
24195 4351 7285
7285 4351 24195
1351 4198 10869
4198 1351 10869
10869 1351 4198
9283 12168 18085
18085 9283 12168
12168 9283 18085
13133 2121 22186
2121 13133 22186
22186 2121 13133
11974 5808 23579
5808 11974 23579
23579 5808 11974
4957 9401 11864
9401 4957 11864
11864 4957 9401
7810 3025 15163
3025 7810 15163
15163 3025 7810
9163 3521 24082
3521 9163 24082
24082 3521 9163
22380 2329 17735
17735 2329 22380
2329 17735 22380
24556 2803 10751
10751 2803 24556
2803 10751 24556
22968 11666 29497
29497 11666 22968
11666 22968 29497
23090 24744 27228
24744 23090 27228
27228 23090 24744
867 14196 16515
16515 867 14196
14196 867 16515
3728 12565 28802
28802 3728 12565
12565 3728 28802
14936 3096 25880
3096 14936 25880
25880 3096 14936
23933 3442 27323
27323 3442 23933
3442 23933 27323
10368 5725 24387
24387 5725 10368
5725 10368 24387
17867 7032 20884
20884 7032 17867
7032 17867 20884
8978 1317 10399
1317 8978 10399
10399 1317 8978
8797 23700 24051
23700 8797 24051
24051 8797 23700
19694 9887 27168
9887 19694 27168
27168 9887 19694
15731 6611 20582
20582 6611 15731
6611 15731 20582
6576 13060 21739
13060 6576 21739
21739 6576 13060
7654 165 15232
15232 165 7654
165 7654 15232
4445 14177 29037
29037 4445 14177
14177 4445 29037
18586 17313 18442
17313 18442 18586
18442 17313 18586
114 4106 18222
4106 114 18222
18222 114 4106
18688 13321 29693
29693 13321 18688
13321 18688 29693
19055 18657 19273
19273 18657 19055
18657 19055 19273
13666 425 28781
425 13666 28781
28781 425 13666
15072 18339 29946
29946 15072 18339
18339 15072 29946
27526 2693 12100
2693 12100 27526
12100 2693 27526
25579 529 5562
529 5562 25579
5562 529 25579
8979 25788 26021
25788 8979 26021
26021 8979 25788
10249 17898 25209
17898 10249 25209
25209 10249 17898
14556 6293 17277
6293 14556 17277
17277 6293 14556
18336 6709 13067
6709 13067 18336
13067 6709 18336
4338 16833 24025
16833 4338 24025
24025 4338 16833
21987 1772 14930
1772 14930 21987
14930 1772 21987
12545 1041 16541
1041 12545 16541
16541 1041 12545
10099 4395 6010
6010 4395 10099
4395 6010 10099
27449 338 13937
13937 338 27449
338 13937 27449
6882 16478 29414
16478 6882 29414
29414 6882 16478
27483 4043 26126
26126 4043 27483
4043 26126 27483
11793 5638 15083
15083 5638 11793
5638 11793 15083
11838 24333 26702
26702 11838 24333
24333 11838 26702
20187 10056 23972
23972 10056 20187
10056 20187 23972
12226 13489 21943
21943 12226 13489
13489 12226 21943
3843 4363 26642
26642 3843 4363
4363 3843 26642
8265 5325 25368
5325 8265 25368
25368 5325 8265
25387 19361 29667
29667 19361 25387
19361 25387 29667
9386 2742 9011
9011 2742 9386
2742 9011 9386
23007 21815 28156
21815 23007 28156
28156 21815 23007
14472 26086 26435
26435 14472 26086
26086 14472 26435
10273 10918 19262
10918 10273 19262
19262 10273 10918
6123 144 17634
144 6123 17634
17634 144 6123
29651 12823 19053
12823 19053 29651
19053 12823 29651
3241 13260 22133
22133 3241 13260
13260 3241 22133
14998 4906 22310
22310 4906 14998
4906 14998 22310
23434 11086 19329
19329 11086 23434
11086 19329 23434
21002 883 13353
13353 883 21002
883 13353 21002
28211 11274 24280
11274 24280 28211
24280 11274 28211
6271 3346 16456
3346 6271 16456
16456 3346 6271
7259 1577 15642
1577 7259 15642
15642 1577 7259
8746 4392 22773
22773 4392 8746
4392 8746 22773
6388 11479 13513
11479 6388 13513
13513 6388 11479
13598 16751 21515
16751 13598 21515
21515 13598 16751
27810 10234 21611
10234 21611 27810
21611 10234 27810
26460 21500 28390
28390 21500 26460
21500 26460 28390
13383 3661 12601
3661 12601 13383
12601 3661 13383
19005 5996 18596
18596 5996 19005
5996 18596 19005
28780 7035 26013
7035 26013 28780
26013 7035 28780
24734 1964 27270
1964 24734 27270
27270 1964 24734
13843 5940 7669
7669 5940 13843
5940 7669 13843
13456 22611 28443
28443 13456 22611
22611 13456 28443
23494 1279 16897
16897 1279 23494
1279 16897 23494
14034 2716 26497
26497 2716 14034
2716 14034 26497
14089 7141 23862
23862 7141 14089
7141 14089 23862
9014 4671 5850
5850 4671 9014
4671 5850 9014
20586 10185 22846
22846 10185 20586
10185 20586 22846
13052 14262 25406
25406 13052 14262
14262 13052 25406
11562 11312 16325
11312 11562 16325
16325 11312 11562
9523 942 25465
25465 942 9523
942 9523 25465
2570 2165 23765
23765 2165 2570
2165 2570 23765
3381 3040 12568
12568 3040 3381
3040 3381 12568
3670 14596 17069
17069 3670 14596
14596 3670 17069
8548 23247 28518
28518 8548 23247
23247 8548 28518
24782 2644 14026
14026 2644 24782
2644 14026 24782
15112 4350 27574
27574 4350 15112
4350 15112 27574
1452 10739 11617
10739 1452 11617
11617 1452 10739
8366 22031 23197
23197 8366 22031
22031 8366 23197
22289 8446 13622
13622 8446 22289
8446 13622 22289
8513 5758 29457
29457 5758 8513
5758 8513 29457
3436 2447 11994
11994 2447 3436
2447 3436 11994
15238 660 11789
11789 660 15238
660 11789 15238
22096 13923 17236
13923 17236 22096
17236 13923 22096
5062 359 9002
9002 359 5062
359 5062 9002
12856 17032 29327
17032 12856 29327
29327 12856 17032
6148 1880 6700
1880 6148 6700
6700 1880 6148
14486 12045 29930
12045 14486 29930
29930 12045 14486
18564 2988 23154
2988 18564 23154
23154 2988 18564
26570 2303 19627
19627 2303 26570
2303 19627 26570
18650 393 2493
393 2493 18650
2493 393 18650
2419 15305 18854
18854 2419 15305
15305 2419 18854
1555 2732 28322
28322 1555 2732
2732 1555 28322
7783 5019 6471
6471 5019 7783
5019 6471 7783
28841 19480 24142
24142 19480 28841
19480 24142 28841
8400 10798 17092
10798 8400 17092
17092 8400 10798
3228 4454 29174
29174 3228 4454
4454 3228 29174
7991 2613 23003
23003 2613 7991
2613 7991 23003
3484 962 4431
962 3484 4431
4431 962 3484
1330 13251 26422
13251 1330 26422
26422 1330 13251
17780 2513 20279
2513 17780 20279
20279 2513 17780
12106 13682 24291
13682 12106 24291
24291 12106 13682
14039 15585 18867
15585 14039 18867
18867 14039 15585
28257 12871 12956
12956 12871 28257
12871 12956 28257
7294 21044 29376
29376 7294 21044
21044 7294 29376
4925 646 14388
646 4925 14388
14388 646 4925
19148 2507 19024
2507 19024 19148
19024 2507 19148
23550 2025 24548
2025 23550 24548
24548 2025 23550
20487 1875 17329
17329 1875 20487
1875 17329 20487
6339 16553 28827
28827 6339 16553
16553 6339 28827
20822 1901 12529
12529 1901 20822
1901 12529 20822
22762 1531 18324
1531 18324 22762
18324 1531 22762
23186 13409 26421
13409 23186 26421
26421 13409 23186
25931 20313 25168
25168 20313 25931
20313 25168 25931
16366 6771 21600
21600 6771 16366
6771 16366 21600
54 2584 27408
27408 54 2584
2584 54 27408
28137 5147 24261
5147 24261 28137
24261 5147 28137
7777 6889 20536
6889 7777 20536
20536 6889 7777
29154 4196 6288
6288 4196 29154
4196 6288 29154
10758 6510 7749
6510 7749 10758
7749 6510 10758
22247 15413 25151
25151 15413 22247
15413 22247 25151
20327 24201 26707
24201 20327 26707
26707 20327 24201
3441 22480 24629
24629 3441 22480
22480 3441 24629
29503 3768 23335
23335 3768 29503
3768 23335 29503
10374 21251 21916
21251 10374 21916
21916 10374 21251
1470 9319 19635
19635 1470 9319
9319 1470 19635
25207 8580 20120
8580 20120 25207
20120 8580 25207
5040 14414 16334
14414 5040 16334
16334 5040 14414
17207 5085 12281
5085 12281 17207
12281 5085 17207
22272 2890 12017
2890 12017 22272
12017 2890 22272
18915 11098 27054
27054 11098 18915
11098 18915 27054
11108 2476 27030
2476 11108 27030
27030 2476 11108
8075 20478 23053
20478 8075 23053
23053 8075 20478
14288 25618 29333
25618 14288 29333
29333 14288 25618
23071 171 25968
171 23071 25968
25968 171 23071
504 3596 19491
19491 504 3596
3596 504 19491
1231 8280 29317
29317 1231 8280
8280 1231 29317
11853 4393 18506
18506 4393 11853
4393 11853 18506
3258 3644 14260
3644 3258 14260
14260 3258 3644
19518 10940 16744
10940 16744 19518
16744 10940 19518
21647 8923 11290
8923 11290 21647
11290 8923 21647
5602 23304 28703
23304 5602 28703
28703 5602 23304
12341 2664 18284
2664 12341 18284
18284 2664 12341
19984 1679 22572
1679 19984 22572
22572 1679 19984
17557 11499 19375
11499 17557 19375
19375 11499 17557
21921 8708 10108
8708 10108 21921
10108 8708 21921
4537 21952 22054
21952 4537 22054
22054 4537 21952
10131 21223 28356
21223 10131 28356
28356 10131 21223
8818 6733 16193
6733 8818 16193
16193 6733 8818
29173 26911 28819
26911 28819 29173
28819 26911 29173
18056 21405 21738
21405 18056 21738
21738 18056 21405
26907 6216 21090
21090 6216 26907
6216 21090 26907
19058 23483 24222
23483 19058 24222
24222 19058 23483
22467 24703 26643
24703 22467 26643
26643 22467 24703
2694 5084 7527
5084 2694 7527
7527 2694 5084
26698 6553 13770
6553 13770 26698
13770 6553 26698
28208 2744 7311
2744 7311 28208
7311 2744 28208
18496 4146 17850
4146 17850 18496
17850 4146 18496
21726 10712 27341
27341 10712 21726
10712 21726 27341
21479 20118 25544
20118 21479 25544
25544 20118 21479
20621 2176 22524
2176 20621 22524
22524 2176 20621
29524 2573 25371
2573 25371 29524
25371 2573 29524
24963 4677 8211
4677 8211 24963
8211 4677 24963
24359 10110 22125
10110 22125 24359
22125 10110 24359
3180 5221 26029
26029 3180 5221
5221 3180 26029
12326 3869 28138
3869 12326 28138
28138 3869 12326
16202 6849 27511
27511 6849 16202
6849 16202 27511
23227 1550 21449
1550 21449 23227
21449 1550 23227
20556 18826 22470
18826 20556 22470
22470 18826 20556
19458 15859 24024
15859 19458 24024
24024 15859 19458
13317 15395 16306
15395 13317 16306
16306 13317 15395
2886 18406 26665
26665 2886 18406
18406 2886 26665
29379 16155 19637
16155 19637 29379
19637 16155 29379
3532 3992 22478
22478 3532 3992
3992 3532 22478
9443 2875 25211
25211 2875 9443
2875 9443 25211
13911 10327 19230
19230 10327 13911
10327 13911 19230
8894 1389 9298
1389 8894 9298
9298 1389 8894
18513 24420 24534
24534 18513 24420
24420 18513 24534
6587 3471 26443
26443 3471 6587
3471 6587 26443
7405 756 9246
9246 756 7405
756 7405 9246
23907 3955 25065
3955 23907 25065
25065 3955 23907
25537 17129 27936
27936 17129 25537
17129 25537 27936
26493 2294 4507
2294 4507 26493
4507 2294 26493
7557 8907 14800
14800 7557 8907
8907 7557 14800
23823 3150 22860
3150 22860 23823
22860 3150 23823
25057 3847 17533
17533 3847 25057
3847 17533 25057
20196 14254 14792
14254 14792 20196
14792 14254 20196
8226 295 24926
24926 295 8226
295 8226 24926
6410 6422 12730
6422 6410 12730
12730 6410 6422
14776 7421 25796
7421 14776 25796
25796 7421 14776
4181 16419 19261
16419 4181 19261
19261 4181 16419
26900 5569 19183
5569 19183 26900
19183 5569 26900
26426 12908 19842
12908 19842 26426
19842 12908 26426
10119 29539 29746
29746 10119 29539
29539 10119 29746
5277 13840 21296
21296 5277 13840
13840 5277 21296
12946 17442 28904
17442 12946 28904
28904 12946 17442
22832 22619 26795
22619 22832 26795
26795 22619 22832
24069 5656 6931
5656 6931 24069
6931 5656 24069
26161 2908 18387
2908 18387 26161
18387 2908 26161
20939 9060 18205
18205 9060 20939
9060 18205 20939
11942 6763 16712
16712 6763 11942
6763 11942 16712
8087 7508 24564
7508 8087 24564
24564 7508 8087
6451 838 29092
838 6451 29092
29092 838 6451
2367 15600 17545
15600 2367 17545
17545 2367 15600
2199 5489 16418
5489 2199 16418
16418 2199 5489
22287 1272 15904
15904 1272 22287
1272 15904 22287
5991 12980 22202
12980 5991 22202
22202 5991 12980
16521 3890 7808
3890 7808 16521
7808 3890 16521
20468 6730 8190
8190 6730 20468
6730 8190 20468
19215 1181 22854
1181 19215 22854
22854 1181 19215
6660 13946 22721
22721 6660 13946
13946 6660 22721
14002 19469 24775
24775 14002 19469
19469 14002 24775
11467 11781 28460
11781 11467 28460
28460 11467 11781
12994 461 3308
3308 461 12994
461 3308 12994
11130 9087 14052
14052 9087 11130
9087 11130 14052
5790 17053 24288
24288 5790 17053
17053 5790 24288
8457 4273 12076
12076 4273 8457
4273 8457 12076
6 6120 12981
6120 6 12981
12981 6 6120
29472 12775 17184
12775 17184 29472
17184 12775 29472
22556 5596 10228
5596 10228 22556
10228 5596 22556
24626 10162 18403
18403 10162 24626
10162 18403 24626
2084 13080 16142
16142 2084 13080
13080 2084 16142
28644 17768 21840
17768 21840 28644
21840 17768 28644
12177 10184 20100
10184 12177 20100
20100 10184 12177
24209 17996 24772
17996 24209 24772
24772 17996 24209
5867 6054 13023
6054 5867 13023
13023 5867 6054
16879 13797 18987
13797 16879 18987
18987 13797 16879
25161 19075 23720
19075 23720 25161
23720 19075 25161
25656 2712 15076
15076 2712 25656
2712 15076 25656
825 180 2440
180 825 2440
2440 180 825
7731 1784 14734
1784 7731 14734
14734 1784 7731
22354 17314 20550
20550 17314 22354
17314 20550 22354
3770 2357 6940
2357 3770 6940
6940 2357 3770
26090 18616 25876
18616 25876 26090
25876 18616 26090
17380 6056 22404
22404 6056 17380
6056 17380 22404
16993 25555 29480
29480 16993 25555
25555 16993 29480
29328 5537 19456
19456 5537 29328
5537 19456 29328
1931 1255 9241
1255 1931 9241
9241 1255 1931
1133 2698 6038
6038 1133 2698
2698 1133 6038
10852 29310 29438
29438 10852 29310
29310 10852 29438
15806 18386 19958
19958 15806 18386
18386 15806 19958
22181 14581 19306
14581 19306 22181
19306 14581 22181
3969 3623 16162
3623 3969 16162
16162 3623 3969
21810 919 9762
9762 919 21810
919 9762 21810
25589 22431 28068
22431 25589 28068
28068 22431 25589
27195 7609 15881
15881 7609 27195
7609 15881 27195
20236 2900 9217
2900 9217 20236
9217 2900 20236
23213 18179 19574
18179 19574 23213
19574 18179 23213
75 11561 19751
19751 75 11561
11561 75 19751
27679 7486 9850
9850 7486 27679
7486 9850 27679
6018 15784 18856
18856 6018 15784
15784 6018 18856
27279 11796 24349
24349 11796 27279
11796 24349 27279
19461 6255 13854
13854 6255 19461
6255 13854 19461
15876 24084 24310
24310 15876 24084
24084 15876 24310
8963 18919 26427
18919 8963 26427
26427 8963 18919
20842 10579 20622
10579 20622 20842
20622 10579 20842
23748 16772 27256
16772 23748 27256
27256 16772 23748
10778 223 13407
13407 223 10778
223 10778 13407
22264 12877 26273
26273 12877 22264
12877 22264 26273
25048 10813 11491
10813 11491 25048
11491 10813 25048
18343 21199 29083
29083 18343 21199
21199 18343 29083
2846 19083 28471
19083 2846 28471
28471 2846 19083
19371 7503 28396
7503 19371 28396
28396 7503 19371
4964 20099 27939
20099 4964 27939
27939 4964 20099
7768 2311 26689
26689 2311 7768
2311 7768 26689
26176 19061 25832
25832 19061 26176
19061 25832 26176
1405 11648 17835
17835 1405 11648
11648 1405 17835
8522 5956 13478
5956 8522 13478
13478 5956 8522
12910 22269 22680
22680 12910 22269
22269 12910 22680
2740 1826 8736
1826 2740 8736
8736 1826 2740
4355 8906 9279
9279 4355 8906
8906 4355 9279
12916 8735 13548
8735 12916 13548
13548 8735 12916
5087 17352 28404
28404 5087 17352
17352 5087 28404
29388 20885 25374
20885 25374 29388
25374 20885 29388
7119 4734 17134
17134 4734 7119
4734 7119 17134
437 1921 25866
25866 437 1921
1921 437 25866
5605 10213 15928
15928 5605 10213
10213 5605 15928
2113 533 20449
20449 533 2113
533 2113 20449
22067 11992 22236
11992 22067 22236
22236 11992 22067
881 11451 15581
15581 881 11451
11451 881 15581
20420 22275 28401
28401 20420 22275
22275 20420 28401
15447 2421 25079
2421 15447 25079
25079 2421 15447
9026 7595 22265
22265 7595 9026
7595 9026 22265
633 7550 22292
22292 633 7550
7550 633 22292
10398 2791 15207
2791 10398 15207
15207 2791 10398
17288 3767 10858
3767 10858 17288
10858 3767 17288
8402 4383 24080
4383 8402 24080
24080 4383 8402
21333 18303 25991
25991 18303 21333
18303 21333 25991
16549 8932 26057
8932 16549 26057
26057 8932 16549
3160 6468 22799
6468 3160 22799
22799 3160 6468
3246 4079 18701
4079 3246 18701
18701 3246 4079
23022 2590 6828
2590 6828 23022
6828 2590 23022
20003 1843 29707
29707 1843 20003
1843 20003 29707
2153 13102 15120
15120 2153 13102
13102 2153 15120
27176 9322 11412
11412 9322 27176
9322 11412 27176
9659 1324 12943
12943 1324 9659
1324 9659 12943
21356 13016 23487
23487 13016 21356
13016 21356 23487
26000 13559 25226
13559 25226 26000
25226 13559 26000
10463 7227 19328
19328 7227 10463
7227 10463 19328
2807 745 6991
6991 745 2807
745 2807 6991
27451 23935 25293
25293 23935 27451
23935 25293 27451
8856 2383 13921
13921 2383 8856
2383 8856 13921
10218 5682 7702
7702 5682 10218
5682 7702 10218
4535 9335 24056
24056 4535 9335
9335 4535 24056
25245 500 2795
500 2795 25245
2795 500 25245
3469 13582 27259
13582 3469 27259
27259 3469 13582
17278 24687 29971
24687 17278 29971
29971 17278 24687
27487 5728 11068
11068 5728 27487
5728 11068 27487
14025 18224 23519
18224 14025 23519
23519 14025 18224
20077 8060 17597
17597 8060 20077
8060 17597 20077
14781 10987 24453
24453 10987 14781
10987 14781 24453
5178 20608 26867
20608 5178 26867
26867 5178 20608
13738 13197 18550
13197 13738 18550
18550 13197 13738
14266 6996 20689
6996 14266 20689
20689 6996 14266
3352 4718 26137
26137 3352 4718
4718 3352 26137
27212 9169 16809
9169 16809 27212
16809 9169 27212
26175 4738 24406
4738 24406 26175
24406 4738 26175
16212 12392 14521
12392 14521 16212
14521 12392 16212
14584 796 7087
7087 796 14584
796 7087 14584
241 4800 13243
13243 241 4800
4800 241 13243
14101 13273 18030
18030 13273 14101
13273 14101 18030
23958 10256 22848
22848 10256 23958
10256 22848 23958
16449 15614 27561
27561 15614 16449
15614 16449 27561
4377 2705 28431
28431 2705 4377
2705 4377 28431
5433 19279 27013
27013 5433 19279
19279 5433 27013
13588 9595 29818
29818 9595 13588
9595 13588 29818
11858 446 11641
11641 446 11858
446 11641 11858
26253 12738 25772
12738 25772 26253
25772 12738 26253
13296 12506 29723
12506 13296 29723
29723 12506 13296
26616 7696 25233
25233 7696 26616
7696 25233 26616
2029 13646 24600
13646 2029 24600
24600 2029 13646
20725 4674 23897
23897 4674 20725
4674 20725 23897
11905 4292 10245
4292 10245 11905
10245 4292 11905
24505 19389 22822
22822 19389 24505
19389 22822 24505
1186 1457 6625
1457 1186 6625
6625 1186 1457
1935 594 21697
594 1935 21697
21697 594 1935
9091 8751 19671
19671 8751 9091
8751 9091 19671
510 28505 28944
28944 510 28505
28505 510 28944
1303 18642 20308
18642 1303 20308
20308 1303 18642
21666 1129 28000
1129 21666 28000
28000 1129 21666
3798 15026 26481
15026 3798 26481
26481 3798 15026
17370 404 3861
404 3861 17370
3861 404 17370
14665 15268 29025
15268 14665 29025
29025 14665 15268
14118 1613 15557
1613 14118 15557
15557 1613 14118
14701 18484 20878
20878 14701 18484
18484 14701 20878
28039 16693 21329
16693 21329 28039
21329 16693 28039
23410 2059 23856
23856 2059 23410
2059 23410 23856
7706 11363 17248
11363 7706 17248
17248 7706 11363
21463 20372 23567
23567 20372 21463
20372 21463 23567
29354 2448 27029
27029 2448 29354
2448 27029 29354
4516 11120 19590
11120 4516 19590
19590 4516 11120
13071 21514 23445
23445 13071 21514
21514 13071 23445
26285 11557 13650
13650 11557 26285
11557 13650 26285
22634 15938 23431
15938 22634 23431
23431 15938 22634
14370 3600 25819
3600 14370 25819
25819 3600 14370
12614 5031 26605
5031 12614 26605
26605 5031 12614
2771 11967 22614
22614 2771 11967
11967 2771 22614
4805 24582 24912
24582 4805 24912
24912 4805 24582
19323 4842 27540
4842 19323 27540
27540 4842 19323
12703 8477 25529
8477 12703 25529
25529 8477 12703
23188 2368 24952
24952 2368 23188
2368 23188 24952
1411 7030 20295
20295 1411 7030
7030 1411 20295
18669 7889 11649
7889 11649 18669
11649 7889 18669
27039 16055 29857
16055 27039 29857
29857 16055 27039
2160 6319 25123
25123 2160 6319
6319 2160 25123
11726 7132 28260
7132 11726 28260
28260 7132 11726
28350 4877 15041
15041 4877 28350
4877 15041 28350
6984 7159 19705
7159 6984 19705
19705 6984 7159
4667 17431 24937
17431 4667 24937
24937 4667 17431
3162 2505 27879
2505 3162 27879
27879 2505 3162
18869 13545 16835
16835 13545 18869
13545 16835 18869
14903 7784 9513
7784 9513 14903
9513 7784 14903
11475 4113 22720
22720 4113 11475
4113 11475 22720
9586 14595 23792
23792 9586 14595
14595 9586 23792
4234 7055 15453
15453 4234 7055
7055 4234 15453
22370 20784 21080
21080 20784 22370
20784 21080 22370
23048 394 7850
394 7850 23048
7850 394 23048
16435 5145 16250
5145 16250 16435
16250 5145 16435
1336 13006 19165
19165 1336 13006
13006 1336 19165
14212 9825 16627
16627 9825 14212
9825 14212 16627
16626 1607 11524
1607 11524 16626
11524 1607 16626
20940 13463 14590
14590 13463 20940
13463 14590 20940
13290 5300 19881
19881 5300 13290
5300 13290 19881
4593 29450 29928
29450 4593 29928
29928 4593 29450
2316 1833 24238
1833 2316 24238
24238 1833 2316
16509 12043 14619
12043 14619 16509
14619 12043 16509
24298 18059 29761
29761 18059 24298
18059 24298 29761
1747 5469 25452
5469 1747 25452
25452 1747 5469
21462 25759 26757
25759 21462 26757
26757 21462 25759
6724 4525 18960
18960 4525 6724
4525 6724 18960
3673 19490 20681
19490 3673 20681
20681 3673 19490
27094 18891 25068
18891 25068 27094
25068 18891 27094
13865 6406 8310
8310 6406 13865
6406 8310 13865
3428 11553 20576
11553 3428 20576
20576 3428 11553
5787 4293 7033
4293 5787 7033
7033 4293 5787
22659 13874 19831
13874 19831 22659
19831 13874 22659
2788 2889 3805
2889 2788 3805
3805 2788 2889
16353 26474 29982
29982 16353 26474
26474 16353 29982
29878 10836 20287
10836 20287 29878
20287 10836 29878
9506 4380 8001
4380 8001 9506
8001 4380 9506
20267 12938 25821
12938 20267 25821
25821 12938 20267
9752 16465 19601
16465 9752 19601
19601 9752 16465
11031 15648 21582
15648 11031 21582
21582 11031 15648
24263 18376 20969
20969 18376 24263
18376 20969 24263
17299 19832 23820
19832 17299 23820
23820 17299 19832
3078 5636 23068
23068 3078 5636
5636 3078 23068
14893 18461 19305
18461 14893 19305
19305 14893 18461
25532 8811 22672
22672 8811 25532
8811 22672 25532
1207 3345 17286
3345 1207 17286
17286 1207 3345
24561 9393 9781
9393 9781 24561
9781 9393 24561
17055 8282 20176
20176 8282 17055
8282 17055 20176
17587 10107 15683
15683 10107 17587
10107 15683 17587
15592 16236 21084
16236 15592 21084
21084 15592 16236
26837 10800 27119
27119 10800 26837
10800 26837 27119
13009 9478 23629
9478 13009 23629
23629 9478 13009
29653 5054 28779
5054 28779 29653
28779 5054 29653
26648 5097 28155
5097 26648 28155
28155 5097 26648
18969 3106 11239
3106 11239 18969
11239 3106 18969
2856 20484 21849
20484 2856 21849
21849 2856 20484
29538 23500 29302
29302 23500 29538
23500 29302 29538
29584 15965 22912
15965 22912 29584
22912 15965 29584
29298 3144 3636
3144 3636 29298
3636 3144 29298
8318 16519 18917
18917 8318 16519
16519 8318 18917
2591 10526 28696
28696 2591 10526
10526 2591 28696
22724 17874 20391
17874 20391 22724
20391 17874 22724
25089 8371 18417
18417 8371 25089
8371 18417 25089
20931 12 2196
2196 12 20931
12 2196 20931
627 11094 23484
11094 627 23484
23484 627 11094
27564 6198 13315
13315 6198 27564
6198 13315 27564
3391 20250 29815
20250 3391 29815
29815 3391 20250
8063 6800 10217
6800 8063 10217
10217 6800 8063
7798 3047 24119
3047 7798 24119
24119 3047 7798
8800 6895 7800
6895 7800 8800
7800 6895 8800
21346 13694 25774
25774 13694 21346
13694 21346 25774
11517 3102 3295
3295 3102 11517
3102 3295 11517
13864 3261 29398
3261 13864 29398
29398 3261 13864
16499 20895 29850
20895 16499 29850
29850 16499 20895
21863 616 25857
25857 616 21863
616 21863 25857
1105 12136 19657
12136 1105 19657
19657 1105 12136
17046 15139 19356
15139 17046 19356
19356 15139 17046
22084 19599 23293
23293 19599 22084
19599 22084 23293
6973 1042 22118
1042 6973 22118
22118 1042 6973
19117 2109 2719
2719 2109 19117
2109 2719 19117
24955 155 19781
155 19781 24955
19781 155 24955
7935 10974 12659
12659 7935 10974
10974 7935 12659
9740 15807 18680
15807 9740 18680
18680 9740 15807
4187 11133 16458
16458 4187 11133
11133 4187 16458
21478 603 5729
5729 603 21478
603 5729 21478
27785 25061 26372
25061 26372 27785
26372 25061 27785
19716 15617 28274
28274 15617 19716
15617 19716 28274
5726 1736 2660
1736 2660 5726
2660 1736 5726
19565 17629 19137
19137 17629 19565
17629 19137 19565
2227 13539 14843
13539 2227 14843
14843 2227 13539
20726 7711 20846
7711 20726 20846
20846 7711 20726
3313 4129 4856
4129 3313 4856
4856 3313 4129
1967 6178 6348
6178 1967 6348
6348 1967 6178
5042 1791 17971
1791 5042 17971
17971 1791 5042
13189 1266 2438
2438 1266 13189
1266 2438 13189
16584 7674 13652
13652 7674 16584
7674 13652 16584
11124 14460 27610
14460 11124 27610
27610 11124 14460
4148 11912 25603
25603 4148 11912
11912 4148 25603
27907 1516 6768
6768 1516 27907
1516 6768 27907
14604 26566 29660
26566 14604 29660
29660 14604 26566
6470 7886 16992
7886 6470 16992
16992 6470 7886
17834 8165 26697
26697 8165 17834
8165 17834 26697
13400 9251 26653
9251 13400 26653
26653 9251 13400
24329 5223 21453
5223 21453 24329
21453 5223 24329
8920 26418 27103
26418 8920 27103
27103 8920 26418
9956 2207 20958
2207 9956 20958
20958 2207 9956
3881 17553 28409
17553 3881 28409
28409 3881 17553
24348 13768 18492
13768 18492 24348
18492 13768 24348
21158 17181 22536
17181 21158 22536
22536 17181 21158
11416 2217 6006
6006 2217 11416
2217 6006 11416
17049 8710 29831
29831 8710 17049
8710 17049 29831
26635 4846 5484
4846 5484 26635
5484 4846 26635
17039 20501 27987
20501 17039 27987
27987 17039 20501
15675 4285 17664
17664 4285 15675
4285 15675 17664
28325 11551 27418
27418 11551 28325
11551 27418 28325
26226 15882 26498
15882 26226 26498
26498 15882 26226
6383 27893 28598
28598 6383 27893
27893 6383 28598
18793 1290 25617
25617 1290 18793
1290 18793 25617
10915 12145 24787
12145 10915 24787
24787 10915 12145
6040 8074 25184
25184 6040 8074
8074 6040 25184
3309 10458 19699
10458 3309 19699
19699 3309 10458
7253 5552 13802
13802 5552 7253
5552 7253 13802
19519 906 26982
26982 906 19519
906 19519 26982
18963 12237 15615
15615 12237 18963
12237 15615 18963
23892 2843 25157
25157 2843 23892
2843 23892 25157
12692 8321 13569
13569 8321 12692
8321 12692 13569
5932 7341 9046
9046 5932 7341
7341 5932 9046
18983 17906 19507
19507 17906 18983
17906 18983 19507
24427 9823 24488
24488 9823 24427
9823 24427 24488
29072 10443 26359
10443 26359 29072
26359 10443 29072
19901 193 3541
193 3541 19901
3541 193 19901
5093 11446 23125
11446 5093 23125
23125 5093 11446
18141 26278 29739
26278 18141 29739
29739 18141 26278
1366 2837 17172
17172 1366 2837
2837 1366 17172
8146 7802 17267
17267 7802 8146
7802 8146 17267
766 14764 24560
24560 766 14764
14764 766 24560
5208 10439 25510
10439 5208 25510
25510 5208 10439
25781 24167 24343
24343 24167 25781
24167 24343 25781
11038 19760 23960
23960 11038 19760
19760 11038 23960
12246 8142 19423
19423 8142 12246
8142 12246 19423
12776 20875 22183
22183 12776 20875
20875 12776 22183
21665 6475 12515
6475 12515 21665
12515 6475 21665
16544 4811 10564
4811 10564 16544
10564 4811 16544
8092 2833 13947
2833 8092 13947
13947 2833 8092
10432 9718 26785
26785 9718 10432
9718 10432 26785
15051 9144 11404
11404 9144 15051
9144 11404 15051
13281 7539 20079
7539 13281 20079
20079 7539 13281
17744 10400 23848
10400 17744 23848
23848 10400 17744
19969 19236 27230
19236 19969 27230
27230 19236 19969
10571 8843 15014
8843 10571 15014
15014 8843 10571
18472 17521 22188
22188 17521 18472
17521 18472 22188
7823 748 23318
748 7823 23318
23318 748 7823
4661 7885 23472
23472 4661 7885
7885 4661 23472
4472 14060 24880
24880 4472 14060
14060 4472 24880
2511 13886 16682
13886 2511 16682
16682 2511 13886
27219 25260 25505
25505 25260 27219
25260 25505 27219
12765 20728 23708
23708 12765 20728
20728 12765 23708
2281 1216 1369
1216 1369 2281
1369 1216 2281
5624 12244 15575
12244 5624 15575
15575 5624 12244
13226 21166 27158
21166 13226 27158
27158 13226 21166
88 16750 19330
19330 88 16750
16750 88 19330
29366 10423 19470
19470 10423 29366
10423 19470 29366
14692 3622 20914
3622 14692 20914
20914 3622 14692
7618 4605 23815
23815 4605 7618
4605 7618 23815
4167 11001 19194
19194 4167 11001
11001 4167 19194
13185 3683 28323
28323 3683 13185
3683 13185 28323
29741 12312 17985
17985 12312 29741
12312 17985 29741
26758 27006 29525
29525 26758 27006
27006 26758 29525
5051 807 17855
17855 807 5051
807 5051 17855
1848 503 28240
503 1848 28240
28240 503 1848
24803 7487 26168
7487 24803 26168
26168 7487 24803
1866 2715 4233
2715 1866 4233
4233 1866 2715
16505 13091 16562
13091 16505 16562
16562 13091 16505
8007 2083 15316
15316 2083 8007
2083 8007 15316
24987 13001 27931
27931 13001 24987
13001 24987 27931
7394 10951 20979
20979 7394 10951
10951 7394 20979
5036 3332 12266
12266 3332 5036
3332 5036 12266
7365 20073 21193
20073 7365 21193
21193 7365 20073
620 15250 23946
15250 620 23946
23946 620 15250
19767 19995 28571
28571 19767 19995
19995 19767 28571
5365 6960 28006
6960 5365 28006
28006 5365 6960
28618 5328 8593
5328 8593 28618
8593 5328 28618
10861 6727 24170
6727 10861 24170
24170 6727 10861
6862 14579 27277
27277 6862 14579
14579 6862 27277
27997 3243 11532
3243 11532 27997
11532 3243 27997
14606 11058 25072
11058 14606 25072
25072 11058 14606
29426 10095 16677
16677 10095 29426
10095 16677 29426
26769 6124 11089
11089 6124 26769
6124 11089 26769
24728 9045 17330
17330 9045 24728
9045 17330 24728
28688 1277 23027
1277 23027 28688
23027 1277 28688
5463 18250 22764
18250 5463 22764
22764 5463 18250
9805 25593 28925
28925 9805 25593
25593 9805 28925
2482 3997 19955
3997 2482 19955
19955 2482 3997
10508 21016 23965
21016 10508 23965
23965 10508 21016
25534 20687 27634
20687 25534 27634
27634 20687 25534
8715 9898 19108
9898 8715 19108
19108 8715 9898
1136 928 2733
2733 928 1136
928 1136 2733
1754 16516 23161
16516 1754 23161
23161 1754 16516
19128 13649 21755
13649 19128 21755
21755 13649 19128
1085 9270 20706
9270 1085 20706
20706 1085 9270
23974 20214 28499
20214 23974 28499
28499 20214 23974
7053 11004 19205
11004 7053 19205
19205 7053 11004
29300 21708 26630
21708 26630 29300
26630 21708 29300
28868 20030 23527
23527 20030 28868
20030 23527 28868
28447 4554 21257
21257 4554 28447
4554 21257 28447
11333 17636 24117
24117 11333 17636
17636 11333 24117
19255 5567 19448
19448 5567 19255
5567 19255 19448
14130 5742 22758
22758 5742 14130
