1974 2387 2487
2487 1974 2387
2387 1974 2487
2587 1527 2288
1527 2288 2587
2288 1527 2587
2529 1570 1853
1570 1853 2529
1853 1570 2529
1826 1316 1714
1316 1714 1826
1714 1316 1826
1372 1077 2037
2037 1077 1372
1077 1372 2037
50 264 1779
1779 50 264
264 50 1779
2522 755 1060
1060 755 2522
755 1060 2522
737 1292 2822
1292 737 2822
2822 737 1292
1750 920 955
920 955 1750
955 920 1750
2153 1537 1562
1562 1537 2153
1537 1562 2153
688 1833 2150
2150 688 1833
1833 688 2150
27 557 1766
557 27 1766
1766 27 557
1380 330 2937
2937 330 1380
330 1380 2937
2378 965 1459
1459 965 2378
965 1459 2378
542 120 1272
120 542 1272
1272 120 542
603 233 835
233 603 835
835 233 603
2616 1093 1578
1093 1578 2616
1578 1093 2616
1910 562 1224
1224 562 1910
562 1224 1910
1404 1185 2510
1185 1404 2510
2510 1185 1404
257 2080 2719
2080 257 2719
2719 257 2080
111 1398 2343
1398 111 2343
2343 111 1398
861 609 1262
1262 609 861
609 861 1262
1835 869 1734
869 1734 1835
1734 869 1835
591 1051 1702
1051 591 1702
1702 591 1051
1184 170 1315
170 1184 1315
1315 170 1184
734 45 2224
2224 45 734
45 734 2224
1954 1782 2158
2158 1782 1954
1782 1954 2158
1504 959 1148
1148 959 1504
959 1148 1504
1170 510 1118
1118 510 1170
510 1118 1170
2662 362 721
362 721 2662
721 362 2662
894 392 2289
2289 392 894
392 894 2289
435 184 405
184 405 435
405 184 435
640 931 2592
931 640 2592
2592 640 931
2455 1677 2791
2791 1677 2455
1677 2455 2791
917 900 1759
900 917 1759
1759 900 917
2653 598 2329
2329 598 2653
598 2329 2653
66 52 2953
52 66 2953
2953 52 66
1237 1555 1761
1761 1237 1555
1555 1237 1761
919 1943 2942
2942 919 1943
1943 919 2942
1763 413 1513
1513 413 1763
413 1513 1763
1547 1407 2993
2993 1407 1547
1407 1547 2993
1008 244 2277
244 1008 2277
2277 244 1008
2104 1162 2388
1162 2104 2388
2388 1162 2104
1664 1592 2407
2407 1592 1664
1592 1664 2407
2738 905 1047
905 1047 2738
1047 905 2738
2517 208 762
208 762 2517
762 208 2517
474 22 2502
2502 22 474
22 474 2502
1983 936 956
956 936 1983
936 956 1983
682 186 1811
186 682 1811
1811 186 682
1717 325 2899
325 1717 2899
2899 325 1717
2112 332 545
332 545 2112
545 332 2112
438 102 1803
102 438 1803
1803 102 438
1773 1667 1852
1667 1773 1852
1852 1667 1773
2395 148 937
148 937 2395
937 148 2395
89 1563 2725
1563 89 2725
2725 89 1563
2538 490 2163
2163 490 2538
490 2163 2538
2028 138 1192
138 1192 2028
1192 138 2028
2836 368 1422
368 1422 2836
1422 368 2836
198 726 1856
1856 198 726
726 198 1856
346 394 1433
1433 346 394
394 346 1433
890 1657 2098
1657 890 2098
2098 890 1657
2535 1293 2035
1293 2035 2535
2035 1293 2535
2853 1676 2870
2870 1676 2853
1676 2853 2870
2291 2089 2955
2955 2089 2291
2089 2291 2955
1904 1397 1401
1397 1401 1904
1401 1397 1904
513 561 2088
2088 513 561
561 513 2088
2181 913 1100
1100 913 2181
913 1100 2181
1551 493 2505
493 1551 2505
2505 493 1551
48 605 1809
1809 48 605
605 48 1809
2461 1584 2488
1584 2461 2488
2488 1584 2461
1700 197 657
197 657 1700
657 197 1700
2941 204 614
614 204 2941
204 614 2941
2860 1353 1849
1353 1849 2860
1849 1353 2860
548 262 1820
262 548 1820
1820 262 548
1278 51 2588
51 1278 2588
2588 51 1278
206 35 1167
1167 35 206
35 206 1167
759 2261 2744
2261 759 2744
2744 759 2261
2926 862 2980
2980 862 2926
862 2926 2980
1674 2299 2463
2463 1674 2299
2299 1674 2463
1105 393 1922
1922 393 1105
393 1105 1922
2704 287 1916
287 1916 2704
1916 287 2704
2219 156 661
156 661 2219
661 156 2219
1207 927 2868
927 1207 2868
2868 927 1207
199 634 1048
634 199 1048
1048 199 634
2828 1707 2874
2874 1707 2828
1707 2828 2874
2582 515 1608
1608 515 2582
515 1608 2582
1642 2193 2988
2988 1642 2193
2193 1642 2988
1495 303 590
590 303 1495
303 590 1495
318 592 1489
592 318 1489
1489 318 592
1174 705 2425
2425 705 1174
705 1174 2425
2036 1712 2981
1712 2036 2981
2981 1712 2036
1183 979 1329
979 1183 1329
1329 979 1183
1703 7 1068
7 1068 1703
1068 7 1703
19 342 2736
2736 19 342
342 19 2736
211 131 747
131 211 747
747 131 211
2866 350 2339
2339 350 2866
350 2339 2866
1815 2177 2183
2177 1815 2183
2183 1815 2177
24 2442 2509
2509 24 2442
2442 24 2509
407 1209 2637
2637 407 1209
1209 407 2637
463 124 2049
124 463 2049
2049 124 463
1521 166 2481
166 1521 2481
2481 166 1521
1264 2141 2675
2141 1264 2675
2675 1264 2141
845 910 2059
2059 845 910
910 845 2059
653 708 1722
1722 653 708
708 653 1722
1505 803 1065
803 1065 1505
1065 803 1505
2352 843 1428
1428 843 2352
843 1428 2352
2027 101 1658
1658 101 2027
101 1658 2027
606 2118 2421
2118 606 2421
2421 606 2118
1466 15 1409
1409 15 1466
15 1409 1466
1535 533 1874
533 1535 1874
1874 533 1535
1863 1746 2379
1746 1863 2379
2379 1746 1863
1073 532 1155
532 1073 1155
1155 532 1073
963 410 666
666 410 963
410 666 963
667 1064 2518
1064 667 2518
2518 667 1064
1441 296 551
551 296 1441
296 551 1441
2999 1475 2434
1475 2434 2999
2434 1475 2999
771 497 509
509 497 771
497 509 771
265 577 1531
1531 265 577
577 265 1531
2633 1816 2806
1816 2633 2806
2806 1816 2633
2290 876 1877
876 1877 2290
1877 876 2290
2428 842 2721
2721 842 2428
842 2428 2721
344 375 1455
1455 344 375
375 344 1455
1043 1601 2730
2730 1043 1601
1601 1043 2730
433 2307 2894
2894 433 2307
2307 433 2894
2180 1276 2091
1276 2091 2180
2091 1276 2180
2240 69 2217
2217 69 2240
69 2217 2240
2451 2301 2813
2813 2301 2451
2301 2451 2813
314 698 1019
1019 314 698
698 314 1019
1254 386 995
995 386 1254
386 995 1254
328 1522 2002
2002 328 1522
1522 328 2002
1758 1273 1836
1273 1758 1836
1836 1273 1758
1029 105 636
105 636 1029
636 105 1029
2216 1204 2362
1204 2216 2362
2362 1204 2216
583 403 2294
403 583 2294
2294 403 583
2068 92 467
467 92 2068
92 467 2068
748 2359 2968
2359 748 2968
2968 748 2359
1038 1097 1681
1681 1038 1097
1097 1038 1681
1078 1594 2022
1594 1078 2022
2022 1078 1594
1024 1723 1774
1723 1024 1774
1774 1024 1723
969 434 1891
1891 434 969
434 969 1891
2956 305 2011
2011 305 2956
305 2011 2956
2768 802 2039
802 2039 2768
2039 802 2768
1695 256 854
854 256 1695
256 854 1695
1567 1902 2590
1902 1567 2590
2590 1567 1902
709 629 679
629 679 709
679 629 709
1499 270 818
270 818 1499
818 270 1499
2384 1023 2375
1023 2375 2384
2375 1023 2384
288 1525 1828
1525 288 1828
1828 288 1525
2852 2188 2571
2571 2188 2852
2188 2571 2852
2531 396 1607
1607 396 2531
396 1607 2531
1161 207 239
207 239 1161
239 207 1161
1688 2922 2987
2987 1688 2922
2922 1688 2987
2102 1794 2876
2876 1794 2102
1794 2102 2876
1159 1252 2179
2179 1159 1252
1252 1159 2179
1223 1297 2085
2085 1223 1297
1297 1223 2085
2809 1514 2630
2630 1514 2809
1514 2630 2809
1191 2225 2735
2735 1191 2225
2225 1191 2735
975 1001 2677
1001 975 2677
2677 975 1001
175 224 1362
1362 175 224
224 175 1362
1654 1225 1638
1638 1225 1654
1225 1638 1654
1979 2377 2498
2377 1979 2498
2498 1979 2377
2607 450 2978
2978 450 2607
450 2607 2978
1832 844 873
873 844 1832
844 873 1832
237 56 594
56 237 594
594 56 237
2227 194 2060
194 2060 2227
2060 194 2227
1725 1402 1622
1622 1402 1725
1402 1622 1725
2054 1793 2071
1793 2054 2071
2071 1793 2054
2376 395 1689
395 1689 2376
1689 395 2376
2910 1071 2435
1071 2435 2910
2435 1071 2910
1837 1290 1936
1290 1837 1936
1936 1290 1837
549 2218 2634
2218 549 2634
2634 549 2218
756 258 2485
2485 258 756
258 756 2485
2134 516 2454
516 2134 2454
2454 516 2134
1085 1101 2540
2540 1085 1101
1101 1085 2540
200 929 2597
929 200 2597
2597 200 929
2143 31 2931
2931 31 2143
31 2143 2931
2668 1349 1798
1349 1798 2668
1798 1349 2668
2917 201 2072
201 2072 2917
2072 201 2917
466 142 2095
2095 142 466
142 466 2095
2041 882 1199
882 1199 2041
1199 882 2041
908 251 2958
251 908 2958
2958 251 908
982 343 2495
343 982 2495
2495 343 982
1061 912 2681
2681 912 1061
912 1061 2681
2433 1310 1706
1706 1310 2433
1310 1706 2433
2386 1867 2688
2688 1867 2386
1867 2386 2688
798 1259 1942
1942 798 1259
1259 798 1942
1266 601 2494
601 1266 2494
2494 601 1266
2008 916 2811
2811 916 2008
916 2008 2811
2678 1406 1564
1406 1564 2678
1564 1406 2678
1928 1004 1568
1568 1004 1928
1004 1568 1928
228 47 2800
47 228 2800
2800 47 228
1189 943 1304
943 1189 1304
1304 943 1189
2676 1227 2872
2872 1227 2676
1227 2676 2872
1908 2316 2858
2858 1908 2316
2316 1908 2858
1251 1559 2888
1559 1251 2888
2888 1251 1559
2648 887 1733
887 1733 2648
1733 887 2648
978 944 2119
2119 944 978
944 978 2119
1789 2564 2846
2564 1789 2846
2846 1789 2564
1871 259 552
259 552 1871
552 259 1871
1425 1729 2349
2349 1425 1729
1729 1425 2349
850 245 652
245 652 850
652 245 850
2017 973 1494
1494 973 2017
973 1494 2017
178 1431 2466
2466 178 1431
1431 178 2466
1993 1234 2402
2402 1234 1993
1234 1993 2402
2889 411 1355
411 1355 2889
1355 411 2889
1876 238 1107
238 1107 1876
1107 238 1876
301 384 2994
2994 301 384
384 301 2994
2743 345 2070
345 2070 2743
2070 345 2743
822 1034 2317
2317 822 1034
1034 822 2317
2764 1655 1844
1844 1655 2764
1655 1844 2764
875 347 495
495 347 875
347 495 875
921 193 901
193 901 921
901 193 921
2780 1701 2018
2018 1701 2780
1701 2018 2780
2826 1635 1986
1635 1986 2826
1986 1635 2826
1049 1614 1765
1614 1049 1765
1765 1049 1614
714 678 974
974 678 714
678 714 974
886 2796 2854
2854 886 2796
2796 886 2854
1602 129 1341
1341 129 1602
129 1341 1602
1996 2584 2890
2584 1996 2890
2890 1996 2584
954 341 2199
341 954 2199
2199 341 954
1236 484 1684
1684 484 1236
484 1236 1684
1338 389 1260
389 1260 1338
1260 389 1338
988 1198 2121
2121 988 1198
1198 988 2121
16 1512 2100
1512 16 2100
2100 16 1512
1889 517 1232
517 1232 1889
1232 517 1889
2757 1124 2553
1124 2553 2757
2553 1124 2757
809 578 1610
1610 578 809
578 809 1610
2056 1982 2093
2093 1982 2056
1982 2056 2093
1776 1906 2528
2528 1776 1906
1906 1776 2528
2574 805 2208
2208 805 2574
805 2208 2574
1141 25 249
249 25 1141
25 249 1141
192 2228 2338
2338 192 2228
2228 192 2338
2763 496 2605
496 2605 2763
2605 496 2763
1507 1366 2766
2766 1366 1507
1366 1507 2766
1790 1772 2076
2076 1772 1790
1772 1790 2076
2231 202 2367
2367 202 2231
202 2231 2367
1652 1927 2371
2371 1652 1927
1927 1652 2371
769 655 2693
655 769 2693
2693 655 769
2335 316 1253
1253 316 2335
316 1253 2335
2752 1470 2599
1470 2599 2752
2599 1470 2752
2673 676 1438
1438 676 2673
676 1438 2673
98 1848 2427
1848 98 2427
2427 98 1848
2808 2534 2572
2572 2534 2808
2534 2572 2808
1935 891 1218
1218 891 1935
891 1218 1935
2147 801 1346
1346 801 2147
801 1346 2147
1146 585 898
898 585 1146
585 898 1146
2191 1616 2861
1616 2191 2861
2861 1616 2191
2087 70 416
70 416 2087
416 70 2087
1390 1496 2464
2464 1390 1496
1496 1390 2464
356 453 2555
2555 356 453
453 356 2555
54 149 2695
149 54 2695
2695 54 149
374 977 2389
2389 374 977
977 374 2389
1265 61 1137
1137 61 1265
61 1137 1265
336 68 2251
68 336 2251
2251 68 336
2640 33 1668
1668 33 2640
33 1668 2640
255 1888 2503
1888 255 2503
2503 255 1888
273 304 2995
304 273 2995
2995 273 304
2173 2236 2636
2236 2173 2636
2636 2173 2236
2326 1388 2893
1388 2326 2893
2893 1388 2326
2145 1089 2907
1089 2145 2907
2907 1089 2145
2245 569 1426
1426 569 2245
569 1426 2245
1011 246 1193
246 1011 1193
1193 246 1011
980 6 1255
1255 6 980
6 980 1255
879 2 1352
1352 2 879
2 879 1352
2123 807 1767
807 1767 2123
1767 807 2123
1929 2745 2753
2745 1929 2753
2753 1929 2745
1378 999 2741
2741 999 1378
999 1378 2741
2213 370 885
370 885 2213
885 370 2213
1716 859 1637
859 1637 1716
1637 859 1716
62 2303 2691
2303 62 2691
2691 62 2303
281 2420 2983
2983 281 2420
2420 281 2983
385 555 1263
555 385 1263
1263 385 555
1020 2061 2644
2061 1020 2644
2644 1020 2061
2749 827 2913
2913 827 2749
827 2749 2913
911 475 1239
475 911 1239
1239 475 911
1978 1670 1842
1670 1842 1978
1842 1670 1978
2567 157 2696
157 2567 2696
2696 157 2567
2396 1168 2578
2578 1168 2396
1168 2396 2578
2629 529 2916
2916 529 2629
529 2629 2916
623 1545 2107
2107 623 1545
1545 623 2107
2548 772 1287
1287 772 2548
772 1287 2548
1003 82 361
361 82 1003
82 361 1003
760 348 618
348 618 760
618 348 760
576 530 928
530 576 928
928 530 576
2961 1440 2001
1440 2001 2961
2001 1440 2961
441 2450 2869
2450 441 2869
2869 441 2450
837 355 1230
355 837 1230
1230 355 837
2855 723 2140
723 2140 2855
2140 723 2855
1453 358 2670
358 1453 2670
2670 358 1453
1573 1027 1382
1027 1382 1573
1382 1027 1573
2047 125 1523
1523 125 2047
125 1523 2047
1442 1509 1651
1509 1442 1651
1651 1442 1509
925 297 1187
297 925 1187
1187 297 925
126 1777 1819
1819 126 1777
1777 126 1819
2712 363 1331
363 1331 2712
1331 363 2712
1566 632 718
718 632 1566
632 718 1566
2765 918 2323
2323 918 2765
918 2323 2765
1044 1760 2263
2263 1044 1760
1760 1044 2263
1686 90 2504
2504 90 1686
90 1686 2504
784 1472 2096
2096 784 1472
1472 784 2096
1300 1383 2142
1383 1300 2142
2142 1300 1383
797 323 903
903 323 797
323 797 903
2393 1552 2342
1552 2342 2393
2342 1552 2393
1477 2690 2805
2805 1477 2690
2690 1477 2805
2444 1220 2965
2965 1220 2444
1220 2444 2965
2203 158 400
400 158 2203
158 400 2203
553 88 2439
2439 88 553
88 553 2439
820 1009 1519
1009 820 1519
1519 820 1009
1478 730 1903
1903 730 1478
730 1478 1903
575 864 926
926 575 864
864 575 926
1917 1301 1801
1301 1801 1917
1801 1301 1917
1633 44 715
44 715 1633
715 44 1633
2016 49 2449
2449 49 2016
49 2016 2449
2324 481 1859
481 1859 2324
1859 481 2324
1145 185 1775
1775 185 1145
185 1145 1775
1399 1295 1336
1295 1336 1399
1336 1295 1399
1139 615 2838
615 1139 2838
2838 615 1139
1066 733 1915
1915 733 1066
733 1066 1915
2667 36 1812
1812 36 2667
36 1812 2667
1788 953 2220
2220 953 1788
953 1788 2220
2575 214 671
671 214 2575
214 671 2575
1541 387 1134
1134 387 1541
387 1134 1541
1086 59 1973
1973 59 1086
59 1086 1973
1870 550 1285
550 1285 1870
1285 550 1870
556 702 2666
2666 556 702
702 556 2666
2561 360 2331
360 2331 2561
2331 360 2561
247 277 689
277 247 689
689 247 277
1482 1807 2625
1807 1482 2625
2625 1482 1807
2285 736 1905
1905 736 2285
736 1905 2285
847 155 2175
2175 155 847
155 847 2175
2166 535 1028
1028 535 2166
535 1028 2166
1814 20 1882
20 1814 1882
1882 20 1814
2706 1539 2963
1539 2706 2963
2963 1539 2706
408 765 1846
1846 408 765
765 408 1846
2783 692 1919
1919 692 2783
692 1919 2783
2596 2618 2770
2770 2596 2618
2618 2596 2770
1288 2614 2709
2709 1288 2614
2614 1288 2709
2651 1079 2482
1079 2482 2651
2482 1079 2651
322 243 757
243 322 757
757 243 322
75 1743 2525
2525 75 1743
1743 75 2525
1321 770 2734
2734 770 1321
770 1321 2734
1026 1465 2185
1465 1026 2185
2185 1026 1465
1944 8 2063
2063 8 1944
8 1944 2063
2632 2642 2795
2795 2632 2642
2642 2632 2795
2431 21 2511
21 2431 2511
2511 21 2431
527 1413 2714
1413 527 2714
2714 527 1413
1054 1323 1571
1323 1054 1571
1571 1054 1323
1444 424 1446
424 1444 1446
1446 424 1444
2746 1229 2849
2849 1229 2746
1229 2746 2849
2698 724 2310
2310 724 2698
724 2310 2698
1598 242 1615
1615 242 1598
242 1598 1615
741 1247 2946
1247 741 2946
2946 741 1247
32 766 1879
766 32 1879
1879 32 766
1808 690 2997
2997 690 1808
690 1808 2997
1160 1653 2830
1653 1160 2830
2830 1160 1653
2258 294 1460
294 1460 2258
1460 294 2258
440 1319 2779
2779 440 1319
1319 440 2779
2260 2012 2786
2786 2012 2260
2012 2260 2786
1429 471 2975
2975 471 1429
471 1429 2975
2346 739 2526
739 2346 2526
2526 739 2346
2135 2417 2506
2506 2135 2417
2417 2135 2506
1721 938 1955
1955 938 1721
938 1721 1955
2925 84 2109
2109 84 2925
84 2109 2925
1987 419 2840
419 1987 2840
2840 419 1987
831 366 1156
366 831 1156
1156 366 831
727 274 1493
1493 274 727
274 727 1493
1636 946 2776
2776 946 1636
946 1636 2776
1108 2064 2192
2192 1108 2064
2064 1108 2192
664 704 1210
704 664 1210
1210 664 704
1792 789 1274
789 1274 1792
1274 789 1792
697 1115 1632
1632 697 1115
1115 697 1632
261 2190 2275
2190 261 2275
2275 261 2190
669 150 599
150 599 669
599 150 669
2883 1005 2441
2441 1005 2883
1005 2441 2883
2884 2394 2465
2465 2394 2884
2394 2465 2884
2847 327 2408
327 2408 2847
2408 327 2847
1214 1231 1907
1907 1214 1231
1231 1214 1907
2111 749 2448
2448 749 2111
749 2111 2448
1536 580 2817
580 1536 2817
2817 580 1536
1201 141 1572
141 1201 1572
1572 141 1201
1450 947 2656
2656 947 1450
947 1450 2656
1436 1764 2646
2646 1436 1764
1764 1436 2646
2789 221 2556
2556 221 2789
221 2556 2789
1911 1938 2881
2881 1911 1938
1938 1911 2881
404 470 1045
1045 404 470
470 404 1045
2940 1643 2186
1643 2186 2940
2186 1643 2940
1099 60 2053
60 1099 2053
2053 60 1099
1625 505 880
505 880 1625
880 505 1625
2067 1437 2857
2857 1437 2067
1437 2067 2857
663 1778 2353
1778 663 2353
2353 663 1778
320 1894 2536
1894 320 2536
2536 320 1894
172 300 624
624 172 300
300 172 624
11 1997 2576
1997 11 2576
2576 11 1997
519 1250 2998
2998 519 1250
1250 519 2998
42 2663 2966
2663 42 2966
2966 42 2663
1516 1923 2424
1923 1516 2424
2424 1516 1923
282 1219 1411
1411 282 1219
1219 282 1411
1212 1217 1557
1217 1212 1557
1557 1212 1217
291 1934 2767
2767 291 1934
1934 291 2767
1821 269 1033
1033 269 1821
269 1033 1821
74 828 909
909 74 828
828 74 909
1972 380 2122
2122 380 1972
380 1972 2122
1081 991 1035
991 1035 1081
1035 991 1081
2716 674 1138
1138 674 2716
674 1138 2716
1175 271 2325
2325 271 1175
271 1175 2325
1248 1358 1569
1358 1248 1569
1569 1248 1358
1408 521 2547
2547 521 1408
521 1408 2547
1377 992 2178
2178 992 1377
992 1377 2178
130 1202 2594
1202 130 2594
2594 130 1202
1400 776 1709
1709 776 1400
776 1400 1709
1464 544 2264
2264 544 1464
544 1464 2264
1498 1770 2473
1770 1498 2473
2473 1498 1770
181 543 1173
543 181 1173
1173 181 543
1813 2472 2611
2472 1813 2611
2611 1813 2472
1796 1211 1780
1211 1780 1796
1780 1211 1796
132 780 1360
780 132 1360
1360 132 780
391 712 2478
712 391 2478
2478 391 712
1282 745 1197
1197 745 1282
745 1197 1282
932 1013 1956
1013 932 1956
1956 932 1013
935 1279 1427
1279 935 1427
1427 935 1279
1952 1414 1630
1414 1630 1952
1630 1414 1952
444 971 1179
971 444 1179
1179 444 971
1022 2034 2419
2034 1022 2419
2419 1022 2034
713 12 2609
12 713 2609
2609 12 713
2773 280 2032
2032 280 2773
280 2032 2773
1769 1082 2551
2551 1082 1769
1082 1769 2551
2354 906 1308
1308 906 2354
906 1308 2354
1257 209 1735
209 1257 1735
1735 209 1257
489 628 783
783 489 628
628 489 783
800 685 2250
685 800 2250
2250 685 800
2880 494 1960
1960 494 2880
494 1960 2880
2617 2885 2990
2990 2617 2885
2885 2617 2990
1116 700 1914
1914 700 1116
700 1116 1914
949 354 2507
354 949 2507
2507 354 949
292 253 1271
253 292 1271
1271 253 292
1660 135 2334
135 1660 2334
2334 135 1660
110 164 710
164 110 710
710 110 164
203 2471 2748
2471 203 2748
2748 203 2471
1330 2373 2437
2437 1330 2373
2373 1330 2437
315 213 2204
213 315 2204
2204 213 315
761 95 1461
95 761 1461
1461 95 761
1240 1992 2390
2390 1240 1992
1992 1240 2390
146 1711 2713
2713 146 1711
1711 146 2713
1662 1088 2127
1088 1662 2127
2127 1088 1662
2700 76 637
637 76 2700
76 637 2700
445 1646 2559
1646 445 2559
2559 445 1646
791 2004 2812
2004 791 2812
2812 791 2004
520 840 1434
1434 520 840
840 520 1434
1511 1502 2850
1502 1511 2850
2850 1502 1511
1581 1245 2358
2358 1245 1581
1245 1581 2358
263 788 1623
1623 263 788
788 263 1623
2483 267 436
267 436 2483
436 267 2483
2144 574 2875
2875 574 2144
574 2144 2875
427 1783 1985
1783 427 1985
1985 427 1783
1970 774 1687
1687 774 1970
774 1687 1970
1379 1479 2480
2480 1379 1479
1479 1379 2480
1417 457 2271
2271 457 1417
457 1417 2271
1517 2238 2400
2238 1517 2400
2400 1517 2238
2167 1940 2660
2660 1940 2167
1940 2167 2660
1586 934 1738
934 1586 1738
1738 934 1586
593 1560 1913
1913 593 1560
1560 593 1913
339 1350 1751
1751 339 1350
1350 339 1751
2524 722 2243
2243 722 2524
722 2243 2524
539 2565 2823
2565 539 2823
2823 539 2565
892 767 1971
767 892 1971
1971 767 892
230 1508 1866
1508 230 1866
1866 230 1508
1 331 1102
331 1 1102
1102 1 331
2932 1463 2558
2558 1463 2932
1463 2558 2932
1318 295 2006
295 1318 2006
2006 295 1318
2638 2867 2891
2867 2638 2891
2891 2638 2867
383 540 2459
540 383 2459
2459 383 540
1052 220 942
942 220 1052
220 942 1052
1216 566 1977
1977 566 1216
566 1216 1977
377 364 675
675 364 377
364 377 675
1421 290 2341
2341 290 1421
290 1421 2341
2672 2568 2585
2568 2585 2672
2585 2568 2672
260 518 1892
518 260 1892
1892 260 518
485 2527 2911
2911 485 2527
2527 485 2911
2685 863 1474
863 1474 2685
1474 863 2685
1520 1387 2457
1387 1520 2457
2457 1387 1520
2952 650 2927
2927 650 2952
650 2927 2952
617 2148 2469
2469 617 2148
2148 617 2469
2292 335 3000
3000 335 2292
335 2292 3000
2923 1233 2391
2391 1233 2923
1233 2391 2923
2862 571 2252
571 2252 2862
2252 571 2862
1484 5 610
5 610 1484
610 5 1484
570 1481 2493
1481 570 2493
2493 570 1481
2312 654 852
654 852 2312
852 654 2312
1200 2003 2403
2003 1200 2403
2403 1200 2003
613 1249 1950
1249 613 1950
1950 613 1249
2754 884 2313
2313 884 2754
884 2313 2754
2864 430 626
430 626 2864
626 430 2864
161 1332 1443
1443 161 1332
1332 161 1443
1597 744 2537
2537 744 1597
744 1597 2537
10 4 528
528 4 10
4 10 528
121 1041 1180
1180 121 1041
1041 121 1180
1357 174 2254
2254 174 1357
174 1357 2254
983 397 706
397 706 983
706 397 983
2438 1781 2137
1781 2137 2438
2137 1781 2438
2300 1875 2775
1875 2300 2775
2775 1875 2300
1418 501 1627
501 1418 1627
1627 501 1418
1857 1095 2125
1095 1857 2125
2125 1095 1857
1403 1543 2195
2195 1403 1543
1543 1403 2195
832 559 893
559 832 893
893 559 832
795 1898 2477
2477 795 1898
1898 795 2477
2232 526 2155
2155 526 2232
526 2155 2232
1823 492 989
989 492 1823
492 989 1823
1486 1930 2918
2918 1486 1930
1930 1486 2918
1797 707 2631
2631 707 1797
707 1797 2631
1277 340 2171
2171 340 1277
340 1277 2171
1056 426 619
619 426 1056
426 619 1056
1416 2215 2804
2804 1416 2215
2215 1416 2804
2129 1394 2000
2000 1394 2129
1394 2000 2129
285 2414 2608
2414 285 2608
2608 285 2414
1628 896 1524
896 1524 1628
1524 896 1628
1762 764 2363
764 1762 2363
2363 764 1762
1830 222 1648
222 1648 1830
1648 222 1830
2086 58 1806
58 1806 2086
1806 58 2086
881 417 563
417 563 881
563 417 881
2187 2170 2474
2170 2187 2474
2474 2170 2187
1312 1530 1921
1921 1312 1530
1530 1312 1921
73 1000 1314
1000 73 1314
1314 73 1000
2996 378 2569
2569 378 2996
378 2569 2996
2542 1094 2837
1094 2542 2837
2837 1094 2542
1644 1988 2327
1988 1644 2327
2327 1644 1988
2370 2302 2720
2302 2370 2720
2720 2302 2370
1393 1920 2873
2873 1393 1920
1920 1393 2873
672 1558 2799
1558 672 2799
2799 672 1558
1690 1710 2206
2206 1690 1710
1710 1690 2206
2516 504 2722
504 2516 2722
2722 504 2516
2399 1565 2554
2554 1565 2399
1565 2399 2554
483 2160 2550
2160 483 2550
2550 483 2160
338 3 933
933 3 338
3 338 933
2641 28 1270
28 1270 2641
1270 28 2641
1699 1640 1961
1640 1699 1961
1961 1640 1699
2991 985 1452
1452 985 2991
985 1452 2991
1964 188 1624
1624 188 1964
188 1624 1964
2452 1389 2103
1389 2103 2452
2103 1389 2452
2106 1458 2794
2794 1458 2106
1458 2106 2794
78 775 930
775 78 930
930 78 775
1172 695 2598
2598 695 1172
695 1172 2598
536 38 538
538 38 536
38 536 538
252 633 644
633 252 644
644 252 633
134 888 2253
2253 134 888
888 134 2253
369 731 2948
731 369 2948
2948 369 731
1840 487 986
986 487 1840
487 986 1840
2844 420 2543
2543 420 2844
420 2543 2844
1449 431 2126
431 1449 2126
2126 431 1449
642 2476 2821
2821 642 2476
2476 642 2821
1694 1532 2781
2781 1532 1694
1532 1694 2781
1647 763 2973
763 1647 2973
2973 763 1647
1862 1473 2920
2920 1473 1862
1473 1862 2920
2131 639 1924
1924 639 2131
639 1924 2131
2044 1256 1305
1305 1256 2044
1256 1305 2044
781 218 1617
1617 218 781
218 781 1617
2602 2380 2774
2380 2602 2774
2774 2380 2602
1666 1067 2671
1067 1666 2671
2671 1067 1666
1609 311 1589
1589 311 1609
311 1589 1609
423 1059 1448
1448 423 1059
1059 423 1448
735 660 680
660 680 735
680 660 735
2541 1741 2938
1741 2541 2938
2938 1741 2541
1787 122 1884
122 1787 1884
1884 122 1787
2832 145 2154
145 2154 2832
2154 145 2832
2620 116 1142
116 1142 2620
1142 116 2620
1909 960 1017
960 1017 1909
1017 960 1909
2385 1371 2740
1371 2385 2740
2740 1371 2385
2489 951 2357
951 2357 2489
2357 951 2489
108 872 1574
1574 108 872
872 108 1574
1556 806 2839
2839 806 1556
806 1556 2839
2392 254 899
899 254 2392
254 899 2392
443 858 2684
2684 443 858
858 443 2684
1588 109 1953
109 1588 1953
1953 109 1588
1925 1883 2337
1883 1925 2337
2337 1883 1925
2797 981 1582
981 1582 2797
1582 981 2797
43 778 2023
2023 43 778
778 43 2023
2727 1480 1675
1480 1675 2727
1675 1480 2727
1320 565 2649
2649 565 1320
565 1320 2649
2513 819 2149
819 2149 2513
2149 819 2513
91 2116 2430
2116 91 2430
2430 91 2116
1720 1345 2365
1345 1720 2365
2365 1345 1720
2583 162 1980
162 1980 2583
1980 162 2583
179 1032 2161
1032 179 2161
2161 179 1032
1113 1114 1975
1975 1113 1114
1114 1113 1975
546 1768 2951
2951 546 1768
1768 546 2951
2222 1122 1810
1810 1122 2222
1122 1810 2222
564 607 856
607 564 856
856 564 607
2453 1203 2732
1203 2453 2732
2732 1203 2453
94 2279 2683
2683 94 2279
2279 94 2683
693 838 2083
838 693 2083
2083 693 838
1196 67 560
560 67 1196
67 560 1196
268 1599 2824
1599 268 2824
2824 268 1599
816 1149 1152
1149 816 1152
1152 816 1149
1268 972 2593
2593 972 1268
972 1268 2593
524 792 2562
792 524 2562
2562 524 792
2169 1981 2519
2519 1981 2169
1981 2169 2519
2333 462 866
866 462 2333
462 866 2333
276 1015 1289
1015 276 1289
1289 276 1015
293 651 2603
2603 293 651
651 293 2603
2058 608 1186
1186 608 2058
608 1186 2058
365 144 1369
1369 144 365
144 365 1369
1534 531 2915
2915 531 1534
531 1534 2915
604 1373 2762
1373 604 2762
2762 604 1373
2912 17 2615
2615 17 2912
17 2615 2912
1784 948 1176
1176 948 1784
948 1176 1784
317 686 2062
686 317 2062
2062 317 686
65 1348 2845
1348 65 2845
2845 65 1348
2247 2563 2619
2619 2247 2563
2563 2247 2619
1693 998 2546
998 1693 2546
2546 998 1693
2048 357 2226
2226 357 2048
357 2048 2226
2896 309 1591
309 1591 2896
1591 309 2896
1492 1865 2184
1865 1492 2184
2184 1492 1865
2364 2381 2508
2381 2364 2508
2508 2364 2381
1546 455 1084
455 1084 1546
1084 455 1546
390 1827 2909
2909 390 1827
1827 390 2909
2579 308 1500
308 1500 2579
1500 308 2579
1351 446 1969
1969 446 1351
446 1351 1969
2241 1384 1506
1384 1506 2241
1506 1384 2241
612 1946 2903
1946 612 2903
2903 612 1946
1705 1483 1724
1724 1483 1705
1483 1705 1724
2699 790 1364
790 1364 2699
1364 790 2699
2500 1895 2627
1895 2500 2627
2627 1895 2500
1621 480 2348
2348 480 1621
480 1621 2348
584 1337 1899
1899 584 1337
1337 584 1899
751 1984 2368
2368 751 1984
1984 751 2368
1447 621 2233
2233 621 1447
621 1447 2233
1880 2202 2595
2595 1880 2202
2202 1880 2595
1126 506 2239
2239 506 1126
506 1126 2239
683 677 1732
1732 677 683
677 683 1732
1235 1284 2305
1284 1235 2305
2305 1235 1284
2906 883 2586
883 2586 2906
2586 883 2906
631 176 865
865 176 631
176 631 865
321 826 2136
826 321 2136
2136 321 826
2234 1347 2297
2297 1347 2234
1347 2234 2297
2078 177 616
616 177 2078
177 616 2078
582 2514 2733
2733 582 2514
2514 582 2733
799 1317 1354
1354 799 1317
1317 799 1354
2052 855 1076
855 1076 2052
1076 855 2052
86 2005 2827
2827 86 2005
2005 86 2827
1143 1367 2045
2045 1143 1367
1367 1143 2045
2462 367 2255
2255 367 2462
367 2255 2462
275 236 2416
2416 236 275
236 275 2416
1510 2411 2701
2701 1510 2411
2411 1510 2701
1112 217 1392
1392 217 1112
217 1112 1392
1123 2557 2798
2798 1123 2557
2557 1123 2798
472 168 2807
168 472 2807
2807 168 472
2960 878 1090
878 1090 2960
1090 878 2960
2244 2520 2904
2904 2244 2520
2520 2244 2904
2731 143 2458
143 2458 2731
2458 143 2731
2979 2113 2622
2113 2622 2979
2622 2113 2979
1302 914 1661
1661 914 1302
914 1302 1661
1869 226 359
359 226 1869
226 359 1869
2624 643 646
643 646 2624
646 643 2624
512 1490 1579
1579 512 1490
1490 512 1579
1215 127 1755
127 1215 1755
1755 127 1215
381 1748 2221
1748 381 2221
2221 381 1748
1897 1325 1410
1325 1410 1897
1410 1325 1897
993 1672 2573
1672 993 2573
2573 993 1672
2985 137 2296
137 2296 2985
2296 137 2985
1671 250 2957
250 1671 2957
2957 250 1671
173 1125 2971
1125 173 2971
2971 173 1125
1298 40 961
961 40 1298
40 961 1298
1111 851 895
895 851 1111
851 895 1111
2210 1415 2209
1415 2209 2210
2209 1415 2210
2174 923 2197
923 2174 2197
2197 923 2174
1299 13 1718
13 1299 1718
1718 13 1299
1012 2115 2282
2115 1012 2282
2282 1012 2115
662 1854 2682
2682 662 1854
1854 662 2682
1070 1151 2172
1151 1070 2172
2172 1070 1151
2156 266 860
860 266 2156
266 860 2156
815 115 1665
115 815 1665
1665 115 815
422 696 1261
1261 422 696
696 422 1261
2895 587 1130
1130 587 2895
587 1130 2895
1900 272 299
272 299 1900
299 272 1900
1691 2772 2782
2782 1691 2772
2772 1691 2782
2019 29 229
229 29 2019
29 229 2019
1685 1804 2013
1804 1685 2013
2013 1685 1804
1878 1912 2580
1912 1878 2580
2580 1878 1912
2470 2613 2661
2661 2470 2613
2613 2470 2661
1649 523 2168
523 1649 2168
2168 523 1649
874 1834 2878
2878 874 1834
1834 874 2878
622 409 511
511 409 622
409 511 622
941 1851 2755
1851 941 2755
2755 941 1851
627 456 2761
456 627 2761
2761 456 627
2356 753 1678
1678 753 2356
753 1678 2356
596 567 2309
2309 567 596
567 596 2309
399 2456 2539
2456 399 2539
2539 399 2456
1208 829 2237
829 1208 2237
2237 829 1208
1258 449 1590
449 1258 1590
1590 449 1258
1887 1800 2287
2287 1800 1887
1800 1887 2287
2737 476 1550
476 1550 2737
1550 476 2737
337 1309 2479
1309 337 2479
2479 337 1309
448 2110 2669
2669 448 2110
2110 448 2669
312 107 2281
2281 107 312
107 312 2281
670 1058 2010
2010 670 1058
1058 670 2010
1242 93 2792
93 1242 2792
2792 93 1242
2014 53 1243
1243 53 2014
53 1243 2014
1561 958 2405
958 1561 2405
2405 958 1561
289 9 1526
9 289 1526
1526 9 289
2623 401 2778
2778 401 2623
401 2623 2778
877 717 2718
717 877 2718
2718 717 877
1747 2311 2898
2898 1747 2311
2311 1747 2898
2863 1037 2788
1037 2788 2863
2788 1037 2863
2286 2552 2711
2552 2286 2711
2711 2286 2552
1091 234 2877
2877 234 1091
234 1091 2877
2530 2021 2133
2133 2021 2530
2021 2133 2530
1096 1075 2604
2604 1075 1096
1075 1096 2604
2372 241 620
241 620 2372
620 241 2372
1663 2033 2223
2223 1663 2033
2033 1663 2223
2108 821 2829
2829 821 2108
821 2108 2829
720 2120 2157
2157 720 2120
2120 720 2157
1405 1731 2717
2717 1405 1731
1731 1405 2717
2501 1046 1055
1055 1046 2501
1046 1055 2501
902 2077 2652
2077 902 2652
2652 902 2077
461 630 2345
630 461 2345
2345 461 630
1847 1080 2742
2742 1080 1847
1080 1847 2742
699 278 1885
1885 278 699
278 699 1885
823 1435 1577
1435 823 1577
1577 823 1435
514 581 1456
1456 514 581
581 514 1456
2304 196 579
196 579 2304
579 196 2304
14 152 964
964 14 152
152 14 964
2944 26 2447
2447 26 2944
26 2447 2944
1604 907 2901
2901 907 1604
907 1604 2901
1445 376 1991
376 1445 1991
1991 376 1445
2413 2426 2643
2426 2413 2643
2643 2413 2426
195 1491 2043
1491 195 2043
2043 195 1491
1945 2818 2887
2818 1945 2887
2887 1945 2818
1339 18 72
72 18 1339
18 72 1339
459 2318 2935
2935 459 2318
2318 459 2935
1039 1340 2460
1340 1039 2460
2460 1039 1340
2523 2230 2320
2320 2230 2523
2230 2320 2523
2905 298 1334
1334 298 2905
298 1334 2905
1103 830 1861
830 1103 1861
1861 830 1103
1845 437 1501
1501 437 1845
437 1501 1845
1136 825 2635
2635 825 1136
825 1136 2635
1127 302 1072
302 1072 1127
1072 302 1127
100 814 1587
814 100 1587
1587 100 814
1829 1053 1222
1222 1053 1829
1053 1222 1829
1795 1327 1533
1327 1533 1795
1533 1327 1795
1246 968 2739
2739 968 1246
968 1246 2739
2445 950 2936
950 2445 2936
2936 950 2445
2621 1698 1855
1698 1855 2621
1855 1698 2621
1951 945 2825
2825 945 1951
945 1951 2825
1645 117 1540
1540 117 1645
117 1540 1645
738 841 1432
841 738 1432
1432 738 841
1036 768 2892
2892 768 1036
768 1036 2892
2859 30 114
30 114 2859
114 30 2859
2249 2919 2930
2919 2249 2930
2930 2249 2919
2515 573 1576
573 1576 2515
1576 573 2515
2280 568 2235
568 2235 2280
2235 568 2280
2467 286 2815
2815 286 2467
286 2467 2815
79 64 2409
2409 64 79
64 79 2409
479 957 1818
957 479 1818
1818 479 957
673 1365 1451
1365 673 1451
1451 673 1365
1518 2205 2273
2205 1518 2273
2273 1518 2205
379 1158 2986
2986 379 1158
1158 379 2986
2665 77 1361
77 1361 2665
1361 77 2665
133 857 1244
857 133 1244
1244 133 857
647 81 2201
2201 81 647
81 647 2201
1593 319 2628
319 1593 2628
2628 319 1593
2715 447 1269
447 1269 2715
1269 447 2715
2499 1753 2581
1753 2499 2581
2581 1753 2499
1918 1133 2132
2132 1133 1918
1133 1918 2132
2802 240 2814
2814 240 2802
240 2802 2814
1281 1016 1294
1294 1016 1281
1016 1281 1294
1669 99 2484
2484 99 1669
99 1669 2484
2182 231 2657
231 2182 2657
2657 231 2182
160 824 2639
2639 160 824
824 160 2639
1839 1454 2723
1454 1839 2723
2723 1454 1839
2658 996 2151
2151 996 2658
996 2151 2658
432 1841 2707
1841 432 2707
2707 432 1841
2114 2081 2943
2943 2081 2114
2081 2114 2943
1727 839 2879
2879 839 1727
839 1727 2879
2703 1966 2729
1966 2703 2729
2729 1966 2703
990 2697 2934
2934 990 2697
2697 990 2934
1424 2265 2397
2265 1424 2397
2397 1424 2265
205 1605 1742
1742 205 1605
1605 205 1742
1683 1117 2097
2097 1117 1683
1117 1683 2097
1153 382 464
382 464 1153
464 382 1153
1976 588 924
588 924 1976
924 588 1976
2760 987 2708
2708 987 2760
987 2708 2760
817 786 1412
1412 786 817
786 817 1412
1931 486 2099
486 1931 2099
2099 486 1931
503 468 2094
468 503 2094
2094 468 503
1104 154 976
154 976 1104
976 154 1104
1420 1228 1343
1228 1343 1420
1343 1228 1420
2443 922 2626
2626 922 2443
922 2443 2626
1713 600 2152
600 1713 2152
2152 600 1713
2606 1307 2964
2964 1307 2606
1307 2606 2964
811 2268 2655
2655 811 2268
2268 811 2655
1395 701 1150
1150 701 1395
701 1150 1395
1959 351 867
351 867 1959
867 351 1959
2694 1682 1890
1682 1890 2694
1890 1682 2694
796 1069 1697
1069 796 1697
1697 796 1069
2046 118 2242
2242 118 2046
118 2046 2242
2654 103 418
103 418 2654
418 103 2654
773 785 1538
1538 773 785
785 773 1538
1799 846 2267
846 1799 2267
2267 846 1799
2229 225 1267
1267 225 2229
225 1267 2229
691 283 1157
1157 283 691
283 691 1157
1487 1368 1838
1368 1487 1838
1838 1368 1487
2924 1195 2492
1195 2492 2924
2492 1195 2924
1650 23 1063
23 1063 1650
1063 23 1650
2974 834 2570
834 2570 2974
2570 834 2974
482 153 2819
153 482 2819
2819 153 482
1963 1468 2545
1468 1963 2545
2545 1468 1963
793 1169 1824
1169 793 1824
1824 793 1169
1098 1326 2601
1326 1098 2601
2601 1098 1326
1342 429 1791
429 1342 1791
1791 429 1342
2954 2702 2842
2842 2702 2954
2702 2842 2954
656 962 1528
1528 656 962
962 656 1528
1998 1544 2314
1544 1998 2314
2314 1544 1998
1858 1629 1715
1715 1629 1858
1629 1715 1858
508 1864 2057
2057 508 1864
1864 508 2057
2680 1050 1634
1634 1050 2680
1050 1634 2680
589 2159 2549
2159 589 2549
2549 589 2159
235 1469 2366
2366 235 1469
1469 235 2366
2566 889 1957
889 1957 2566
1957 889 2566
1817 2015 2117
2015 1817 2117
2117 1817 2015
2947 1147 1213
1147 1213 2947
1213 1147 2947
180 2055 2079
2079 180 2055
2055 180 2079
2758 1619 1933
1933 1619 2758
1619 1933 2758
966 668 2589
2589 668 966
668 966 2589
1708 1021 1375
1021 1375 1708
1375 1021 1708
171 2092 2532
2532 171 2092
2092 171 2532
1374 159 2710
159 1374 2710
2710 159 1374
1311 97 848
848 97 1311
97 848 1311
2410 2374 2687
2687 2374 2410
2374 2410 2687
212 1002 2020
2020 212 1002
1002 212 2020
1896 1503 2007
1503 1896 2007
2007 1503 1896
1726 595 1457
595 1457 1726
1457 595 1726
2360 1745 2686
1745 2360 2686
2686 1745 2360
687 1010 2398
1010 687 2398
2398 687 1010
1385 1057 1612
1612 1057 1385
1057 1385 1612
2726 1757 2090
1757 2090 2726
2090 1757 2726
2831 34 967
34 967 2831
967 34 2831
711 1471 2900
1471 711 2900
2900 711 1471
1611 2315 2865
2315 1611 2865
2865 1611 2315
1737 2351 2440
2351 1737 2440
2440 1737 2351
2383 2293 2801
2293 2383 2801
2801 2293 2383
1958 439 2200
439 1958 2200
2200 439 1958
1575 227 537
537 227 1575
227 537 1575
151 1154 1549
1549 151 1154
1154 151 1549
1166 1786 2560
1786 1166 2560
2560 1166 1786
645 1696 2074
2074 645 1696
1696 645 2074
1626 451 1376
451 1376 1626
1376 451 1626
1120 119 2139
119 1120 2139
2139 119 1120
128 139 140
140 128 139
139 128 140
352 1802 2921
1802 352 2921
2921 352 1802
522 984 1939
1939 522 984
984 522 1939
2521 725 1656
1656 725 2521
725 1656 2521
1296 812 1335
812 1296 1335
1335 812 1296
2724 1363 1554
1554 1363 2724
1363 1554 2724
2982 1226 2784
2784 1226 2982
1226 2784 2982
777 1548 2577
2577 777 1548
1548 777 2577
473 1679 2347
2347 473 1679
1679 473 2347
994 1948 2950
2950 994 1948
1948 994 2950
2105 970 2418
2418 970 2105
970 2105 2418
658 189 1286
189 658 1286
1286 189 658
1542 939 2962
939 1542 2962
2962 939 1542
1238 1025 1333
1333 1025 1238
1025 1238 1333
2841 1423 2650
1423 2650 2841
2650 1423 2841
136 39 2274
39 136 2274
2274 39 136
2355 333 2533
333 2355 2533
2533 333 2355
1901 2038 2082
2038 1901 2082
2082 1901 2038
1990 478 2928
2928 478 1990
478 1990 2928
1585 147 1843
147 1585 1843
1843 147 1585
210 2771 2785
2771 210 2785
2785 210 2771
1396 232 2248
2248 232 1396
232 1396 2248
187 112 373
112 187 373
373 112 187
1165 684 2992
684 1165 2992
2992 684 1165
2246 71 458
71 458 2246
458 71 2246
2319 477 2404
477 2319 2404
2404 477 2319
2908 398 2689
398 2689 2908
2689 398 2908
442 502 782
782 442 502
502 442 782
1030 752 2833
2833 752 1030
752 1030 2833
2432 498 2330
498 2330 2432
2330 498 2432
2423 703 2429
2429 703 2423
703 2423 2429
425 63 1040
63 425 1040
1040 63 425
1989 1596 2031
2031 1596 1989
1596 1989 2031
1932 1188 2491
2491 1188 1932
1188 1932 2491
2612 460 1087
1087 460 2612
460 1087 2612
1083 743 1462
743 1083 1462
1462 743 1083
1620 1359 2128
1359 1620 2128
2128 1359 1620
2856 1131 1280
1131 1280 2856
1280 1131 2856
2350 1831 2790
1831 2350 2790
2790 1831 2350
465 787 1324
787 465 1324
1324 465 787
1692 665 1313
665 1313 1692
1313 665 1692
2198 1129 2972
2972 1129 2198
1129 2198 2972
2272 1164 2165
2165 1164 2272
1164 2165 2272
1171 1825 2787
2787 1171 1825
1825 1171 2787
2659 190 1947
190 1947 2659
1947 190 2659
940 897 2196
2196 897 940
897 940 2196
2692 452 1121
452 1121 2692
1121 452 2692
1673 1618 1805
1618 1673 1805
1805 1618 1673
1144 1092 1785
1092 1144 1785
1785 1092 1144
1631 732 2468
2468 732 1631
732 1631 2468
572 191 1128
191 572 1128
1128 191 572
2989 2065 2257
2065 2257 2989
2257 2065 2989
868 1135 2933
1135 868 2933
2933 868 1135
1430 2322 2332
2322 1430 2332
2332 1430 2322
541 1740 2475
2475 541 1740
1740 541 2475
2262 41 307
307 41 2262
41 307 2262
2130 729 1177
729 1177 2130
1177 729 2130
2664 716 2820
716 2664 2820
2820 716 2664
2336 1965 2284
2284 1965 2336
1965 2284 2336
1603 611 719
611 719 1603
719 611 1603
2834 558 813
558 813 2834
813 558 2834
554 1476 2984
1476 554 2984
2984 554 1476
2146 248 2328
248 2146 2328
2328 248 2146
534 1190 2024
1190 534 2024
2024 534 1190
2084 57 1178
1178 57 2084
57 1178 2084
2959 1771 2803
1771 2803 2959
2803 1771 2959
1018 500 728
728 500 1018
500 728 1018
1370 1328 2207
2207 1328 1370
1328 1370 2207
491 421 2610
2610 421 491
421 491 2610
106 1007 1515
1007 106 1515
1515 106 1007
1205 2029 2344
2344 1205 2029
2029 1205 2344
1140 649 2069
649 1140 2069
2069 649 1140
1600 1194 1754
1194 1600 1754
1754 1194 1600
635 215 2728
2728 215 635
215 635 2728
2406 1014 1749
1749 1014 2406
1014 1749 2406
2843 681 1006
1006 681 2843
681 1006 2843
2124 310 499
310 499 2124
499 310 2124
2256 1752 1941
1752 1941 2256
1941 1752 2256
1381 2042 2674
2042 1381 2674
2674 1381 2042
586 104 2835
2835 104 586
104 586 2835
1873 641 2162
641 1873 2162
2162 641 1873
183 284 1467
1467 183 284
284 183 1467
2600 754 2075
2075 754 2600
754 2075 2600
402 2401 2897
2401 402 2897
2897 402 2401
219 1275 1719
1275 219 1719
1719 219 1275
2176 2544 2902
2544 2176 2902
2902 2176 2544
1074 808 2211
2211 808 1074
808 1074 2211
2914 804 2512
2512 804 2914
804 2512 2914
794 2025 2278
2278 794 2025
2025 794 2278
1860 638 1744
638 1744 1860
1744 638 1860
1730 1106 2361
1106 1730 2361
2361 1106 1730
2214 279 1241
1241 279 2214
279 1241 2214
123 2189 2949
2189 123 2949
2949 123 2189
1322 2382 2750
2750 1322 2382
2382 1322 2750
1606 216 353
353 216 1606
216 353 1606
2276 1119 2759
2759 1119 2276
1119 2276 2759
1739 740 2976
740 1739 2976
2976 740 1739
2066 454 1485
1485 454 2066
454 1485 2066
163 1553 1641
1553 163 1641
1641 163 1553
113 1580 2194
2194 113 1580
1580 113 2194
415 1659 2769
1659 415 2769
2769 415 1659
997 371 1613
371 997 1613
1613 371 997
2751 836 2306
836 2306 2751
2306 836 2751
2269 2259 2422
2422 2259 2269
2259 2269 2422
810 2369 2886
2369 810 2886
2886 810 2369
2212 2645 2810
2645 2212 2810
2810 2212 2645
1062 1962 2340
1962 1062 2340
2340 1062 1962
334 2679 2970
2679 334 2970
2970 334 2679
746 1109 2871
1109 746 2871
2871 746 1109
547 2496 2497
2497 547 2496
2496 547 2497
1968 313 1110
313 1110 1968
1110 313 1968
1283 1181 1728
1181 1283 1728
1728 1181 1283
372 182 2009
182 372 2009
2009 182 372
