2122 241 2952
2952 241 2122
241 2122 2952
704 634 2575
634 704 2575
2575 634 704
1528 820 2243
820 1528 2243
2243 820 1528
1537 374 868
868 374 1537
374 868 1537
1630 2485 2629
2629 1630 2485
2485 1630 2629
359 1481 2206
2206 359 1481
1481 359 2206
163 961 1192
1192 163 961
961 163 1192
1624 2661 2875
2875 1624 2661
2661 1624 2875
909 947 1804
1804 909 947
947 909 1804
1450 1258 1260
1258 1260 1450
1260 1258 1450
2082 537 590
537 590 2082
590 537 2082
2118 1538 2954
1538 2118 2954
2954 1538 2118
235 1790 2511
2511 235 1790
1790 235 2511
2965 755 1750
1750 755 2965
755 1750 2965
1146 2346 2938
2938 1146 2346
2346 1146 2938
2098 1162 2271
2271 1162 2098
1162 2098 2271
780 1454 2561
1454 780 2561
2561 780 1454
2958 721 2580
721 2580 2958
2580 721 2958
839 678 2894
678 839 2894
2894 678 839
2027 2013 2309
2013 2027 2309
2309 2013 2027
2698 1252 2117
1252 2117 2698
2117 1252 2698
2547 436 1546
436 1546 2547
1546 436 2547
211 758 901
901 211 758
758 211 901
2264 1602 2690
2690 1602 2264
1602 2264 2690
2680 539 2233
2233 539 2680
539 2233 2680
1381 532 1569
1569 532 1381
532 1381 1569
332 1082 1345
1345 332 1082
1082 332 1345
2130 2081 2675
2675 2081 2130
2081 2130 2675
47 1195 1986
1195 47 1986
1986 47 1195
1727 1438 2070
1438 1727 2070
2070 1438 1727
2664 193 2183
193 2183 2664
2183 193 2664
1680 12 867
867 12 1680
12 867 1680
767 907 1683
907 767 1683
1683 767 907
1376 680 2199
680 1376 2199
2199 680 1376
2579 2573 2711
2711 2573 2579
2573 2579 2711
1627 28 735
28 735 1627
735 28 1627
1113 1072 2381
1072 1113 2381
2381 1072 1113
76 1211 2385
1211 76 2385
2385 76 1211
521 228 1499
1499 228 521
228 521 1499
1954 1364 1398
1398 1364 1954
1364 1398 1954
230 340 2674
340 230 2674
2674 230 340
2101 978 2460
2460 978 2101
978 2101 2460
1157 1099 2412
2412 1099 1157
1099 1157 2412
379 33 1094
33 379 1094
1094 33 379
658 136 895
895 136 658
136 658 895
2824 1825 2071
1825 2071 2824
2071 1825 2824
2165 988 1771
988 1771 2165
1771 988 2165
622 2065 2109
2109 622 2065
2065 622 2109
1592 660 2132
660 1592 2132
2132 660 1592
1778 239 860
239 860 1778
860 239 1778
1644 725 2652
2652 725 1644
725 1644 2652
789 1615 2697
1615 789 2697
2697 789 1615
1323 258 2457
2457 258 1323
258 1323 2457
327 2248 2476
2248 327 2476
2476 327 2248
800 306 2445
306 800 2445
2445 306 800
351 1868 2700
1868 351 2700
2700 351 1868
648 214 683
683 214 648
214 648 683
2854 1673 2185
1673 2185 2854
2185 1673 2854
478 1410 1663
1410 478 1663
1663 478 1410
656 740 2740
2740 656 740
740 656 2740
2022 23 2533
2533 23 2022
23 2022 2533
2870 1205 2701
2701 1205 2870
1205 2701 2870
1370 566 2962
2962 566 1370
566 1370 2962
1513 1471 2679
1471 1513 2679
2679 1471 1513
1415 675 1440
675 1415 1440
1440 675 1415
2290 1638 2002
2002 1638 2290
1638 2002 2290
395 1180 2375
1180 395 2375
2375 395 1180
1769 882 2085
2085 882 1769
882 1769 2085
1079 1820 1894
1820 1079 1894
1894 1079 1820
1332 432 2095
432 1332 2095
2095 432 1332
1234 1618 2037
1618 1234 2037
2037 1234 1618
2193 2020 2176
2176 2020 2193
2020 2176 2193
1100 691 2830
691 1100 2830
2830 691 1100
319 207 1148
207 319 1148
1148 207 319
1758 1669 2334
2334 1669 1758
1669 1758 2334
799 1698 2957
2957 799 1698
1698 799 2957
835 2205 2456
2456 835 2205
2205 835 2456
2735 245 2514
245 2514 2735
2514 245 2735
1798 37 2336
2336 37 1798
37 1798 2336
791 578 877
877 578 791
578 791 877
1796 495 2611
495 1796 2611
2611 495 1796
316 276 788
276 316 788
788 276 316
1259 354 1935
354 1259 1935
1935 354 1259
977 864 1317
1317 864 977
864 977 1317
1366 75 2462
2462 75 1366
75 1366 2462
1467 2164 2893
2164 1467 2893
2893 1467 2164
949 1287 1430
1430 949 1287
1287 949 1430
2933 85 425
425 85 2933
85 425 2933
1994 400 915
400 915 1994
915 400 1994
1294 1067 2459
1067 1294 2459
2459 1067 1294
160 326 3000
3000 160 326
326 160 3000
2658 172 524
524 172 2658
172 524 2658
1115 1907 2344
2344 1115 1907
1907 1115 2344
1942 406 716
406 716 1942
716 406 1942
1970 15 2912
2912 15 1970
15 1970 2912
1871 502 2903
502 1871 2903
2903 502 1871
2866 889 902
902 889 2866
889 902 2866
2272 1328 2857
1328 2272 2857
2857 1328 2272
2131 681 1424
1424 681 2131
681 1424 2131
1303 808 1378
808 1303 1378
1378 808 1303
1950 141 695
141 695 1950
695 141 1950
1971 94 916
916 94 1971
94 916 1971
2763 1306 1595
1595 1306 2763
1306 1595 2763
184 1164 2074
2074 184 1164
1164 184 2074
2950 751 1956
751 1956 2950
1956 751 2950
2327 1313 2731
2731 1313 2327
1313 2327 2731
188 344 1133
344 188 1133
1133 188 344
129 1586 1856
1586 129 1856
1856 129 1586
2052 5 2539
2539 5 2052
5 2052 2539
1802 645 1360
645 1360 1802
1360 645 1802
300 1000 2598
1000 300 2598
2598 300 1000
2552 60 2276
60 2276 2552
2276 60 2552
2073 1120 1449
1449 1120 2073
1120 1449 2073
2323 144 380
144 380 2323
380 144 2323
2835 1305 2715
2715 1305 2835
1305 2715 2835
1289 1861 2500
2500 1289 1861
1861 1289 2500
1532 62 686
62 686 1532
686 62 1532
1123 2390 2400
2400 1123 2390
2390 1123 2400
2219 2228 2560
2228 2219 2560
2560 2219 2228
2087 1110 2345
1110 2087 2345
2345 1110 2087
1729 2242 2331
2331 1729 2242
2242 1729 2331
2848 734 1040
734 1040 2848
1040 734 2848
1830 102 407
407 102 1830
102 407 1830
2330 422 2302
2302 422 2330
422 2302 2330
176 956 2764
2764 176 956
956 176 2764
2222 822 926
926 822 2222
822 926 2222
1225 59 2923
59 1225 2923
2923 59 1225
1244 2568 2988
2568 1244 2988
2988 1244 2568
2364 1642 2748
1642 2364 2748
2748 1642 2364
1338 481 1880
481 1338 1880
1880 481 1338
1278 95 2826
2826 95 1278
95 1278 2826
1640 2017 2026
2026 1640 2017
2017 1640 2026
473 284 1732
1732 284 473
284 473 1732
762 1281 1403
1403 762 1281
1281 762 1403
1397 45 2395
45 1397 2395
2395 45 1397
2660 759 1216
1216 759 2660
759 1216 2660
1571 93 1783
1783 93 1571
93 1571 1783
225 1307 1561
1307 225 1561
1561 225 1307
2119 1041 1169
1041 1169 2119
1169 1041 2119
155 267 1927
267 155 1927
1927 155 267
1291 1413 1723
1413 1291 1723
1723 1291 1413
2218 2106 2860
2106 2218 2860
2860 2106 2218
1391 832 2373
832 1391 2373
2373 832 1391
2516 2678 2992
2992 2516 2678
2678 2516 2992
1903 700 1878
700 1878 1903
1878 700 1903
1230 1091 1194
1194 1091 1230
1091 1194 1230
2439 560 2795
2795 560 2439
560 2439 2795
83 110 2811
110 83 2811
2811 83 110
1838 506 2170
2170 506 1838
506 1838 2170
2190 1161 1666
1161 1666 2190
1666 1161 2190
2918 2261 2355
2261 2355 2918
2355 2261 2918
66 24 1483
24 66 1483
1483 24 66
843 79 438
438 79 843
79 438 843
2320 2430 2666
2666 2320 2430
2430 2320 2666
952 650 2878
650 952 2878
2878 650 952
2591 393 2625
393 2591 2625
2625 393 2591
2864 1090 1946
1090 1946 2864
1946 1090 2864
1952 620 2693
620 1952 2693
2693 620 1952
1563 1832 2049
1832 1563 2049
2049 1563 1832
1250 795 2413
2413 795 1250
795 1250 2413
333 1073 1865
1865 333 1073
1073 333 1865
291 2097 2102
2097 291 2102
2102 291 2097
1600 97 1718
97 1600 1718
1718 97 1600
2976 982 1238
982 1238 2976
1238 982 2976
2720 2115 2268
2115 2268 2720
2268 2115 2720
1293 159 1050
1050 159 1293
159 1050 1293
1709 453 1507
1507 453 1709
453 1507 1709
2550 2358 2744
2358 2550 2744
2744 2358 2550
626 2092 2255
2092 626 2255
2255 626 2092
358 2067 2544
2544 358 2067
2067 358 2544
414 514 542
542 414 514
514 414 542
1736 182 357
182 357 1736
357 182 1736
165 112 254
112 165 254
254 112 165
2960 823 1999
823 1999 2960
1999 823 2960
1655 423 2055
2055 423 1655
423 1655 2055
1500 390 673
673 390 1500
390 673 1500
1943 592 2520
592 1943 2520
2520 592 1943
1516 1476 1594
1476 1516 1594
1594 1476 1516
1452 912 2203
912 1452 2203
2203 912 1452
967 1149 2175
1149 967 2175
2175 967 1149
2211 2409 2836
2409 2211 2836
2836 2211 2409
1863 1881 2083
1881 1863 2083
2083 1863 1881
818 906 928
906 818 928
928 818 906
2332 1321 2998
2998 1321 2332
1321 2332 2998
1298 1052 2437
1052 1298 2437
2437 1052 1298
1596 551 2378
551 1596 2378
2378 551 1596
783 483 2349
483 783 2349
2349 483 783
997 819 1862
1862 819 997
819 997 1862
2402 1428 2817
1428 2402 2817
2817 1428 2402
534 261 1280
261 534 1280
1280 261 534
1240 1247 1611
1611 1240 1247
1247 1240 1611
942 2394 2722
2722 942 2394
2394 942 2722
2405 1272 2038
1272 2038 2405
2038 1272 2405
467 119 1613
119 467 1613
1613 119 467
2197 940 2975
2975 940 2197
940 2197 2975
2889 2104 2116
2116 2104 2889
2104 2116 2889
1659 1858 2691
1858 1659 2691
2691 1659 1858
777 111 2941
2941 111 777
111 777 2941
2934 2105 2333
2105 2333 2934
2333 2105 2934
1831 858 2991
2991 858 1831
858 1831 2991
1255 41 2783
2783 41 1255
41 1255 2783
747 365 1725
365 747 1725
1725 365 747
568 1037 1983
1983 568 1037
1037 568 1983
1947 587 2204
2204 587 1947
587 1947 2204
288 1566 1797
1797 288 1566
1566 288 1797
1681 1472 1911
1472 1681 1911
1911 1472 1681
131 1343 2249
1343 131 2249
2249 131 1343
1326 178 938
178 938 1326
938 178 1326
731 1540 2277
2277 731 1540
1540 731 2277
18 1316 1559
1316 18 1559
1559 18 1316
100 1898 2859
1898 100 2859
2859 100 1898
1869 1351 2447
2447 1351 1869
1351 1869 2447
1887 667 1477
1477 667 1887
667 1477 1887
1784 1445 1754
1754 1445 1784
1445 1754 1784
1657 236 814
814 236 1657
236 814 1657
2000 1760 2762
1760 2000 2762
2762 1760 2000
677 784 1931
784 677 1931
1931 677 784
361 231 2896
231 361 2896
2896 231 361
2387 9 1266
9 1266 2387
1266 9 2387
672 503 2553
503 672 2553
2553 503 672
170 954 2269
2269 170 954
954 170 2269
1465 1333 2607
1333 1465 2607
2607 1333 1465
11 1412 1751
1751 11 1412
1412 11 1751
2169 197 2454
197 2169 2454
2454 197 2169
640 1774 2384
2384 640 1774
1774 640 2384
2047 855 1647
855 1647 2047
1647 855 2047
1182 218 2426
218 1182 2426
2426 218 1182
1226 512 2252
2252 512 1226
512 1226 2252
1696 766 826
826 766 1696
766 826 1696
1568 1254 2999
1254 1568 2999
2999 1254 1568
2616 1322 2524
2524 1322 2616
1322 2524 2616
1136 1714 1818
1714 1136 1818
1818 1136 1714
2841 318 410
318 410 2841
410 318 2841
2754 2368 2840
2840 2368 2754
2368 2754 2840
2535 1614 2063
1614 2063 2535
2063 1614 2535
1346 46 57
46 57 1346
57 46 1346
1889 157 2569
2569 157 1889
157 1889 2569
1837 1443 2287
1443 1837 2287
2287 1443 1837
2707 1354 1383
1383 1354 2707
1354 1383 2707
1245 443 1846
1846 443 1245
443 1245 1846
1191 494 1632
1632 494 1191
494 1191 1632
1715 1749 2371
2371 1715 1749
1749 1715 2371
1233 564 1547
564 1233 1547
1547 564 1233
2566 1819 2769
2769 1819 2566
1819 2566 2769
1695 959 2317
2317 959 1695
959 1695 2317
619 925 1334
1334 619 925
925 619 1334
1975 796 1512
1512 796 1975
796 1512 1975
1220 420 653
653 420 1220
420 653 1220
1821 348 601
601 348 1821
348 601 1821
224 1822 2178
1822 224 2178
2178 224 1822
138 2182 2245
2182 138 2245
2245 138 2182
629 1032 2989
1032 629 2989
2989 629 1032
2501 282 2546
282 2501 2546
2546 282 2501
1179 2761 2823
2823 1179 2761
2761 1179 2823
1070 2341 2478
2341 1070 2478
2478 1070 2341
904 1480 2389
1480 904 2389
2389 904 1480
993 563 2160
563 993 2160
2160 563 993
1932 244 1839
1839 244 1932
244 1839 1932
930 48 873
48 873 930
873 48 930
1504 209 1651
1651 209 1504
209 1504 1651
2571 772 1221
1221 772 2571
772 1221 2571
339 376 2410
376 339 2410
2410 339 376
2216 429 1282
1282 429 2216
429 1282 2216
1275 549 1761
1761 549 1275
549 1275 1761
617 1400 2756
1400 617 2756
2756 617 1400
2040 646 1436
1436 646 2040
646 1436 2040
342 2146 2167
2146 342 2167
2167 342 2146
1910 2257 2281
2257 1910 2281
2281 1910 2257
875 1686 2338
1686 875 2338
2338 875 1686
1735 252 2725
252 1735 2725
2725 252 1735
2687 336 1145
1145 336 2687
336 1145 2687
726 2207 2799
2799 726 2207
2207 726 2799
2154 613 2187
613 2154 2187
2187 613 2154
608 1368 1917
1368 608 1917
1917 608 1368
153 217 2969
217 153 2969
2969 153 217
397 173 1188
1188 173 397
173 397 1188
2145 353 1877
1877 353 2145
353 1877 2145
1076 1902 2654
1902 1076 2654
2654 1076 1902
2734 477 2469
477 2469 2734
2469 477 2734
1916 702 1185
702 1185 1916
1185 702 1916
250 922 2651
2651 250 922
922 250 2651
2489 1310 2519
1310 2489 2519
2519 1310 2489
1312 343 1227
343 1227 1312
1227 343 1312
2505 976 1900
976 1900 2505
1900 976 2505
1396 830 1060
830 1060 1396
1060 830 1396
756 504 584
584 504 756
504 584 756
911 932 2594
932 911 2594
2594 911 932
1178 570 946
946 570 1178
570 946 1178
1249 191 2887
191 1249 2887
2887 191 1249
1633 746 1712
746 1633 1712
1712 746 1633
1231 2156 2288
2156 1231 2288
2288 1231 2156
1707 469 1217
469 1217 1707
1217 469 1707
1974 263 2316
263 1974 2316
2316 263 1974
2888 2404 2803
2803 2404 2888
2404 2803 2888
1127 837 2014
837 1127 2014
2014 837 1127
1405 1851 2494
1851 1405 2494
2494 1405 1851
117 838 1158
1158 117 838
838 117 1158
652 352 2301
352 652 2301
2301 352 652
741 953 1617
953 741 1617
1617 741 953
2209 841 2125
841 2125 2209
2125 841 2209
1006 1098 2948
1098 1006 2948
2948 1006 1098
2845 1585 1701
1585 1701 2845
1701 1585 2845
2831 1936 1953
1953 1936 2831
1936 1953 2831
2392 1914 2895
1914 2392 2895
2895 1914 2392
696 490 1521
1521 490 696
490 696 1521
486 1096 1456
1456 486 1096
1096 486 1456
1267 50 2792
2792 50 1267
50 1267 2792
1279 1711 2033
2033 1279 1711
1711 1279 2033
2750 719 1533
719 1533 2750
1533 719 2750
1886 540 2702
2702 540 1886
540 1886 2702
2354 265 427
265 427 2354
427 265 2354
2949 150 200
200 150 2949
150 200 2949
1915 388 2657
2657 388 1915
388 1915 2657
1682 86 1765
1765 86 1682
86 1682 1765
279 271 1866
1866 271 279
271 279 1866
2755 971 2636
971 2636 2755
2636 971 2755
1202 1939 2470
2470 1202 1939
1939 1202 2470
2363 232 659
659 232 2363
232 659 2363
208 1011 2863
1011 208 2863
2863 208 1011
1588 733 2973
2973 733 1588
733 1588 2973
2790 2339 2959
2339 2790 2959
2959 2339 2790
1361 1173 2663
2663 1173 1361
1173 1361 2663
2839 2080 2681
2080 2681 2839
2681 2080 2839
80 1292 2986
2986 80 1292
1292 80 2986
1726 1843 2499
2499 1726 1843
1843 1726 2499
2570 2495 2727
2727 2495 2570
2495 2570 2727
1553 479 1622
1622 479 1553
479 1553 1622
1283 711 2374
2374 711 1283
711 1283 2374
192 1720 2403
1720 192 2403
2403 192 1720
1662 474 793
793 474 1662
474 793 1662
2736 269 1078
269 1078 2736
1078 269 2736
2078 1337 1775
1337 1775 2078
1775 1337 2078
431 1557 2961
2961 431 1557
1557 431 2961
1475 848 2627
848 1475 2627
2627 848 1475
2815 1575 2781
2781 1575 2815
1575 2781 2815
2313 2685 2808
2808 2313 2685
2685 2313 2808
134 1925 2325
2325 134 1925
1925 134 2325
515 369 491
491 369 515
369 491 515
2308 776 1576
1576 776 2308
776 1576 2308
2631 854 1128
1128 854 2631
854 1128 2631
419 127 1773
1773 127 419
127 419 1773
360 1124 2438
2438 360 1124
1124 360 2438
710 242 2007
242 710 2007
2007 242 710
1047 456 1844
1844 456 1047
456 1047 1844
807 338 1341
338 807 1341
1341 338 807
270 1468 2549
2549 270 1468
1468 270 2549
1629 492 1059
1059 492 1629
492 1059 1629
1207 697 2813
697 1207 2813
2813 697 1207
247 384 2745
2745 247 384
384 247 2745
2782 891 1302
891 1302 2782
1302 891 2782
2786 1318 1812
1812 1318 2786
1318 1812 2786
1957 981 1005
1005 981 1957
981 1005 1957
2595 616 1713
1713 616 2595
616 1713 2595
1597 69 2138
69 1597 2138
2138 69 1597
1455 1137 1156
1156 1137 1455
1137 1156 1455
2732 983 1421
1421 983 2732
983 1421 2732
948 2586 2867
2586 948 2867
2867 948 2586
2633 1813 2669
2669 1813 2633
1813 2633 2669
621 2905 2956
2956 621 2905
2905 621 2956
2300 1460 2772
1460 2300 2772
2772 1460 2300
454 396 468
396 454 468
468 396 454
53 206 2939
206 53 2939
2939 53 206
2399 1143 1876
1876 1143 2399
1143 1876 2399
1482 1469 2114
2114 1469 1482
1469 1482 2114
918 345 1860
345 918 1860
1860 345 918
2765 253 1799
1799 253 2765
253 1799 2765
375 1535 2668
2668 375 1535
1535 375 2668
2418 1395 1515
1395 1515 2418
1515 1395 2418
2229 1386 2151
1386 2151 2229
2151 1386 2229
274 572 597
572 274 597
597 274 572
1692 114 1940
114 1692 1940
1940 114 1692
268 215 1883
1883 215 268
215 268 1883
1261 2356 2806
2806 1261 2356
2356 1261 2806
1781 968 2677
2677 968 1781
968 1781 2677
17 1759 2181
1759 17 2181
2181 17 1759
499 227 1937
227 499 1937
1937 227 499
2809 1116 1447
1447 1116 2809
1116 1447 2809
2644 2021 2615
2021 2615 2644
2615 2021 2644
1068 738 1363
738 1068 1363
1363 738 1068
1625 154 958
958 154 1625
154 958 1625
295 812 2877
2877 295 812
812 295 2877
576 1604 2924
1604 576 2924
2924 576 1604
2746 598 2648
598 2648 2746
2648 598 2746
108 290 1677
1677 108 290
290 108 1677
337 320 1816
1816 320 337
320 337 1816
2628 105 727
727 105 2628
105 727 2628
248 87 599
599 87 248
87 248 599
2377 1385 1490
1490 1385 2377
1385 1490 2377
2911 1811 2834
1811 2834 2911
2834 1811 2911
2827 72 118
72 118 2827
118 72 2827
387 715 2012
2012 387 715
715 387 2012
1219 851 1077
1077 851 1219
851 1077 1219
2557 1556 2542
1556 2542 2557
2542 1556 2557
2751 631 1112
631 1112 2751
1112 631 2751
1833 255 670
255 670 1833
670 255 1833
1081 65 1873
65 1081 1873
1873 65 1081
552 99 2464
2464 99 552
99 552 2464
1088 430 965
430 965 1088
965 430 1088
809 168 283
168 283 809
283 168 809
2622 2584 2650
2650 2584 2622
2584 2622 2650
2155 61 128
128 61 2155
61 128 2155
2221 1021 1793
1021 1793 2221
1793 1021 2221
1389 152 945
945 152 1389
152 945 1389
718 203 2951
2951 203 718
203 718 2951
2180 2128 2509
2128 2180 2509
2509 2128 2180
1125 1444 2150
1444 1125 2150
2150 1125 1444
794 1874 2943
1874 794 2943
2943 794 1874
2414 174 605
174 605 2414
605 174 2414
595 2436 2577
2436 595 2577
2577 595 2436
2035 1107 2474
2474 1107 2035
1107 2035 2474
2369 1177 1823
1177 1823 2369
1823 1177 2369
1117 1297 1992
1297 1117 1992
1992 1117 1297
2886 130 1175
130 1175 2886
1175 130 2886
944 317 2406
2406 317 944
317 944 2406
888 234 1995
1995 234 888
234 888 1995
536 22 2171
22 536 2171
2171 22 536
2642 2510 2793
2793 2510 2642
2510 2642 2793
273 1733 2842
2842 273 1733
1733 273 2842
402 2472 2931
2472 402 2931
2931 402 2472
2376 1152 2267
2267 1152 2376
1152 2267 2376
2324 1605 2238
2238 1605 2324
1605 2238 2324
471 297 2997
297 471 2997
2997 297 471
1263 458 1053
458 1053 1263
1053 458 1263
1598 362 1962
1962 362 1598
362 1598 1962
2471 934 1742
1742 934 2471
934 1742 2471
26 849 1184
1184 26 849
849 26 1184
2578 356 441
356 441 2578
441 356 2578
1891 2812 2885
2812 1891 2885
2885 1891 2812
1684 1271 2937
1271 1684 2937
2937 1271 1684
2638 1517 2605
1517 2605 2638
2605 1517 2638
2513 328 2925
2925 328 2513
328 2513 2925
1776 475 972
972 475 1776
475 972 1776
1324 88 1242
1242 88 1324
88 1242 1324
2149 1012 1069
1012 1069 2149
1069 1012 2149
1159 249 2738
249 1159 2738
2738 249 1159
1854 2653 2785
2785 1854 2653
2653 1854 2785
2686 1253 1646
1253 1646 2686
1646 1253 2686
125 2068 2453
2453 125 2068
2068 125 2453
171 2531 2737
2531 171 2737
2737 171 2531
2621 869 1801
1801 869 2621
869 1801 2621
2814 7 2692
7 2692 2814
2692 7 2814
1362 1270 2876
2876 1270 1362
1270 1362 2876
2980 633 1023
633 1023 2980
1023 633 2980
688 449 1150
449 688 1150
1150 449 688
699 1196 1308
1196 699 1308
1308 699 1196
2108 786 1699
786 1699 2108
1699 786 2108
186 821 1574
1574 186 821
821 186 1574
1508 1274 2915
2915 1274 1508
1274 1508 2915
2953 386 2515
2515 386 2953
386 2515 2953
164 346 2940
2940 164 346
346 164 2940
2254 462 2637
462 2254 2637
2637 462 2254
470 507 764
507 470 764
764 470 507
1419 1829 2880
1829 1419 2880
2880 1419 1829
1426 790 1401
1401 790 1426
790 1401 1426
1716 638 2477
2477 638 1716
638 1716 2477
1934 307 1138
307 1138 1934
1138 307 1934
781 1728 2673
1728 781 2673
2673 781 1728
2093 834 2828
2828 834 2093
834 2093 2828
2348 1003 1212
1212 1003 2348
1003 1212 2348
2189 122 2623
2623 122 2189
122 2189 2623
773 744 1264
1264 744 773
744 773 1264
19 1590 2523
1590 19 2523
2523 19 1590
1372 169 2624
169 1372 2624
2624 169 1372
2099 183 654
654 183 2099
183 654 2099
1981 195 2030
195 1981 2030
2030 195 1981
662 446 1171
446 662 1171
1171 446 662
2326 817 992
817 992 2326
992 817 2326
30 21 1251
21 30 1251
1251 21 30
1628 392 527
392 527 1628
527 392 1628
500 1768 2858
1768 500 2858
2858 500 1768
1545 312 810
810 312 1545
312 810 1545
1239 541 2927
541 1239 2927
2927 541 1239
2602 2051 2955
2051 2602 2955
2955 2051 2602
52 355 2239
2239 52 355
355 52 2239
1955 663 1406
663 1406 1955
1406 663 1955
1737 1652 1848
1848 1652 1737
1652 1737 1848
1097 1199 1218
1199 1097 1218
1218 1097 1199
885 329 1153
1153 329 885
329 885 1153
1377 1479 2537
2537 1377 1479
1479 1377 2537
2609 325 2388
2388 325 2609
325 2388 2609
1075 1399 1425
1425 1075 1399
1399 1075 1425
1144 995 1965
995 1144 1965
1965 995 1144
1295 408 1541
408 1295 1541
1541 408 1295
220 2365 2873
2365 220 2873
2873 220 2365
1215 109 1619
1619 109 1215
109 1215 1619
1653 785 2865
2865 785 1653
785 1653 2865
450 1439 2945
2945 450 1439
1439 450 2945
2322 811 2041
811 2041 2322
2041 811 2322
489 890 2974
890 489 2974
2974 489 890
1348 1944 2528
1944 1348 2528
2528 1348 1944
2512 1375 2237
1375 2237 2512
2237 1375 2512
806 404 2892
2892 404 806
404 806 2892
1897 1197 2280
1197 1897 2280
2280 1197 1897
1803 2274 2747
2747 1803 2274
2274 1803 2747
350 198 508
198 350 508
508 198 350
1288 769 1908
769 1288 1908
1908 769 1288
1358 2166 2565
2166 1358 2565
2565 1358 2166
2770 399 2527
2527 399 2770
399 2527 2770
1888 1051 1989
1051 1888 1989
1989 1051 1888
510 2567 2709
2709 510 2567
2567 510 2709
285 899 1039
1039 285 899
899 285 1039
1511 416 1046
1046 416 1511
416 1046 1511
556 1432 1489
1432 556 1489
1489 556 1432
124 1126 2143
1126 124 2143
2143 124 1126
2930 1269 1753
1753 1269 2930
1269 1753 2930
1667 1223 2484
2484 1223 1667
1223 1667 2484
2059 647 752
752 647 2059
647 752 2059
2733 2136 2258
2136 2258 2733
2258 2136 2733
1503 42 1417
42 1417 1503
1417 42 1503
1344 831 1172
831 1172 1344
1172 831 1344
2987 886 2882
2882 886 2987
886 2882 2987
2352 1018 1687
1687 1018 2352
1018 1687 2352
2008 846 1782
846 1782 2008
1782 846 2008
1779 692 1913
692 1779 1913
1913 692 1779
575 1019 2184
2184 575 1019
1019 575 2184
2849 367 428
428 367 2849
367 428 2849
2077 582 2554
582 2077 2554
2554 582 2077
2463 1095 1329
1329 1095 2463
1095 1329 2463
1794 707 2630
707 1794 2630
2630 707 1794
623 1612 1824
1612 623 1824
1824 623 1612
1335 787 1009
787 1009 1335
1009 787 1335
368 82 1427
1427 82 368
82 368 1427
1693 363 1904
363 1693 1904
1904 363 1693
1688 743 1672
1672 743 1688
743 1672 1688
1246 222 1135
1135 222 1246
222 1135 1246
2157 610 2935
610 2157 2935
2935 610 2157
2776 1420 1497
1497 1420 2776
1420 1497 2776
1299 1106 1142
1142 1106 1299
1106 1142 1299
1429 382 2496
2496 382 1429
382 1429 2496
1857 334 391
334 391 1857
391 334 1857
2716 401 1243
401 1243 2716
1243 401 2716
709 643 816
816 643 709
643 709 816
2048 29 1579
29 1579 2048
1579 29 2048
2015 158 2810
158 2015 2810
2810 158 2015
2201 373 2713
2713 373 2201
373 2201 2713
4 1007 2641
1007 4 2641
2641 4 1007
2855 205 2979
2979 205 2855
205 2855 2979
1237 303 305
305 303 1237
303 305 1237
2174 58 1635
1635 58 2174
58 1635 2174
1026 1285 2872
1285 1026 2872
2872 1026 1285
1564 496 2606
496 1564 2606
2606 496 1564
2407 1129 2667
2667 1129 2407
1129 2407 2667
2042 753 2635
753 2042 2635
2635 753 2042
1960 233 2305
233 1960 2305
2305 233 1960
913 301 1609
1609 301 913
301 913 1609
2922 828 1548
1548 828 2922
828 1548 2922
2497 1634 2144
1634 2144 2497
2144 1634 2497
1458 1414 2729
1414 1458 2729
2729 1414 1458
939 13 149
149 13 939
13 149 939
39 1656 2188
1656 39 2188
2188 39 1656
596 1241 1437
1241 596 1437
1437 596 1241
679 2273 2801
2801 679 2273
2273 679 2801
730 2296 2818
2296 730 2818
2818 730 2296
2018 103 409
409 103 2018
103 409 2018
880 1300 1527
1527 880 1300
1300 880 1527
1890 1232 2196
2196 1232 1890
1232 1890 2196
2135 35 863
863 35 2135
35 863 2135
722 2159 2600
2159 722 2600
2600 722 2159
2804 1168 2695
2695 1168 2804
1168 2695 2804
2871 1222 2741
1222 2741 2871
2741 1222 2871
1461 302 1674
1674 302 1461
302 1461 1674
931 1350 2347
1350 931 2347
2347 931 1350
896 1314 2152
1314 896 2152
2152 896 1314
1495 38 480
480 38 1495
38 480 1495
671 1787 2461
2461 671 1787
1787 671 2461
871 1167 1531
1531 871 1167
1167 871 1531
51 181 364
364 51 181
181 51 364
1743 1496 2665
2665 1496 1743
1496 1743 2665
2970 162 1080
1080 162 2970
162 1080 2970
1044 1229 2788
1229 1044 2788
2788 1044 1229
1201 555 2411
2411 555 1201
555 1201 2411
1963 311 2200
311 1963 2200
2200 311 1963
1930 975 2719
975 1930 2719
2719 975 1930
383 63 240
240 63 383
63 240 383
2429 1435 2820
1435 2429 2820
2820 1435 2429
1977 887 2847
2847 887 1977
887 1977 2847
2543 2142 2978
2142 2543 2978
2978 2142 2543
2874 1706 2194
1706 2194 2874
2194 1706 2874
8 649 991
649 8 991
991 8 649
40 2283 2996
2283 40 2996
2996 40 2283
778 1577 1817
1577 778 1817
1817 778 1577
1062 1451 2843
2843 1062 1451
1451 1062 2843
1474 147 2240
147 1474 2240
2240 147 1474
775 140 2968
2968 140 775
140 775 2968
1853 257 488
257 488 1853
488 257 1853
1906 1494 1847
1494 1847 1906
1847 1494 1906
394 466 2121
2121 394 466
466 394 2121
569 685 1433
685 569 1433
1433 569 685
642 349 879
879 349 642
349 642 879
870 577 1213
577 870 1213
1213 577 870
2608 1506 1764
1764 1506 2608
1506 1764 2608
2548 1565 2587
2587 1565 2548
1565 2548 2587
1131 684 1766
1766 684 1131
684 1131 1766
2367 1980 2251
1980 2251 2367
2251 1980 2367
513 1841 2767
1841 513 2767
2767 513 1841
2909 73 2422
2422 73 2909
73 2422 2909
550 2449 2555
2449 550 2555
2555 550 2449
974 455 1697
1697 455 974
455 974 1697
2458 1700 1899
1700 1899 2458
1899 1700 2458
2522 1550 2671
1550 2522 2671
2671 1550 2522
2852 1731 2076
1731 2076 2852
2076 1731 2852
984 917 1929
1929 917 984
917 984 1929
1741 2162 2932
2932 1741 2162
2162 1741 2932
32 1661 2714
2714 32 1661
1661 32 2714
2760 745 1826
745 1826 2760
1826 745 2760
272 330 2884
2884 272 330
330 272 2884
1558 2286 2423
2423 1558 2286
2286 1558 2423
2890 1186 2983
1186 2890 2983
2983 1186 2890
31 509 2069
2069 31 509
509 31 2069
1607 2019 2465
2465 1607 2019
2019 1607 2465
493 412 957
957 412 493
412 493 957
1875 2124 2481
2481 1875 2124
2124 1875 2481
1008 1926 2504
2504 1008 1926
1926 1008 2504
2846 1365 1459
1459 1365 2846
1365 1459 2846
1785 1027 1066
1066 1027 1785
1027 1066 1785
628 717 1010
1010 628 717
717 628 1010
1918 2256 2357
2357 1918 2256
2256 1918 2357
2703 98 2091
2091 98 2703
98 2091 2703
196 275 2670
275 196 2670
2670 196 275
2234 1224 2226
2226 1224 2234
1224 2226 2234
1147 1978 2321
1978 1147 2321
2321 1147 1978
813 1002 1031
1031 813 1002
1002 813 1031
973 1852 2581
2581 973 1852
1852 973 2581
2590 96 1805
96 1805 2590
1805 96 2590
580 705 2284
2284 580 705
705 580 2284
2944 1356 2468
1356 2468 2944
2468 1356 2944
661 1905 2480
1905 661 2480
2480 661 1905
2936 757 1648
757 1648 2936
1648 757 2936
2359 146 2431
146 2359 2431
2431 146 2359
223 878 2370
2370 223 878
878 223 2370
1048 1388 2540
1388 1048 2540
2540 1048 1388
2335 898 2046
898 2046 2335
2046 898 2335
1757 370 2397
2397 370 1757
370 1757 2397
857 594 1631
1631 594 857
594 857 1631
1327 1022 1104
1022 1104 1327
1104 1022 1327
1102 859 1347
1347 859 1102
859 1102 1347
1 1373 2186
1373 1 2186
2186 1 1373
259 1645 1941
1645 259 1941
1941 259 1645
1093 749 2556
749 1093 2556
2556 749 1093
847 287 635
287 635 847
635 287 847
943 1885 2800
2800 943 1885
1885 943 2800
529 522 1016
1016 522 529
522 529 1016
315 498 2208
2208 315 498
498 315 2208
1599 2902 2963
2963 1599 2902
2902 1599 2963
378 2684 2768
2684 378 2768
2768 378 2684
1933 535 559
559 535 1933
535 559 1933
760 1209 1268
1209 760 1268
1268 760 1209
2807 2036 2946
2946 2036 2807
2036 2807 2946
204 2379 2972
2379 204 2972
2972 204 2379
2107 1277 2498
2498 1277 2107
1277 2107 2498
1296 996 2482
996 1296 2482
2482 996 1296
156 417 2683
2683 156 417
417 156 2683
1948 44 2295
2295 44 1948
44 1948 2295
1710 280 1593
280 1593 1710
1593 280 1710
1949 1752 2427
2427 1752 1949
1752 1949 2427
238 1620 2597
2597 238 1620
1620 238 2597
106 639 1777
639 106 1777
1777 106 639
2775 199 2564
2564 199 2775
199 2564 2775
2506 792 2582
792 2506 2582
2582 792 2506
418 1065 2473
1065 418 2473
2473 418 1065
698 614 2315
614 698 2315
2315 614 698
2753 591 829
591 829 2753
829 591 2753
1122 16 706
706 16 1122
16 706 1122
2202 750 1505
750 1505 2202
1505 750 2202
2024 1493 2153
1493 2024 2153
2153 1493 2024
2545 1892 2362
1892 2362 2545
2362 1892 2545
2191 1108 1658
1658 1108 2191
1108 1658 2191
2742 1959 2791
1959 2742 2791
2791 1959 2742
2137 2009 2926
2926 2009 2137
2009 2137 2926
322 565 2001
565 322 2001
2001 322 565
1514 518 1119
1119 518 1514
518 1119 1514
2796 1578 2908
2908 1578 2796
1578 2796 2908
708 951 1518
1518 708 951
951 708 1518
1394 1189 2662
1189 1394 2662
2662 1189 1394
1815 2231 2443
2443 1815 2231
2231 1815 2443
1536 1187 1542
1187 1536 1542
1542 1187 1536
1355 497 2260
2260 497 1355
497 1355 2260
1610 2079 2134
2134 1610 2079
2079 1610 2134
1367 143 2096
143 1367 2096
2096 143 1367
1555 986 1967
1967 986 1555
986 1555 1967
1730 883 2503
2503 883 1730
883 1730 2503
2060 908 1163
908 1163 2060
1163 908 2060
115 2090 2424
2424 115 2090
2090 115 2424
2158 546 1462
546 1462 2158
1462 546 2158
690 1990 2559
1990 690 2559
2559 690 1990
824 1038 2314
2314 824 1038
1038 824 2314
1061 187 2111
187 1061 2111
2111 187 1061
1544 2928 2967
2967 1544 2928
2928 1544 2967
2161 881 1982
1982 881 2161
881 1982 2161
2758 1083 1487
1487 1083 2758
1083 1487 2758
372 309 1214
309 372 1214
1214 309 372
609 175 1154
1154 175 609
175 609 1154
1015 1679 1810
1810 1015 1679
1679 1015 1810
897 979 1520
979 897 1520
1520 897 979
2034 905 2592
905 2034 2592
2592 905 2034
2217 1105 2891
1105 2217 2891
2891 1105 2217
1028 1702 2649
1702 1028 2649
2649 1028 1702
1382 1359 1408
1408 1359 1382
1359 1382 1408
2212 1320 1921
1320 1921 2212
1921 1320 2212
1864 998 1567
1567 998 1864
998 1567 1864
505 602 1997
1997 505 602
602 505 1997
1457 403 2971
2971 403 1457
403 1457 2971
1788 588 694
694 588 1788
588 694 1788
2057 852 1746
1746 852 2057
852 1746 2057
761 2802 2838
2838 761 2802
2802 761 2838
2163 2647 2717
2717 2163 2647
2647 2163 2717
1884 464 2794
464 1884 2794
2794 464 1884
825 132 2752
132 825 2752
2752 132 825
1309 583 2676
2676 583 1309
583 1309 2676
1552 55 2643
2643 55 1552
55 1552 2643
797 185 2596
185 797 2596
2596 185 797
1756 2907 2984
2984 1756 2907
2907 1756 2984
1909 1084 2862
1084 1909 2862
2862 1084 1909
433 1919 2005
2005 433 1919
1919 433 2005
411 1121 2120
1121 411 2120
2120 411 1121
1130 123 2929
2929 123 1130
123 1130 2929
2010 120 1988
120 1988 2010
1988 120 2010
937 1639 1670
1670 937 1639
1639 937 1670
1055 964 1273
1273 964 1055
964 1055 1273
840 2292 2319
2319 840 2292
2292 840 2319
2603 923 1411
1411 923 2603
923 1411 2603
14 1562 2710
2710 14 1562
1562 14 2710
1492 1393 2029
2029 1393 1492
1393 1492 2029
2899 1017 2420
2420 1017 2899
1017 2420 2899
1665 1392 2408
1392 1665 2408
2408 1392 1665
724 1601 1719
1719 724 1601
1601 724 1719
1484 2299 2391
2391 1484 2299
2299 1484 2391
853 56 1675
1675 56 853
56 853 1675
2689 1371 2778
2778 1371 2689
1371 2689 2778
1987 2604 2743
2604 1987 2743
2743 1987 2604
321 624 1896
624 321 1896
1896 321 624
1315 657 701
701 657 1315
657 701 1315
1491 1993 2726
1993 1491 2726
2726 1491 1993
2832 2712 2920
2920 2712 2832
2712 2832 2920
2310 615 1708
615 1708 2310
1708 615 2310
625 525 2004
525 625 2004
2004 525 625
49 2699 2917
2699 49 2917
2917 49 2699
2312 219 2829
219 2312 2829
2829 219 2312
2708 636 1340
636 1340 2708
1340 636 2708
2774 765 2446
765 2446 2774
2446 765 2774
1488 2452 2994
2452 1488 2994
2994 1488 2452
1423 1056 1464
1056 1423 1464
1464 1056 1423
2 714 2039
2039 2 714
714 2 2039
289 2266 2819
2819 289 2266
2266 289 2819
962 2396 2659
2396 962 2659
2659 962 2396
2441 1543 1636
1543 1636 2441
1636 1543 2441
2448 1770 1795
1770 1795 2448
1795 1770 2448
2110 803 2126
803 2110 2126
2126 803 2110
1402 768 1529
1529 768 1402
768 1402 1529
457 1539 2417
1539 457 2417
2417 457 1539
1991 1671 2236
2236 1671 1991
1671 1991 2236
2993 627 2220
2220 627 2993
627 2220 2993
67 748 1033
1033 67 748
748 67 1033
1882 771 2990
771 1882 2990
2990 771 1882
1573 180 567
180 567 1573
567 180 1573
6 935 2282
2282 6 935
935 6 2282
1442 292 1029
1029 292 1442
292 1029 1442
2688 3 728
728 3 2688
3 728 2688
845 2518 2787
2518 845 2787
2787 845 2518
277 310 2148
310 277 2148
2148 277 310
2246 448 1478
1478 448 2246
448 1478 2246
2599 1024 2541
1024 2541 2599
2541 1024 2599
2574 520 545
545 520 2574
520 545 2574
2805 1740 2351
2351 1740 2805
1740 2351 2805
1763 260 439
439 260 1763
260 439 1763
293 2705 2901
2901 293 2705
2705 293 2901
2455 251 2433
2433 251 2455
251 2433 2455
2981 804 1228
804 1228 2981
1228 804 2981
2223 1319 2043
1319 2043 2223
2043 1319 2223
1676 266 865
266 865 1676
865 266 1676
161 1193 2696
1193 161 2696
2696 161 1193
2771 256 1301
1301 256 2771
256 1301 2771
2536 335 2655
2655 335 2536
335 2536 2655
2723 668 1945
668 1945 2723
1945 668 2723
2241 666 2304
666 2241 2304
2304 666 2241
763 221 2259
221 763 2259
2259 221 763
126 774 2942
774 126 2942
2942 126 774
1025 1132 1204
1132 1025 1204
1204 1025 1132
2900 637 2493
637 2493 2900
2493 637 2900
1013 1166 1584
1584 1013 1166
1166 1013 1584
1704 1526 2646
2646 1526 1704
1526 1704 2646
2112 107 1951
107 1951 2112
1951 107 2112
1551 43 611
611 43 1551
43 611 1551
1183 1181 2773
1181 1183 2773
2773 1181 1183
1705 571 1453
1453 571 1705
571 1453 1705
1660 651 1466
1466 651 1660
651 1466 1660
2016 1649 2562
1649 2016 2562
2562 1649 2016
2526 459 528
459 528 2526
528 459 2526
216 20 1141
20 216 1141
1141 20 216
84 612 2868
612 84 2868
2868 84 612
2749 1085 1353
1085 1353 2749
1353 1085 2749
641 856 1641
856 641 1641
1641 641 856
2383 434 1973
434 1973 2383
1973 434 2383
2289 2525 2619
2525 2289 2619
2619 2289 2525
116 1198 2585
2585 116 1198
1198 116 2585
827 876 2250
876 827 2250
2250 827 876
866 1422 1509
1422 866 1509
1509 866 1422
2475 2724 2844
2844 2475 2724
2724 2475 2844
331 862 2610
2610 331 862
862 331 2610
526 151 2435
151 526 2435
2435 151 526
1139 1745 2916
1745 1139 2916
2916 1139 1745
2879 606 1850
606 1850 2879
1850 606 2879
861 530 1357
1357 530 861
530 861 1357
1580 262 2833
262 1580 2833
2833 262 1580
2361 314 1560
314 1560 2361
1560 314 2361
2432 573 1534
573 1534 2432
1534 573 2432
2853 381 465
465 381 2853
381 465 2853
2062 1054 1236
1236 1054 2062
1054 1236 2062
1522 1998 2601
1998 1522 2601
2601 1522 1998
2421 1859 2198
1859 2198 2421
2198 1859 2421
2380 2177 2825
2177 2380 2825
2825 2177 2380
2897 1809 2947
2947 1809 2897
1809 2897 2947
2508 341 1549
1549 341 2508
341 1549 2508
2507 655 1210
655 1210 2507
1210 655 2507
2593 308 1968
1968 308 2593
308 1968 2593
2966 447 2913
2913 447 2966
447 2913 2966
2490 966 1637
966 1637 2490
1637 966 2490
1621 1176 2921
1176 1621 2921
2921 1176 1621
2179 574 2850
574 2179 2850
2850 574 2179
281 1786 2215
1786 281 2215
2215 281 1786
987 1501 1643
1501 987 1643
1643 987 1501
798 517 2419
517 798 2419
2419 517 798
2227 2050 2821
2821 2050 2227
2050 2227 2821
921 1964 2386
1964 921 2386
2386 921 1964
2517 1390 2491
2491 1390 2517
1390 2491 2517
1257 1703 2140
1703 1257 2140
2140 1257 1703
1895 892 1872
892 1872 1895
1872 892 1895
1603 426 2088
426 1603 2088
2088 426 1603
2192 874 2263
2263 874 2192
874 2192 2263
70 461 2694
2694 70 461
461 70 2694
1748 1057 1608
1057 1608 1748
1608 1057 1748
2224 960 2822
2822 960 2224
960 2224 2822
1379 194 737
737 194 1379
194 737 1379
2739 1448 2044
2044 1448 2739
1448 2044 2739
484 101 2298
2298 101 484
101 484 2298
2492 1623 1845
1845 1623 2492
1623 1845 2492
278 547 1972
547 278 1972
1972 278 547
1800 963 2127
2127 963 1800
963 1800 2127
1074 10 2328
2328 10 1074
10 1074 2328
2869 2262 2466
2466 2262 2869
2262 2466 2869
2129 2366 2488
2366 2129 2488
2488 2129 2366
299 1589 1842
1589 299 1842
1842 299 1589
523 442 1583
1583 442 523
442 523 1583
2401 1966 2434
1966 2401 2434
2434 1966 2401
1924 1976 2982
1976 1924 2982
2982 1924 1976
2100 1151 2851
2851 1151 2100
1151 2100 2851
2563 179 389
389 179 2563
179 389 2563
25 476 1678
1678 25 476
476 25 1678
1064 1114 2861
1114 1064 2861
2861 1064 1114
1284 604 1418
1418 604 1284
604 1284 1418
561 1806 2094
2094 561 1806
1806 561 2094
2672 2056 2721
2721 2056 2672
2056 2672 2721
1380 985 2450
2450 985 1380
985 1380 2450
989 2225 2919
2919 989 2225
2225 989 2919
2011 1404 1689
1689 1404 2011
1404 1689 2011
770 435 1834
1834 435 770
435 770 1834
74 1336 2372
2372 74 1336
1336 74 2372
487 994 2253
2253 487 994
994 487 2253
294 1190 2479
1190 294 2479
2479 294 1190
142 81 2031
2031 81 142
81 142 2031
1058 562 1203
1203 562 1058
562 1058 1203
229 1901 2058
2058 229 1901
1901 229 2058
2995 1961 2416
1961 2416 2995
2416 1961 2995
894 1387 1502
1387 894 1502
1502 894 1387
1265 815 2440
2440 815 1265
815 1265 2440
1206 2195 2213
2195 1206 2213
2213 1206 2195
618 2023 2837
2023 618 2837
2837 618 2023
687 516 2270
516 687 2270
2270 516 687
148 166 1092
1092 148 166
166 148 1092
2307 167 286
286 167 2307
167 286 2307
2028 548 844
844 548 2028
548 844 2028
246 603 1722
1722 246 603
603 246 1722
2538 543 1828
1828 543 2538
543 1828 2538
2382 1969 2393
2393 1969 2382
1969 2382 2393
729 1020 2123
1020 729 2123
2123 729 1020
2173 531 2133
2133 531 2173
531 2133 2173
371 693 1001
1001 371 693
693 371 1001
2053 54 1650
1650 54 2053
54 1650 2053
1349 413 1416
413 1349 1416
1416 413 1349
1235 669 2032
669 1235 2032
2032 669 1235
1519 451 713
713 451 1519
451 713 1519
589 415 1849
1849 415 589
415 589 1849
1668 2718 2759
2759 1668 2718
2718 1668 2759
264 999 2910
999 264 2910
2910 264 999
742 585 2572
585 742 2572
2572 585 742
1554 1524 2682
2682 1524 1554
1524 1554 2682
2632 1331 2612
1331 2612 2632
2612 1331 2632
2340 1384 1434
1384 1434 2340
1434 1384 2340
674 347 689
689 347 674
347 674 689
1789 920 1043
1043 920 1789
920 1043 1789
2906 77 1470
1470 77 2906
77 1470 2906
2634 1248 2353
2353 1248 2634
1248 2353 2634
980 1407 2977
1407 980 2977
2977 980 1407
2442 1087 1431
1087 1431 2442
1431 1087 2442
950 190 1791
1791 190 950
190 950 1791
2168 842 1049
1049 842 2168
842 1049 2168
1685 485 802
802 485 1685
485 802 1685
579 437 1286
1286 437 579
437 579 1286
754 554 2232
554 754 2232
2232 554 754
1808 990 1208
990 1208 1808
1208 990 1808
2285 586 2054
2054 586 2285
586 2054 2285
68 137 2467
2467 68 137
137 68 2467
2398 1473 2784
2784 1473 2398
1473 2398 2784
1063 1922 2342
2342 1063 1922
1922 1063 2342
2141 482 664
482 664 2141
664 482 2141
145 501 1036
501 145 1036
1036 145 501
2214 2779 2780
2779 2214 2780
2780 2214 2779
936 903 927
927 903 936
903 927 936
71 1071 2306
1071 71 2306
2306 71 1071
1694 607 1755
1755 607 1694
607 1694 1755
1616 1836 2766
2766 1616 1836
1836 1616 2766
1510 1664 2576
1664 1510 2576
2576 1510 1664
2487 836 2265
2265 836 2487
836 2265 2487
210 1654 2003
2003 210 1654
1654 210 2003
1155 600 1582
1582 600 1155
600 1155 1582
202 2360 2532
2360 202 2532
2532 202 2360
1045 910 2064
910 1045 2064
2064 910 1045
805 1109 2558
1109 805 2558
2558 805 1109
955 900 2589
2589 900 955
900 955 2589
1014 782 2279
2279 782 1014
782 1014 2279
739 1111 2244
1111 739 2244
2244 739 1111
2113 1923 2343
2343 1923 2113
1923 2113 2343
2025 133 511
511 133 2025
133 511 2025
2451 1762 2816
1762 2451 2816
2816 1762 2451
296 1606 1920
1920 296 1606
1606 296 1920
1174 558 2730
2730 558 1174
558 1174 2730
78 1523 2706
1523 78 2706
2706 78 1523
1691 2588 2914
2588 1691 2914
2914 1691 2588
2045 519 1928
519 1928 2045
1928 519 2045
1004 1034 2639
1034 1004 2639
2639 1004 1034
1276 463 1256
1256 463 1276
463 1256 1276
1581 703 1985
703 1581 1985
1985 703 1581
2640 2210 2797
2797 2210 2640
2210 2640 2797
460 1325 2883
2883 460 1325
1325 460 2883
1369 1409 2425
1409 1369 2425
2425 1369 1409
2789 324 801
801 324 2789
324 801 2789
2881 581 1827
581 1827 2881
1827 581 2881
1446 1525 1734
1734 1446 1525
1525 1446 1734
1463 237 884
884 237 1463
237 884 1463
1780 313 424
424 313 1780
313 424 1780
1042 139 593
593 139 1042
139 593 1042
1030 1486 1870
1486 1030 1870
1870 1030 1486
1352 1867 2483
2483 1352 1867
1867 1352 2483
736 1721 2291
1721 736 2291
2291 736 1721
2072 833 2147
2147 833 2072
833 2072 2147
2230 1893 2103
1893 2103 2230
2103 1893 2230
445 914 1498
914 445 1498
1498 445 914
1587 89 1170
89 1170 1587
1170 89 1587
2303 121 421
421 121 2303
121 421 2303
1342 385 969
969 385 1342
385 969 1342
1835 544 1530
544 1530 1835
1530 544 1835
929 212 405
405 212 929
212 405 929
1984 444 1690
444 1690 1984
1690 444 1984
2318 893 1339
1339 893 2318
893 1339 2318
557 452 2293
452 557 2293
2293 452 557
1744 398 2529
398 1744 2529
2529 398 1744
189 1330 2613
2613 189 1330
1330 189 2613
1958 2086 2278
2086 1958 2278
2278 1958 2086
2006 177 2172
2172 177 2006
177 2006 2172
779 36 1814
