43 1 169
1 43 169
169 1 43
15 217 255
255 15 217
217 15 255
278 134 177
177 134 278
134 177 278
98 62 174
174 62 98
62 98 174
211 104 106
104 106 211
106 104 211
170 84 103
84 103 170
103 84 170
55 80 213
80 55 213
213 55 80
68 194 244
194 68 244
244 68 194
49 76 150
76 49 150
150 49 76
224 99 207
207 99 224
99 207 224
296 141 156
156 141 296
141 156 296
17 153 246
153 17 246
246 17 153
144 175 179
175 144 179
179 144 175
107 40 263
263 40 107
40 107 263
89 36 277
277 36 89
36 89 277
60 32 256
256 32 60
32 60 256
216 58 195
195 58 216
58 195 216
294 19 215
215 19 294
19 215 294
12 184 204
204 12 184
184 12 204
91 250 292
292 91 250
250 91 292
252 25 280
280 25 252
25 252 280
239 7 128
7 128 239
128 7 239
61 199 253
199 61 253
253 61 199
115 13 164
13 115 164
164 13 115
208 41 50
41 50 208
50 41 208
273 11 188
188 11 273
11 188 273
230 187 268
187 230 268
268 187 230
172 51 249
249 51 172
51 172 249
155 111 285
111 155 285
285 111 155
39 59 284
284 39 59
59 39 284
63 234 235
234 63 235
235 63 234
122 52 190
52 122 190
190 52 122
293 72 201
72 201 293
201 72 293
16 9 258
9 16 258
258 9 16
140 71 299
299 71 140
71 140 299
64 159 220
159 64 220
220 64 159
3 20 264
264 3 20
20 3 264
276 109 157
157 109 276
109 157 276
74 142 281
142 74 281
281 74 142
94 135 151
135 94 151
151 94 135
214 46 272
46 214 272
272 46 214
291 125 130
125 130 291
130 125 291
197 21 186
186 21 197
21 186 197
229 65 88
65 88 229
88 65 229
288 6 232
232 6 288
6 232 288
257 67 97
97 67 257
67 97 257
219 33 247
33 219 247
247 33 219
8 124 218
124 8 218
218 8 124
42 79 113
79 42 113
113 42 79
29 139 210
139 29 210
210 29 139
96 34 137
34 96 137
137 34 96
200 209 289
289 200 209
209 200 289
233 10 95
95 10 233
10 95 233
180 47 121
47 121 180
121 47 180
283 231 287
231 283 287
287 231 283
171 203 241
203 171 241
241 171 203
23 18 114
114 18 23
18 23 114
127 136 189
136 127 189
189 127 136
265 85 271
271 85 265
85 265 271
262 112 119
112 119 262
119 112 262
173 126 225
225 126 173
126 173 225
212 81 274
81 212 274
274 81 212
131 132 143
132 131 143
143 131 132
90 2 206
2 90 206
206 2 90
73 5 166
166 5 73
5 73 166
4 149 286
149 4 286
286 4 149
176 248 279
279 176 248
248 176 279
27 44 158
44 27 158
158 27 44
227 183 267
267 183 227
183 227 267
14 48 261
261 14 48
48 14 261
245 28 290
28 245 290
290 28 245
117 92 238
92 117 238
238 92 117
181 45 129
129 45 181
45 129 181
54 86 123
86 54 123
123 54 86
228 30 162
162 30 228
30 162 228
82 167 193
167 82 193
193 82 167
24 105 108
105 24 108
108 24 105
56 116 185
116 56 185
185 56 116
236 160 298
160 236 298
298 160 236
57 53 242
242 53 57
53 57 242
198 192 259
192 198 259
259 192 198
165 161 251
161 165 251
251 161 165
110 240 295
240 110 295
295 110 240
168 78 133
133 78 168
78 133 168
102 66 223
223 66 102
66 102 223
254 37 260
37 254 260
260 37 254
148 26 69
69 26 148
26 69 148
182 191 221
191 182 221
221 182 191
146 22 270
270 22 146
22 146 270
100 202 282
282 100 202
202 100 282
35 31 118
31 35 118
118 31 35
70 93 154
93 70 154
154 70 93
163 77 83
83 77 163
77 83 163
147 222 269
269 147 222
222 147 269
226 196 266
196 226 266
266 196 226
205 87 178
87 178 205
178 87 205
237 38 243
38 237 243
243 38 237
120 101 145
101 120 145
145 101 120
138 275 297
275 138 297
297 138 275
300 75 152
75 152 300
152 75 300
