25580 3026 19023
3026 19023 25580
19023 3026 25580
24430 5029 19892
19892 5029 24430
5029 19892 24430
11301 11421 19373
11421 11301 19373
19373 11301 11421
28721 13035 22927
22927 13035 28721
13035 22927 28721
12656 4943 16101
4943 12656 16101
16101 4943 12656
24281 16636 29540
16636 24281 29540
29540 16636 24281
7119 6577 27920
6577 7119 27920
27920 6577 7119
19355 5783 25045
5783 19355 25045
25045 5783 19355
9427 18836 20403
20403 9427 18836
18836 9427 20403
14230 24792 29781
24792 14230 29781
29781 14230 24792
22775 12006 20706
20706 12006 22775
12006 20706 22775
28180 8748 27162
8748 27162 28180
27162 8748 28180
19592 1984 17926
1984 17926 19592
17926 1984 19592
86 2420 27239
2420 86 27239
27239 86 2420
13525 4562 29112
29112 4562 13525
4562 13525 29112
16633 24417 28677
28677 16633 24417
24417 16633 28677
22106 7985 10428
7985 10428 22106
10428 7985 22106
9972 7547 9099
9099 7547 9972
7547 9099 9972
4870 17120 20828
20828 4870 17120
17120 4870 20828
8626 2718 18141
2718 8626 18141
18141 2718 8626
2747 2185 14855
2185 2747 14855
14855 2185 2747
18866 12164 15302
15302 12164 18866
12164 15302 18866
26479 7654 15135
15135 7654 26479
7654 15135 26479
3581 11955 19609
19609 3581 11955
11955 3581 19609
2224 2393 22776
22776 2224 2393
2393 2224 22776
1005 9521 12079
9521 1005 12079
12079 1005 9521
28752 2739 8797
2739 8797 28752
8797 2739 28752
17313 20501 27630
20501 17313 27630
27630 17313 20501
5969 13225 24428
24428 5969 13225
13225 5969 24428
13229 1239 27987
1239 13229 27987
27987 1239 13229
163 2171 22515
22515 163 2171
2171 163 22515
3460 16640 18709
16640 3460 18709
18709 3460 16640
14982 2322 15430
15430 2322 14982
2322 14982 15430
26340 4750 21700
4750 21700 26340
21700 4750 26340
2287 11369 16370
11369 2287 16370
16370 2287 11369
12667 7215 16099
7215 12667 16099
16099 7215 12667
7800 1897 2915
1897 2915 7800
2915 1897 7800
11008 1112 1958
1958 1112 11008
1112 1958 11008
9559 16236 29747
29747 9559 16236
16236 9559 29747
24255 11224 11657
11657 11224 24255
11224 11657 24255
15620 2347 15011
2347 15011 15620
15011 2347 15620
27926 5833 11337
5833 11337 27926
11337 5833 27926
12879 9037 12253
12253 9037 12879
9037 12253 12879
22526 22387 23135
22387 22526 23135
23135 22387 22526
23438 8112 16906
16906 8112 23438
8112 16906 23438
2927 11019 17745
11019 2927 17745
17745 2927 11019
10961 9714 15091
9714 10961 15091
15091 9714 10961
17078 9844 15616
15616 9844 17078
9844 15616 17078
2427 1841 29752
29752 1841 2427
1841 2427 29752
24864 8066 19584
8066 19584 24864
19584 8066 24864
17149 18421 18776
18421 17149 18776
18776 17149 18421
27623 455 29488
455 27623 29488
29488 455 27623
14374 656 8000
656 8000 14374
8000 656 14374
674 5039 25676
25676 674 5039
5039 674 25676
20343 2871 19365
19365 2871 20343
2871 19365 20343
22751 10682 27962
27962 10682 22751
10682 22751 27962
29824 4625 20199
4625 20199 29824
20199 4625 29824
2297 27157 28836
27157 2297 28836
28836 2297 27157
1595 880 3638
880 1595 3638
3638 880 1595
14871 6414 24158
6414 14871 24158
24158 6414 14871
7285 7551 20651
7551 7285 20651
20651 7285 7551
7697 5354 27819
27819 5354 7697
5354 7697 27819
790 20246 28491
20246 790 28491
28491 790 20246
5006 13571 26532
13571 5006 26532
26532 5006 13571
3302 18352 27417
27417 3302 18352
18352 3302 27417
3953 23361 29509
29509 3953 23361
23361 3953 29509
5216 2160 3594
3594 2160 5216
2160 3594 5216
24933 2412 21455
21455 2412 24933
2412 21455 24933
3159 3305 26236
3305 3159 26236
26236 3159 3305
22535 9735 13573
13573 9735 22535
9735 13573 22535
21722 15538 16811
15538 16811 21722
16811 15538 21722
16508 5382 16330
16330 5382 16508
5382 16330 16508
22012 2152 28565
2152 22012 28565
28565 2152 22012
10568 8327 22788
8327 10568 22788
22788 8327 10568
6982 13146 18211
13146 6982 18211
18211 6982 13146
14358 9464 16377
9464 14358 16377
16377 9464 14358
24724 1591 17310
17310 1591 24724
1591 17310 24724
21585 1031 7562
1031 7562 21585
7562 1031 21585
24223 6154 26118
26118 6154 24223
6154 24223 26118
3307 7383 19705
7383 3307 19705
19705 3307 7383
24318 1746 3498
3498 1746 24318
1746 3498 24318
16051 11071 21351
11071 16051 21351
21351 11071 16051
14843 528 15548
528 14843 15548
15548 528 14843
12864 2219 26221
2219 12864 26221
26221 2219 12864
2051 12463 24993
24993 2051 12463
12463 2051 24993
5137 2036 17007
17007 2036 5137
2036 5137 17007
21779 20658 24627
20658 21779 24627
24627 20658 21779
13213 4009 7553
7553 4009 13213
4009 7553 13213
9740 4932 26175
4932 9740 26175
26175 4932 9740
19916 1799 18519
18519 1799 19916
1799 18519 19916
6960 12753 24360
12753 6960 24360
24360 6960 12753
7836 5252 10743
10743 5252 7836
5252 7836 10743
17492 12187 18070
12187 17492 18070
18070 12187 17492
21801 526 19918
19918 526 21801
526 19918 21801
17835 14032 22546
22546 14032 17835
14032 17835 22546
14678 17250 21631
21631 14678 17250
17250 14678 21631
17883 13604 14751
13604 14751 17883
14751 13604 17883
3171 22637 26120
26120 3171 22637
22637 3171 26120
17189 22840 27232
27232 17189 22840
22840 17189 27232
29730 13746 29573
29573 13746 29730
13746 29573 29730
29645 4920 29411
4920 29411 29645
29411 4920 29645
16423 6437 27265
27265 6437 16423
6437 16423 27265
12434 9462 12577
9462 12434 12577
12577 9462 12434
1881 20946 29861
29861 1881 20946
20946 1881 29861
23788 5468 20392
5468 20392 23788
20392 5468 23788
8198 15187 21293
15187 8198 21293
21293 8198 15187
6643 14064 28986
28986 6643 14064
14064 6643 28986
7331 16135 21009
16135 7331 21009
21009 7331 16135
22624 8575 27488
27488 8575 22624
8575 22624 27488
18014 16041 26761
16041 18014 26761
26761 16041 18014
6256 6717 20567
6717 6256 20567
20567 6256 6717
20786 7259 25286
7259 20786 25286
25286 7259 20786
27714 16724 27084
16724 27084 27714
27084 16724 27714
7935 11372 25791
11372 7935 25791
25791 7935 11372
28467 1283 8976
8976 1283 28467
1283 8976 28467
22361 14088 24833
24833 14088 22361
14088 22361 24833
4746 12895 19830
12895 4746 19830
19830 4746 12895
16666 3667 21542
3667 16666 21542
21542 3667 16666
20803 6454 17136
6454 17136 20803
17136 6454 20803
5260 1380 6044
6044 1380 5260
1380 5260 6044
15335 12511 15210
15210 12511 15335
12511 15210 15335
6872 4962 25898
4962 6872 25898
25898 4962 6872
3063 5035 28023
5035 3063 28023
28023 3063 5035
11629 9443 24187
9443 11629 24187
24187 9443 11629
27041 27506 28683
28683 27041 27506
27506 27041 28683
4968 16440 24228
16440 4968 24228
24228 4968 16440
23846 4297 29845
29845 4297 23846
4297 23846 29845
22312 1755 18304
18304 1755 22312
1755 18304 22312
22275 15421 22002
15421 22002 22275
22002 15421 22275
22204 5209 26771
5209 22204 26771
26771 5209 22204
12455 8329 13596
13596 8329 12455
8329 12455 13596
16059 2579 4361
2579 4361 16059
4361 2579 16059
14389 652 14151
652 14151 14389
14151 652 14389
1397 13195 24661
24661 1397 13195
13195 1397 24661
4169 1091 18981
18981 1091 4169
1091 4169 18981
1139 6847 17723
6847 1139 17723
17723 1139 6847
27771 5527 23350
5527 23350 27771
23350 5527 27771
29180 16556 22066
16556 22066 29180
22066 16556 29180
22758 10309 12808
10309 12808 22758
12808 10309 22758
1216 21473 26314
26314 1216 21473
21473 1216 26314
8771 8110 10079
10079 8110 8771
8110 8771 10079
17613 1607 24576
1607 17613 24576
24576 1607 17613
7555 26475 28112
26475 7555 28112
28112 7555 26475
14862 9756 21637
21637 9756 14862
9756 14862 21637
6216 12548 17408
12548 6216 17408
17408 6216 12548
23779 3662 11642
11642 3662 23779
3662 11642 23779
10486 18997 29584
29584 10486 18997
18997 10486 29584
18645 11498 19678
19678 11498 18645
11498 18645 19678
2676 6595 7078
6595 2676 7078
7078 2676 6595
323 10102 22218
22218 323 10102
10102 323 22218
15629 365 6876
365 6876 15629
6876 365 15629
1555 12146 19320
12146 1555 19320
19320 1555 12146
1574 14075 20361
20361 1574 14075
14075 1574 20361
27969 6088 13821
6088 13821 27969
13821 6088 27969
4272 5961 22635
5961 4272 22635
22635 4272 5961
12530 16242 25298
25298 12530 16242
16242 12530 25298
17196 9859 19338
9859 17196 19338
19338 9859 17196
3841 10778 11833
11833 3841 10778
10778 3841 11833
12371 12985 22247
12985 12371 22247
22247 12371 12985
10751 12798 17902
17902 10751 12798
12798 10751 17902
8659 2845 20378
20378 2845 8659
2845 8659 20378
295 3364 25428
3364 295 25428
25428 295 3364
13260 14880 18023
18023 13260 14880
14880 13260 18023
17128 14929 17720
17720 14929 17128
14929 17128 17720
28529 3593 21758
3593 21758 28529
21758 3593 28529
15943 3207 13620
13620 3207 15943
3207 13620 15943
2516 10378 11218
11218 2516 10378
10378 2516 11218
10188 8706 23449
8706 10188 23449
23449 8706 10188
25683 10203 17494
10203 17494 25683
17494 10203 25683
25186 3887 5860
5860 3887 25186
3887 5860 25186
3746 11738 12369
12369 3746 11738
11738 3746 12369
21609 189 14502
14502 189 21609
189 14502 21609
18340 8092 29455
8092 18340 29455
29455 8092 18340
11696 4229 23673
23673 4229 11696
4229 11696 23673
19585 6106 9133
6106 9133 19585
9133 6106 19585
29611 9641 23651
23651 9641 29611
9641 23651 29611
27290 9864 20442
9864 20442 27290
20442 9864 27290
24535 5400 29338
29338 5400 24535
5400 24535 29338
10095 10172 24022
24022 10095 10172
10172 10095 24022
22087 17273 27036
27036 17273 22087
17273 22087 27036
11708 3870 7194
7194 3870 11708
3870 7194 11708
20 24930 27078
27078 20 24930
24930 20 27078
6574 8439 19417
8439 6574 19417
19417 6574 8439
13736 5041 5379
5379 5041 13736
5041 5379 13736
13794 5508 5682
5682 5508 13794
5508 5682 13794
10362 3314 16121
16121 3314 10362
3314 10362 16121
22856 12689 18882
12689 18882 22856
18882 12689 22856
13028 25994 29160
29160 13028 25994
25994 13028 29160
10969 8302 29444
29444 8302 10969
8302 10969 29444
28319 4800 18573
4800 18573 28319
18573 4800 28319
4814 2665 13624
2665 4814 13624
13624 2665 4814
493 5535 8982
5535 493 8982
8982 493 5535
1663 16684 27766
16684 1663 27766
27766 1663 16684
232 10592 29717
10592 232 29717
29717 232 10592
26397 17442 28743
28743 17442 26397
17442 26397 28743
21331 4534 26812
4534 21331 26812
26812 4534 21331
1340 9771 21029
9771 1340 21029
21029 1340 9771
20564 20428 20728
20428 20564 20728
20728 20428 20564
18263 18086 29330
29330 18086 18263
18086 18263 29330
29128 8926 22508
22508 8926 29128
8926 22508 29128
29791 7844 23516
23516 7844 29791
7844 23516 29791
11871 8914 10420
8914 10420 11871
10420 8914 11871
1438 5564 29843
5564 1438 29843
29843 1438 5564
21372 27575 27698
27575 21372 27698
27698 21372 27575
1761 17938 25292
17938 1761 25292
25292 1761 17938
724 781 5315
781 724 5315
5315 724 781
2774 5785 18516
18516 2774 5785
5785 2774 18516
23703 11514 22601
22601 11514 23703
11514 22601 23703
5715 11683 24580
24580 5715 11683
11683 5715 24580
17740 3842 17210
3842 17210 17740
17210 3842 17740
14716 5827 26595
5827 14716 26595
26595 5827 14716
2438 15990 20188
20188 2438 15990
15990 2438 20188
8772 5788 6380
5788 6380 8772
6380 5788 8772
10678 10810 15817
15817 10678 10810
10810 10678 15817
5663 14373 18470
14373 5663 18470
18470 5663 14373
6829 4564 13675
4564 6829 13675
13675 4564 6829
28813 19088 23778
19088 23778 28813
23778 19088 28813
28321 8318 17869
17869 8318 28321
8318 17869 28321
6809 17670 27022
27022 6809 17670
17670 6809 27022
19080 13713 21894
13713 19080 21894
21894 13713 19080
9447 5801 22860
22860 5801 9447
5801 9447 22860
21369 16588 23609
23609 16588 21369
16588 21369 23609
9461 24355 25503
25503 9461 24355
24355 9461 25503
9170 4816 26199
26199 4816 9170
4816 9170 26199
23772 6006 29504
29504 6006 23772
6006 23772 29504
17505 3104 13528
3104 13528 17505
13528 3104 17505
7517 26639 29588
26639 7517 29588
29588 7517 26639
3515 11837 13665
11837 3515 13665
13665 3515 11837
17709 19834 20035
19834 17709 20035
20035 17709 19834
6850 12551 13144
13144 6850 12551
12551 6850 13144
14192 11032 21955
21955 11032 14192
11032 14192 21955
1802 20623 27457
27457 1802 20623
20623 1802 27457
12419 12531 17795
17795 12419 12531
12531 12419 17795
3105 12205 21782
12205 3105 21782
21782 3105 12205
26425 4598 27136
4598 26425 27136
27136 4598 26425
26484 1220 10446
1220 10446 26484
10446 1220 26484
18057 8059 20010
8059 18057 20010
20010 8059 18057
14513 2969 3166
2969 3166 14513
3166 2969 14513
28967 15449 17871
15449 17871 28967
17871 15449 28967
15909 2960 12521
12521 2960 15909
2960 12521 15909
25611 11705 23463
23463 11705 25611
11705 23463 25611
26515 16881 17467
17467 16881 26515
16881 17467 26515
14793 12350 29671
29671 12350 14793
12350 14793 29671
26163 931 2476
2476 931 26163
931 2476 26163
9122 3696 4468
4468 3696 9122
3696 4468 9122
6008 10985 18110
10985 6008 18110
18110 6008 10985
3973 3750 25522
3750 3973 25522
25522 3750 3973
9557 4282 4647
4282 4647 9557
4647 4282 9557
1024 5335 9183
5335 1024 9183
9183 1024 5335
8817 19408 19544
19544 8817 19408
19408 8817 19544
14861 2083 23917
2083 14861 23917
23917 2083 14861
17980 2784 21106
2784 17980 21106
21106 2784 17980
3979 3600 24262
3600 3979 24262
24262 3600 3979
7622 9113 12338
9113 7622 12338
12338 7622 9113
15633 4142 22518
22518 4142 15633
4142 15633 22518
689 7907 18503
18503 689 7907
7907 689 18503
12615 2548 7523
7523 2548 12615
2548 7523 12615
16583 5588 13121
5588 13121 16583
13121 5588 16583
29302 12222 17876
12222 17876 29302
17876 12222 29302
14856 11117 12957
12957 11117 14856
11117 12957 14856
5412 12412 19020
19020 5412 12412
12412 5412 19020
18021 16315 18847
16315 18021 18847
18847 16315 18021
2502 8603 9022
9022 2502 8603
8603 2502 9022
6278 18678 23706
18678 6278 23706
23706 6278 18678
21730 6246 28903
6246 21730 28903
28903 6246 21730
27146 26592 27349
27349 26592 27146
26592 27146 27349
22411 1320 13113
13113 1320 22411
1320 13113 22411
3740 3120 8746
3120 3740 8746
8746 3120 3740
3654 5657 14148
5657 3654 14148
14148 3654 5657
12813 1722 6254
1722 6254 12813
6254 1722 12813
26143 16690 27183
16690 26143 27183
27183 16690 26143
2598 9917 19824
19824 2598 9917
9917 2598 19824
7744 10565 12246
12246 7744 10565
10565 7744 12246
5977 9769 17130
17130 5977 9769
9769 5977 17130
19075 5365 7970
5365 7970 19075
7970 5365 19075
7507 2667 17887
2667 7507 17887
17887 2667 7507
17061 5861 9778
9778 5861 17061
5861 9778 17061
22836 7609 16512
7609 16512 22836
16512 7609 22836
16731 15130 21506
21506 15130 16731
15130 16731 21506
21051 3665 3772
3772 3665 21051
3665 3772 21051
18729 5205 19431
5205 18729 19431
19431 5205 18729
3144 20891 29579
20891 3144 29579
29579 3144 20891
26589 12795 16947
16947 12795 26589
12795 16947 26589
23771 11913 12402
12402 11913 23771
11913 12402 23771
2220 5191 14935
5191 2220 14935
14935 2220 5191
6113 3219 8781
8781 3219 6113
3219 6113 8781
11932 10369 14410
14410 10369 11932
10369 11932 14410
13939 2253 21885
21885 2253 13939
2253 13939 21885
15923 17095 27949
17095 15923 27949
27949 15923 17095
10485 3883 9602
9602 3883 10485
3883 9602 10485
29238 13027 14700
13027 14700 29238
14700 13027 29238
15353 3395 18715
3395 15353 18715
18715 3395 15353
3846 3733 17542
3733 3846 17542
17542 3733 3846
29635 7642 20466
20466 7642 29635
7642 20466 29635
2778 25277 25990
25277 2778 25990
25990 2778 25277
18048 4689 7454
7454 4689 18048
4689 7454 18048
8876 2650 27975
27975 2650 8876
2650 8876 27975
26296 9182 23433
9182 23433 26296
23433 9182 26296
16208 22792 27377
22792 16208 27377
27377 16208 22792
27236 21250 26719
26719 21250 27236
21250 26719 27236
12687 8960 29946
29946 8960 12687
8960 12687 29946
28545 9662 14123
9662 14123 28545
14123 9662 28545
16919 1668 12235
12235 1668 16919
1668 12235 16919
602 10223 13037
10223 602 13037
13037 602 10223
1330 17346 18758
17346 1330 18758
18758 1330 17346
6468 1946 20632
20632 1946 6468
1946 6468 20632
389 1057 17032
1057 389 17032
17032 389 1057
7142 7219 18990
18990 7142 7219
7219 7142 18990
14872 21025 25293
25293 14872 21025
21025 14872 25293
6287 4078 12959
4078 6287 12959
12959 4078 6287
21906 19999 22634
22634 19999 21906
19999 21906 22634
21761 24959 29254
24959 21761 29254
29254 21761 24959
12436 21277 25268
21277 12436 25268
25268 12436 21277
8547 22328 23340
22328 8547 23340
23340 8547 22328
6398 26064 27034
26064 6398 27034
27034 6398 26064
16918 15482 22568
22568 15482 16918
15482 16918 22568
24300 11918 20604
20604 11918 24300
11918 20604 24300
16780 6534 12815
6534 12815 16780
12815 6534 16780
14642 10337 24801
24801 10337 14642
10337 14642 24801
24865 9666 25282
9666 24865 25282
25282 9666 24865
9742 4095 5787
4095 5787 9742
5787 4095 9742
23943 12361 21639
21639 12361 23943
12361 21639 23943
24185 11609 21031
11609 21031 24185
21031 11609 24185
5437 10155 28067
10155 5437 28067
28067 5437 10155
29116 19795 22310
22310 19795 29116
19795 22310 29116
4844 1045 16283
16283 1045 4844
1045 4844 16283
9460 4982 11266
11266 4982 9460
4982 9460 11266
26389 18889 26300
26300 18889 26389
18889 26300 26389
27678 5313 28489
5313 27678 28489
28489 5313 27678
29203 14601 22814
22814 14601 29203
14601 22814 29203
16579 13766 14802
14802 13766 16579
13766 14802 16579
12586 4897 12787
12787 4897 12586
4897 12586 12787
19936 7043 22648
22648 7043 19936
7043 19936 22648
10658 14040 19000
19000 10658 14040
14040 10658 19000
12672 2984 16276
2984 12672 16276
16276 2984 12672
20671 7943 24702
24702 7943 20671
7943 20671 24702
9323 6785 8842
6785 8842 9323
8842 6785 9323
8970 9860 25273
9860 8970 25273
25273 8970 9860
14352 22326 26094
22326 14352 26094
26094 14352 22326
19379 4617 21521
4617 19379 21521
21521 4617 19379
4404 11101 24482
24482 4404 11101
11101 4404 24482
28372 3769 8154
8154 3769 28372
3769 8154 28372
7639 14670 16445
16445 7639 14670
14670 7639 16445
20814 22478 27093
22478 20814 27093
27093 20814 22478
14581 8126 28074
28074 8126 14581
8126 14581 28074
26646 20895 21853
21853 20895 26646
20895 21853 26646
16270 4276 4509
4276 4509 16270
4509 4276 16270
15263 15761 20455
15761 15263 20455
20455 15263 15761
28232 14555 28036
14555 28036 28232
28036 14555 28232
23999 24298 29847
24298 23999 29847
29847 23999 24298
13745 581 1123
581 1123 13745
1123 581 13745
11297 5636 6389
5636 6389 11297
6389 5636 11297
13813 8545 29542
8545 13813 29542
29542 8545 13813
16264 25066 28446
28446 16264 25066
25066 16264 28446
10666 5778 16401
16401 5778 10666
5778 10666 16401
8924 10234 16790
10234 8924 16790
16790 8924 10234
18245 5364 14629
14629 5364 18245
5364 14629 18245
2429 8919 14693
14693 2429 8919
8919 2429 14693
29801 1359 10817
10817 1359 29801
1359 10817 29801
186 12077 15771
12077 186 15771
15771 186 12077
21040 19331 25158
25158 19331 21040
19331 21040 25158
8405 17431 20481
20481 8405 17431
17431 8405 20481
25582 5061 13994
5061 13994 25582
13994 5061 25582
14800 8293 26375
26375 8293 14800
8293 14800 26375
12791 9699 16846
16846 9699 12791
9699 12791 16846
16022 12916 26683
12916 16022 26683
26683 12916 16022
3283 2473 7199
2473 3283 7199
7199 2473 3283
12910 21583 25785
21583 12910 25785
25785 12910 21583
20925 11843 18642
11843 18642 20925
18642 11843 20925
456 1161 8993
1161 456 8993
8993 456 1161
13738 2188 9062
2188 9062 13738
9062 2188 13738
25647 973 20187
973 20187 25647
20187 973 25647
11115 1893 3798
1893 3798 11115
3798 1893 11115
7610 262 1674
1674 262 7610
262 1674 7610
7667 11688 17026
11688 7667 17026
17026 7667 11688
22081 8264 29448
8264 22081 29448
29448 8264 22081
26966 18366 22797
18366 22797 26966
22797 18366 26966
20820 5327 25757
25757 5327 20820
5327 20820 25757
13169 671 19189
19189 671 13169
671 13169 19189
18842 15610 18425
15610 18425 18842
18425 15610 18842
24196 1486 28486
28486 1486 24196
1486 24196 28486
24142 10741 20177
20177 10741 24142
10741 20177 24142
29591 2543 3493
3493 2543 29591
2543 3493 29591
20884 9061 27187
9061 20884 27187
27187 9061 20884
26563 19483 26828
19483 26563 26828
26828 19483 26563
26605 10264 19624
19624 10264 26605
10264 19624 26605
4849 10503 25975
10503 4849 25975
25975 4849 10503
27939 16661 28951
16661 27939 28951
28951 16661 27939
2150 1823 16239
1823 2150 16239
16239 1823 2150
16800 604 16163
16163 604 16800
604 16163 16800
25437 4287 28523
4287 25437 28523
28523 4287 25437
13029 14576 18119
18119 13029 14576
14576 13029 18119
27989 1138 29765
29765 1138 27989
1138 27989 29765
4044 15316 29373
15316 4044 29373
29373 4044 15316
12083 2485 21211
21211 2485 12083
2485 12083 21211
21746 8213 13236
8213 13236 21746
13236 8213 21746
7827 8838 13373
13373 7827 8838
8838 7827 13373
23112 16257 24981
24981 16257 23112
16257 23112 24981
21950 1724 16139
16139 1724 21950
1724 16139 21950
21895 4074 11652
11652 4074 21895
4074 11652 21895
29901 21691 23214
23214 21691 29901
21691 23214 29901
26570 1307 8792
1307 8792 26570
8792 1307 26570
6261 20251 28046
28046 6261 20251
20251 6261 28046
5542 6669 7437
6669 5542 7437
7437 5542 6669
178 18924 29336
29336 178 18924
18924 178 29336
19433 6542 13768
13768 6542 19433
6542 13768 19433
17014 2934 11131
11131 2934 17014
2934 11131 17014
26186 6526 9299
6526 9299 26186
9299 6526 26186
10627 18963 21778
18963 10627 21778
21778 10627 18963
16858 12401 22957
12401 16858 22957
22957 12401 16858
11505 12109 17107
12109 11505 17107
17107 11505 12109
10 15437 19463
15437 10 19463
19463 10 15437
6166 15406 18667
18667 6166 15406
15406 6166 18667
11214 4246 22019
4246 11214 22019
22019 4246 11214
1721 7833 18726
7833 1721 18726
18726 1721 7833
24289 9796 17935
17935 9796 24289
9796 17935 24289
9888 6451 9674
9674 6451 9888
6451 9674 9888
4368 1865 4148
4148 1865 4368
1865 4148 4368
17338 3070 18748
18748 3070 17338
3070 17338 18748
2843 8072 12560
12560 2843 8072
8072 2843 12560
26865 14159 17066
14159 17066 26865
17066 14159 26865
25084 3610 6658
3610 6658 25084
6658 3610 25084
22388 10772 11000
11000 10772 22388
10772 11000 22388
28249 14043 15859
14043 15859 28249
15859 14043 28249
12681 5933 17735
17735 5933 12681
5933 12681 17735
17287 1308 3152
1308 3152 17287
3152 1308 17287
730 3127 14755
3127 730 14755
14755 730 3127
10011 12210 28869
12210 10011 28869
28869 10011 12210
3661 10814 24385
10814 3661 24385
24385 3661 10814
28114 13160 27318
13160 27318 28114
27318 13160 28114
29714 27507 29434
27507 29434 29714
29434 27507 29714
17853 10547 15690
15690 10547 17853
10547 15690 17853
9476 5774 12202
5774 9476 12202
12202 5774 9476
13627 1335 3282
3282 1335 13627
1335 3282 13627
16908 9158 12424
9158 12424 16908
12424 9158 16908
20851 4140 21961
21961 4140 20851
4140 20851 21961
8242 1270 3265
1270 3265 8242
3265 1270 8242
8030 5075 25603
5075 8030 25603
25603 5075 8030
15911 67 2133
67 2133 15911
2133 67 15911
26100 5700 20704
5700 20704 26100
20704 5700 26100
24610 11261 12283
11261 12283 24610
12283 11261 24610
23034 20001 20095
20001 20095 23034
20095 20001 23034
20399 12953 21670
12953 20399 21670
21670 12953 20399
27283 7599 13834
7599 13834 27283
13834 7599 27283
17252 5295 19951
19951 5295 17252
5295 17252 19951
14177 15370 21554
15370 14177 21554
21554 14177 15370
683 16009 22364
22364 683 16009
16009 683 22364
25883 12608 17298
12608 17298 25883
17298 12608 25883
12112 5225 5608
5225 5608 12112
5608 5225 12112
2726 1836 27968
1836 2726 27968
27968 1836 2726
19143 9472 15980
15980 9472 19143
9472 15980 19143
14009 2289 14281
14281 2289 14009
2289 14009 14281
29286 4418 6072
4418 6072 29286
6072 4418 29286
21711 8635 26109
8635 21711 26109
26109 8635 21711
11522 8125 25774
25774 8125 11522
8125 11522 25774
16235 11469 19084
19084 11469 16235
11469 16235 19084
18317 24692 25890
25890 18317 24692
24692 18317 25890
13956 10381 24908
24908 10381 13956
10381 13956 24908
9958 14604 17050
17050 9958 14604
14604 9958 17050
17700 15326 27308
15326 17700 27308
27308 15326 17700
15364 20232 23531
23531 15364 20232
20232 15364 23531
20882 18387 20103
20103 18387 20882
18387 20103 20882
9160 3284 21650
21650 3284 9160
3284 9160 21650
2409 668 17842
668 2409 17842
17842 668 2409
1683 7153 16750
16750 1683 7153
7153 1683 16750
5738 8768 29973
29973 5738 8768
8768 5738 29973
20902 14840 27602
27602 14840 20902
14840 20902 27602
29469 5274 17800
5274 17800 29469
17800 5274 29469
23329 22402 24320
22402 23329 24320
24320 22402 23329
15260 5388 13934
13934 5388 15260
5388 13934 15260
13322 17167 17687
17167 13322 17687
17687 13322 17167
15388 1825 25175
1825 15388 25175
25175 1825 15388
9352 3489 20282
3489 9352 20282
20282 3489 9352
8252 15180 15871
15180 8252 15871
15871 8252 15180
5899 10628 22900
10628 5899 22900
22900 5899 10628
28786 2682 28539
28539 2682 28786
2682 28539 28786
19591 14025 16618
16618 14025 19591
14025 16618 19591
23641 919 25888
919 23641 25888
25888 919 23641
21531 23132 27045
27045 21531 23132
23132 21531 27045
5426 25588 29508
29508 5426 25588
25588 5426 29508
13701 16935 19231
16935 13701 19231
19231 13701 16935
3671 13101 19960
13101 3671 19960
19960 3671 13101
12108 73 1556
73 1556 12108
1556 73 12108
8682 25411 29764
29764 8682 25411
25411 8682 29764
13690 13406 16407
13406 13690 16407
16407 13406 13690
27021 13876 23702
23702 13876 27021
13876 23702 27021
1424 16313 27141
27141 1424 16313
16313 1424 27141
663 11424 19405
19405 663 11424
11424 663 19405
6210 6024 27132
27132 6024 6210
6024 6210 27132
5580 4446 17297
4446 5580 17297
17297 4446 5580
21483 9906 20430
20430 9906 21483
9906 20430 21483
10494 4999 15964
15964 4999 10494
4999 10494 15964
5591 22338 27795
27795 5591 22338
22338 5591 27795
319 3091 10292
3091 319 10292
10292 319 3091
14414 70 22604
70 14414 22604
22604 70 14414
29210 12941 16500
12941 16500 29210
16500 12941 29210
787 8908 23074
23074 787 8908
8908 787 23074
1102 6384 23174
23174 1102 6384
6384 1102 23174
18521 4045 28875
4045 18521 28875
28875 4045 18521
15045 8731 18490
8731 15045 18490
18490 8731 15045
6390 5019 20878
5019 6390 20878
20878 5019 6390
3642 10548 18297
18297 3642 10548
10548 3642 18297
7407 6633 26848
26848 6633 7407
6633 7407 26848
13375 3785 16144
16144 3785 13375
3785 13375 16144
17793 4204 24938
24938 4204 17793
4204 17793 24938
135 1107 8612
1107 135 8612
8612 135 1107
26525 14985 27919
27919 14985 26525
14985 26525 27919
24533 16480 29376
29376 16480 24533
16480 24533 29376
26722 404 29461
404 26722 29461
29461 404 26722
22608 2034 9200
9200 2034 22608
2034 9200 22608
9530 7195 14015
7195 9530 14015
14015 7195 9530
19100 8387 16353
16353 8387 19100
8387 16353 19100
7429 29691 29732
29691 7429 29732
29732 7429 29691
3433 2742 26036
2742 3433 26036
26036 2742 3433
24759 25312 25663
25312 24759 25663
25663 24759 25312
24321 388 11788
11788 388 24321
388 11788 24321
17152 14798 20288
20288 14798 17152
14798 17152 20288
23 16052 29446
16052 23 29446
29446 23 16052
27085 8722 25483
25483 8722 27085
8722 25483 27085
18053 386 21350
21350 386 18053
386 18053 21350
23708 3504 26486
26486 3504 23708
3504 23708 26486
23423 771 26347
771 23423 26347
26347 771 23423
7366 2024 11689
11689 2024 7366
2024 7366 11689
17473 2566 25179
25179 2566 17473
2566 17473 25179
13013 11290 25000
25000 11290 13013
11290 13013 25000
17979 27946 28081
28081 17979 27946
27946 17979 28081
7093 12244 29697
12244 7093 29697
29697 7093 12244
6212 198 19712
198 6212 19712
19712 198 6212
14595 9223 17447
9223 14595 17447
17447 9223 14595
14383 10675 24572
10675 14383 24572
24572 10675 14383
16458 9981 12292
12292 9981 16458
9981 12292 16458
15193 8968 9976
8968 9976 15193
9976 8968 15193
424 13090 20873
20873 424 13090
13090 424 20873
16763 2733 5665
2733 5665 16763
5665 2733 16763
5669 15822 27496
27496 5669 15822
15822 5669 27496
3758 514 18198
514 3758 18198
18198 514 3758
7211 11673 21911
11673 7211 21911
21911 7211 11673
21428 11059 23358
11059 21428 23358
23358 11059 21428
29838 6560 15624
15624 6560 29838
6560 15624 29838
26811 13804 20191
20191 13804 26811
13804 20191 26811
15274 6677 13981
13981 6677 15274
6677 13981 15274
11625 4615 26379
4615 11625 26379
26379 4615 11625
3559 21 24007
21 3559 24007
24007 21 3559
10820 2955 27644
27644 2955 10820
2955 10820 27644
25887 2390 25678
25678 2390 25887
2390 25678 25887
18545 9001 11949
11949 9001 18545
9001 11949 18545
28936 7340 13280
7340 13280 28936
13280 7340 28936
14960 20591 29763
29763 14960 20591
20591 14960 29763
167 16939 28635
28635 167 16939
16939 167 28635
16181 3637 7352
3637 7352 16181
7352 3637 16181
891 3342 23114
3342 891 23114
23114 891 3342
11043 28276 29121
29121 11043 28276
28276 11043 29121
27276 339 18438
18438 339 27276
339 18438 27276
355 874 14655
874 355 14655
14655 355 874
15312 19045 19490
19045 15312 19490
19490 15312 19045
9144 21132 28200
28200 9144 21132
21132 9144 28200
28805 6488 7982
7982 6488 28805
6488 7982 28805
2035 26585 28746
28746 2035 26585
26585 2035 28746
26501 9869 22674
22674 9869 26501
9869 22674 26501
16986 2329 8238
2329 8238 16986
8238 2329 16986
12241 7280 16446
7280 12241 16446
16446 7280 12241
4472 2065 13348
13348 2065 4472
2065 4472 13348
15967 556 23541
556 15967 23541
23541 556 15967
11064 15383 25772
15383 11064 25772
25772 11064 15383
14468 2577 24491
2577 14468 24491
24491 2577 14468
29384 5900 12573
5900 12573 29384
12573 5900 29384
10876 3879 22339
3879 10876 22339
22339 3879 10876
12603 8100 12413
12413 8100 12603
8100 12413 12603
27628 10206 15781
10206 15781 27628
15781 10206 27628
2626 19593 22941
19593 2626 22941
22941 2626 19593
22846 9236 21401
21401 9236 22846
9236 21401 22846
29739 2766 27910
2766 27910 29739
27910 2766 29739
28638 472 12302
12302 472 28638
472 12302 28638
10535 20886 24850
24850 10535 20886
20886 10535 24850
18798 24239 26690
26690 18798 24239
24239 18798 26690
21874 20672 27226
27226 20672 21874
20672 21874 27226
13119 8117 29144
8117 13119 29144
29144 8117 13119
25073 13309 24999
13309 24999 25073
24999 13309 25073
15882 10655 23400
10655 15882 23400
23400 10655 15882
22384 3544 14795
14795 3544 22384
3544 14795 22384
21073 15190 18176
18176 15190 21073
15190 18176 21073
13210 9574 28291
9574 13210 28291
28291 9574 13210
17693 738 17016
738 17016 17693
17016 738 17693
25275 7181 29933
29933 7181 25275
7181 25275 29933
29920 2580 7430
2580 7430 29920
7430 2580 29920
15785 2520 13632
2520 13632 15785
13632 2520 15785
19530 18332 25356
25356 18332 19530
18332 19530 25356
21310 9371 29647
29647 9371 21310
9371 21310 29647
18838 26045 26925
26045 18838 26925
26925 18838 26045
19397 12517 23109
12517 19397 23109
23109 12517 19397
12072 17514 23193
17514 12072 23193
23193 12072 17514
8418 14533 29879
14533 8418 29879
29879 8418 14533
16039 9457 14796
9457 14796 16039
14796 9457 16039
13640 11839 18341
11839 13640 18341
18341 11839 13640
19011 10259 22693
10259 19011 22693
22693 10259 19011
4798 1720 19548
19548 1720 4798
1720 4798 19548
16137 6790 28402
6790 16137 28402
28402 6790 16137
18537 13007 29032
13007 18537 29032
29032 13007 18537
12809 10602 12729
12729 10602 12809
10602 12729 12809
15645 15520 22403
15520 15645 22403
22403 15520 15645
27950 8182 29954
29954 8182 27950
8182 27950 29954
13477 13625 24231
24231 13477 13625
13625 13477 24231
22428 3586 5585
5585 3586 22428
3586 5585 22428
13917 13967 16404
13967 13917 16404
16404 13917 13967
12116 1585 23658
1585 12116 23658
23658 1585 12116
12054 5998 17632
17632 5998 12054
5998 12054 17632
23234 1506 19403
1506 19403 23234
19403 1506 23234
26373 7566 24453
24453 7566 26373
7566 24453 26373
4871 16455 28617
28617 4871 16455
16455 4871 28617
4138 8594 24874
8594 4138 24874
24874 4138 8594
28514 7858 23961
23961 7858 28514
7858 23961 28514
24765 20644 21601
20644 21601 24765
21601 20644 24765
3174 14423 19601
14423 3174 19601
19601 3174 14423
28831 1743 5261
5261 1743 28831
1743 5261 28831
4233 4716 26817
26817 4233 4716
4716 4233 26817
28377 448 1980
1980 448 28377
448 1980 28377
13505 8008 29433
29433 8008 13505
8008 13505 29433
9055 21181 22404
22404 9055 21181
21181 9055 22404
2581 22517 26586
22517 2581 26586
26586 2581 22517
27319 4611 28212
4611 27319 28212
28212 4611 27319
11515 9701 14713
9701 11515 14713
14713 9701 11515
12404 23599 26883
26883 12404 23599
23599 12404 26883
6681 14969 28367
28367 6681 14969
14969 6681 28367
8251 10762 24127
10762 8251 24127
24127 8251 10762
4309 237 4018
4018 237 4309
237 4018 4309
26783 6808 10421
6808 10421 26783
10421 6808 26783
24929 15688 21176
21176 15688 24929
15688 21176 24929
27452 4904 27510
27510 4904 27452
4904 27452 27510
24729 25903 28505
28505 24729 25903
25903 24729 28505
18898 15032 26189
26189 15032 18898
15032 18898 26189
10068 10099 11201
11201 10068 10099
10099 10068 11201
3107 17532 27470
27470 3107 17532
17532 3107 27470
21994 15464 24539
15464 21994 24539
24539 15464 21994
28334 15063 23996
23996 15063 28334
15063 23996 28334
28231 1396 9881
9881 1396 28231
1396 9881 28231
16282 4776 28604
4776 16282 28604
28604 4776 16282
2499 19225 24617
19225 2499 24617
24617 2499 19225
29465 17554 23459
23459 17554 29465
17554 23459 29465
3797 4769 11909
4769 3797 11909
11909 3797 4769
15866 10735 17538
10735 15866 17538
17538 10735 15866
18409 21828 25181
25181 18409 21828
21828 18409 25181
26680 6775 15686
15686 6775 26680
6775 15686 26680
8883 12768 23461
23461 8883 12768
12768 8883 23461
21867 7608 11090
7608 11090 21867
11090 7608 21867
28907 1154 19554
19554 1154 28907
1154 19554 28907
26188 25017 26089
26089 25017 26188
25017 26089 26188
418 5152 19085
19085 418 5152
5152 418 19085
12048 12824 23453
12824 12048 23453
23453 12048 12824
9106 19107 24647
19107 9106 24647
24647 9106 19107
10191 6206 24691
24691 6206 10191
6206 10191 24691
5846 769 23107
23107 769 5846
769 5846 23107
8839 6762 20557
20557 6762 8839
6762 8839 20557
27361 9473 26434
9473 26434 27361
26434 9473 27361
23576 16460 16872
16872 16460 23576
16460 16872 23576
15366 1229 24408
1229 15366 24408
24408 1229 15366
18363 7121 28004
7121 18363 28004
28004 7121 18363
27329 9991 17304
9991 17304 27329
17304 9991 27329
19315 4649 23947
23947 4649 19315
4649 19315 23947
27168 23072 23316
23072 23316 27168
23316 23072 27168
10880 6602 8093
6602 8093 10880
8093 6602 10880
16444 14122 24711
24711 14122 16444
14122 16444 24711
6887 6111 26359
26359 6111 6887
6111 6887 26359
12848 14893 23940
14893 12848 23940
23940 12848 14893
13992 8991 19549
8991 13992 19549
19549 8991 13992
18854 12397 13056
12397 13056 18854
13056 12397 18854
27342 9349 19718
9349 19718 27342
19718 9349 27342
25892 1993 24076
24076 1993 25892
1993 24076 25892
19253 1248 14739
1248 14739 19253
14739 1248 19253
15214 2660 21750
21750 2660 15214
2660 15214 21750
1778 27274 28424
28424 1778 27274
27274 1778 28424
7452 17363 21665
21665 7452 17363
17363 7452 21665
29953 8001 27372
8001 27372 29953
27372 8001 29953
13969 4069 17207
17207 4069 13969
4069 13969 17207
28351 17111 20350
20350 17111 28351
17111 20350 28351
26168 8598 17476
17476 8598 26168
8598 17476 26168
16459 19816 25160
19816 16459 25160
25160 16459 19816
27958 19491 21266
19491 21266 27958
21266 19491 27958
8470 13485 27360
27360 8470 13485
13485 8470 27360
16198 25567 28042
25567 16198 28042
28042 16198 25567
8301 11997 21139
11997 8301 21139
21139 8301 11997
8448 10641 16817
16817 8448 10641
10641 8448 16817
9548 5784 20299
5784 9548 20299
20299 5784 9548
16269 5975 23370
23370 5975 16269
5975 16269 23370
7485 6531 19870
6531 7485 19870
19870 6531 7485
27933 21004 23367
21004 23367 27933
23367 21004 27933
26499 22283 22990
22283 22990 26499
22990 22283 26499
4533 11520 18749
11520 4533 18749
18749 4533 11520
2060 6032 10654
10654 2060 6032
6032 2060 10654
27794 11889 22319
22319 11889 27794
11889 22319 27794
20410 13845 19032
19032 13845 20410
13845 19032 20410
10003 6737 8506
6737 8506 10003
8506 6737 10003
8985 5835 29874
29874 5835 8985
5835 8985 29874
8020 5858 15739
15739 5858 8020
5858 8020 15739
25072 3803 13383
13383 3803 25072
3803 13383 25072
6615 14459 16558
16558 6615 14459
14459 6615 16558
3514 12565 17062
17062 3514 12565
12565 3514 17062
21451 10742 16291
10742 16291 21451
16291 10742 21451
24209 2983 25908
25908 2983 24209
2983 24209 25908
18100 16385 28162
28162 16385 18100
16385 18100 28162
15337 6901 7224
6901 7224 15337
7224 6901 15337
23962 10060 18739
10060 18739 23962
18739 10060 23962
13741 1026 24625
24625 1026 13741
1026 13741 24625
5022 1279 17996
1279 5022 17996
17996 1279 5022
21128 2389 7574
2389 7574 21128
7574 2389 21128
26458 366 15329
366 15329 26458
15329 366 26458
25597 21922 28105
21922 25597 28105
28105 21922 25597
19493 13417 13556
13556 13417 19493
13417 13556 19493
25474 3189 27367
27367 3189 25474
3189 25474 27367
1578 8927 10152
8927 1578 10152
10152 1578 8927
1905 7857 11564
7857 1905 11564
11564 1905 7857
24085 23564 28052
28052 23564 24085
23564 24085 28052
19589 26607 29639
26607 19589 29639
29639 19589 26607
7037 13297 18718
18718 7037 13297
13297 7037 18718
306 12320 24205
24205 306 12320
12320 306 24205
14688 180 19688
19688 180 14688
180 14688 19688
13238 16560 21771
16560 13238 21771
21771 13238 16560
22835 4419 4917
4419 4917 22835
4917 4419 22835
6991 982 6952
6952 982 6991
982 6952 6991
24552 10301 12902
12902 10301 24552
10301 12902 24552
7951 21223 24013
21223 7951 24013
24013 7951 21223
102 7875 24844
7875 102 24844
24844 102 7875
24990 2908 10478
10478 2908 24990
2908 10478 24990
22489 21602 22682
21602 22489 22682
22682 21602 22489
27378 7630 27660
7630 27378 27660
27660 7630 27378
28844 4350 12196
4350 12196 28844
12196 4350 28844
27107 3041 15052
3041 15052 27107
15052 3041 27107
14319 16093 25497
25497 14319 16093
16093 14319 25497
7193 26940 28848
28848 7193 26940
26940 7193 28848
10531 14594 28768
28768 10531 14594
14594 10531 28768
5462 4288 21605
4288 5462 21605
21605 4288 5462
23260 7098 15143
7098 15143 23260
15143 7098 23260
25239 4643 7711
4643 7711 25239
7711 4643 25239
21352 7446 17504
17504 7446 21352
7446 17504 21352
11397 7721 11230
11230 7721 11397
7721 11230 11397
25557 14381 21710
14381 21710 25557
21710 14381 25557
8443 9082 27050
9082 8443 27050
27050 8443 9082
27693 1429 12185
12185 1429 27693
1429 12185 27693
16075 1625 9390
1625 9390 16075
9390 1625 16075
3957 4678 19372
4678 3957 19372
19372 3957 4678
11840 16820 22768
22768 11840 16820
16820 11840 22768
14769 7804 12865
12865 7804 14769
7804 12865 14769
20066 1929 6571
1929 6571 20066
6571 1929 20066
5611 2562 13479
13479 2562 5611
2562 5611 13479
13273 12421 14505
14505 12421 13273
12421 13273 14505
20301 27374 28622
27374 20301 28622
28622 20301 27374
17909 15375 18763
18763 15375 17909
15375 17909 18763
7 1937 23318
1937 7 23318
23318 7 1937
18403 9213 26242
9213 18403 26242
26242 9213 18403
12929 8029 8705
8029 8705 12929
8705 8029 12929
27214 12510 22916
22916 12510 27214
12510 22916 27214
23492 7426 19832
19832 7426 23492
7426 19832 23492
12986 3716 9086
9086 3716 12986
3716 9086 12986
5904 7112 8337
8337 5904 7112
7112 5904 8337
12041 9247 12939
12939 9247 12041
9247 12041 12939
468 1690 13915
13915 468 1690
1690 468 13915
3835 6133 22050
6133 3835 22050
22050 3835 6133
12337 2342 16857
16857 2342 12337
2342 12337 16857
14454 5581 7737
5581 7737 14454
7737 5581 14454
15484 18402 22829
18402 15484 22829
22829 15484 18402
6027 6410 21465
6410 6027 21465
21465 6027 6410
22899 2842 26758
2842 22899 26758
26758 2842 22899
3464 7684 14278
14278 3464 7684
7684 3464 14278
28982 20121 20888
20121 20888 28982
20888 20121 28982
11020 289 18209
289 11020 18209
18209 289 11020
26432 15804 24055
24055 15804 26432
15804 24055 26432
27233 12002 29079
29079 12002 27233
12002 27233 29079
1619 1403 6810
6810 1403 1619
1403 1619 6810
10067 6457 27380
27380 6457 10067
6457 10067 27380
723 12075 25162
12075 723 25162
25162 723 12075
617 21587 21935
21587 617 21935
21935 617 21587
8082 4944 5332
5332 4944 8082
4944 5332 8082
16069 25630 26423
26423 16069 25630
25630 16069 26423
20755 4663 29734
4663 20755 29734
29734 4663 20755
19326 1518 17039
1518 17039 19326
17039 1518 19326
15390 15224 23368
23368 15224 15390
15224 15390 23368
3976 7283 25801
7283 3976 25801
25801 3976 7283
13127 1794 4323
1794 4323 13127
4323 1794 13127
29648 3347 19042
3347 19042 29648
19042 3347 29648
9582 2501 4214
4214 2501 9582
2501 4214 9582
25519 1949 11488
1949 11488 25519
11488 1949 25519
22560 118 2658
2658 118 22560
118 2658 22560
16852 4693 20761
4693 16852 20761
20761 4693 16852
21104 4336 12427
4336 12427 21104
12427 4336 21104
24736 25217 25365
25365 24736 25217
25217 24736 25365
10092 8457 25383
8457 10092 25383
25383 8457 10092
23028 9913 15712
15712 9913 23028
9913 15712 23028
18373 12889 19087
19087 12889 18373
12889 18373 19087
8052 19243 28438
19243 8052 28438
28438 8052 19243
15293 3123 10857
3123 10857 15293
10857 3123 15293
26901 23936 29046
23936 26901 29046
29046 23936 26901
