5721 4592 5468
4592 5468 5721
5468 4592 5721
1740 11008 11427
11008 1740 11427
11427 1740 11008
12412 665 10339
10339 665 12412
665 10339 12412
3904 10686 10969
10686 3904 10969
10969 3904 10686
12575 805 11550
805 11550 12575
11550 805 12575
3354 1394 1970
1970 1394 3354
1394 1970 3354
14598 5148 10572
10572 5148 14598
5148 10572 14598
3682 10220 12312
12312 3682 10220
10220 3682 12312
9990 5316 7449
5316 7449 9990
7449 5316 9990
1195 6914 13359
13359 1195 6914
6914 1195 13359
11608 6768 9380
9380 6768 11608
6768 9380 11608
2605 4361 8013
4361 2605 8013
8013 2605 4361
10487 8892 14976
14976 8892 10487
8892 10487 14976
6661 4331 13365
4331 6661 13365
13365 4331 6661
7623 9006 11581
9006 7623 11581
11581 7623 9006
11081 4534 14101
14101 4534 11081
4534 11081 14101
13234 8817 13077
13077 8817 13234
8817 13077 13234
10722 1368 14116
14116 1368 10722
1368 10722 14116
12759 2453 11327
2453 11327 12759
11327 2453 12759
11684 10700 12353
10700 11684 12353
12353 10700 11684
10648 90 8704
8704 90 10648
90 8704 10648
676 7295 9910
9910 676 7295
7295 676 9910
6728 9140 12102
9140 6728 12102
12102 6728 9140
8039 3097 4733
3097 4733 8039
4733 3097 8039
12090 2245 4898
2245 4898 12090
4898 2245 12090
14345 12137 12327
12327 12137 14345
12137 12327 14345
14379 9605 13499
13499 9605 14379
9605 13499 14379
838 12922 13770
13770 838 12922
12922 838 13770
584 4060 5737
5737 584 4060
4060 584 5737
9210 4070 6515
4070 6515 9210
6515 4070 9210
529 162 13204
162 529 13204
13204 162 529
13646 1685 6306
6306 1685 13646
1685 6306 13646
14450 2656 14179
14179 2656 14450
2656 14179 14450
3491 6925 13354
13354 3491 6925
6925 3491 13354
6354 382 6825
382 6354 6825
6825 382 6354
14941 4359 11339
4359 11339 14941
11339 4359 14941
11095 6998 13803
13803 6998 11095
6998 11095 13803
10348 6516 10803
6516 10348 10803
10803 6516 10348
3382 5448 7314
5448 3382 7314
7314 3382 5448
14882 7578 11815
11815 7578 14882
7578 11815 14882
3905 354 12830
12830 354 3905
354 3905 12830
10617 3507 5828
3507 5828 10617
5828 3507 10617
5587 903 7150
903 5587 7150
7150 903 5587
2535 1701 5700
5700 1701 2535
1701 2535 5700
2047 9701 13248
13248 2047 9701
9701 2047 13248
6939 894 8270
8270 894 6939
894 6939 8270
3299 8434 11022
11022 3299 8434
8434 3299 11022
12409 3543 12051
3543 12051 12409
12051 3543 12409
6883 1188 7042
7042 1188 6883
1188 6883 7042
6520 11626 11775
11626 6520 11775
11775 6520 11626
5618 3530 11696
3530 5618 11696
11696 3530 5618
14685 7879 8428
8428 7879 14685
7879 8428 14685
8918 3395 6173
3395 6173 8918
6173 3395 8918
2526 1051 12319
12319 1051 2526
1051 2526 12319
824 857 12661
12661 824 857
857 824 12661
9344 1594 8783
1594 8783 9344
8783 1594 9344
6672 3336 9418
9418 3336 6672
3336 6672 9418
6124 468 2480
2480 468 6124
468 2480 6124
1783 3046 4527
3046 1783 4527
4527 1783 3046
8007 6907 11609
11609 6907 8007
6907 8007 11609
8150 2498 3321
3321 2498 8150
2498 3321 8150
1936 1555 7901
1555 1936 7901
7901 1555 1936
11941 524 11064
11064 524 11941
524 11064 11941
8412 10010 11473
11473 8412 10010
10010 8412 11473
6014 2770 13318
13318 2770 6014
2770 6014 13318
3767 12577 13151
12577 3767 13151
13151 3767 12577
8874 1905 7305
1905 7305 8874
7305 1905 8874
5183 950 14562
14562 950 5183
950 5183 14562
3450 1466 11560
1466 3450 11560
11560 1466 3450
3960 790 8090
790 3960 8090
8090 790 3960
12576 8596 12574
8596 12574 12576
12574 8596 12576
6531 7630 7868
7868 6531 7630
7630 6531 7868
1809 12172 13243
12172 1809 13243
13243 1809 12172
8084 4138 4622
4138 4622 8084
4622 4138 8084
9456 3933 13146
3933 9456 13146
13146 3933 9456
13338 440 9926
440 9926 13338
9926 440 13338
9065 1060 9901
9901 1060 9065
1060 9065 9901
10079 3869 9567
9567 3869 10079
3869 9567 10079
2574 1898 7554
7554 1898 2574
1898 2574 7554
1849 10351 13994
13994 1849 10351
10351 1849 13994
406 2240 3096
3096 406 2240
2240 406 3096
4144 4638 9714
4638 4144 9714
9714 4144 4638
9787 2085 8315
2085 8315 9787
8315 2085 9787
9617 8181 10119
8181 9617 10119
10119 8181 9617
14043 1254 1705
1705 1254 14043
1254 1705 14043
5876 2179 7147
7147 2179 5876
2179 5876 7147
6160 5982 7953
7953 5982 6160
5982 6160 7953
6322 1024 1196
1196 1024 6322
1024 1196 6322
12645 5880 12855
12855 5880 12645
5880 12645 12855
5156 639 9282
639 5156 9282
9282 639 5156
1650 4030 5415
5415 1650 4030
4030 1650 5415
12027 6737 7715
7715 6737 12027
6737 7715 12027
5846 2100 10053
2100 5846 10053
10053 2100 5846
1582 5788 8340
8340 1582 5788
5788 1582 8340
6198 2241 2845
2241 2845 6198
2845 2241 6198
76 6311 8762
6311 76 8762
8762 76 6311
13679 5840 9181
9181 5840 13679
5840 9181 13679
112 1677 13342
1677 112 13342
13342 112 1677
7269 58 6071
6071 58 7269
58 6071 7269
2262 2806 5921
2806 2262 5921
5921 2262 2806
7182 8235 9149
8235 7182 9149
9149 7182 8235
8901 1416 10574
1416 8901 10574
10574 1416 8901
9772 9681 11334
9681 9772 11334
11334 9681 9772
803 10371 12753
12753 803 10371
10371 803 12753
9002 4792 13503
13503 4792 9002
4792 9002 13503
6686 660 9673
9673 660 6686
660 6686 9673
14175 426 11592
11592 426 14175
426 11592 14175
740 3251 8856
3251 740 8856
8856 740 3251
14126 2371 5320
2371 5320 14126
5320 2371 14126
7233 13452 13501
13501 7233 13452
13452 7233 13501
7708 2441 14993
14993 2441 7708
2441 7708 14993
7435 12536 13220
12536 7435 13220
13220 7435 12536
6772 380 7163
380 6772 7163
7163 380 6772
3989 5764 11202
5764 3989 11202
11202 3989 5764
14674 443 13115
13115 443 14674
443 13115 14674
8356 7499 14706
14706 7499 8356
7499 8356 14706
5143 2119 11578
2119 5143 11578
11578 2119 5143
5682 2258 10743
10743 2258 5682
2258 5682 10743
14432 6941 8956
6941 8956 14432
8956 6941 14432
3284 4964 13314
13314 3284 4964
4964 3284 13314
10670 2982 13153
2982 10670 13153
13153 2982 10670
6543 1966 13945
13945 1966 6543
1966 6543 13945
13379 6193 11465
11465 6193 13379
6193 11465 13379
11424 5925 13013
13013 5925 11424
5925 11424 13013
8234 4232 14080
4232 8234 14080
14080 4232 8234
11421 1475 6848
1475 6848 11421
6848 1475 11421
11312 7954 11523
7954 11312 11523
11523 7954 11312
7358 3072 13763
3072 7358 13763
13763 3072 7358
7916 5672 6993
6993 5672 7916
5672 6993 7916
3602 8621 12106
12106 3602 8621
8621 3602 12106
11705 2709 4238
2709 4238 11705
4238 2709 11705
6436 6500 11817
11817 6436 6500
6500 6436 11817
7401 715 9258
715 7401 9258
9258 715 7401
7458 407 3676
3676 407 7458
407 3676 7458
7816 5237 13676
5237 7816 13676
13676 5237 7816
14328 5154 11306
5154 11306 14328
11306 5154 14328
2275 4316 11749
4316 2275 11749
11749 2275 4316
8566 2475 13600
2475 8566 13600
13600 2475 8566
12096 1295 13910
1295 12096 13910
13910 1295 12096
11847 8352 13062
8352 11847 13062
13062 8352 11847
14486 4114 6088
4114 6088 14486
6088 4114 14486
2628 8361 11818
11818 2628 8361
8361 2628 11818
3748 4387 12767
4387 3748 12767
12767 3748 4387
1327 10938 11981
11981 1327 10938
10938 1327 11981
2292 7448 13665
7448 2292 13665
13665 2292 7448
14316 7697 13620
7697 13620 14316
13620 7697 14316
8493 10548 10774
10774 8493 10548
10548 8493 10774
3340 178 10284
10284 178 3340
178 3340 10284
1460 8706 11569
8706 1460 11569
11569 1460 8706
13106 2340 6016
6016 2340 13106
2340 6016 13106
3197 976 4429
976 3197 4429
4429 976 3197
14361 12822 13533
12822 13533 14361
13533 12822 14361
6053 7327 8959
7327 6053 8959
8959 6053 7327
14845 3726 13324
13324 3726 14845
3726 13324 14845
6706 3741 11806
3741 6706 11806
11806 3741 6706
14783 10869 14865
10869 14783 14865
14865 10869 14783
1695 3374 9004
3374 1695 9004
9004 1695 3374
11170 7997 9527
7997 9527 11170
9527 7997 11170
14147 5853 11478
5853 11478 14147
11478 5853 14147
9541 1383 13979
13979 1383 9541
1383 9541 13979
12741 9318 14852
9318 12741 14852
14852 9318 12741
14940 5030 10424
5030 10424 14940
10424 5030 14940
8360 1219 10330
10330 1219 8360
1219 8360 10330
4583 11358 14082
14082 4583 11358
11358 4583 14082
1483 4864 9983
4864 1483 9983
9983 1483 4864
10886 22 7830
22 7830 10886
7830 22 10886
14813 5188 14140
14140 5188 14813
5188 14140 14813
1637 3968 12141
12141 1637 3968
3968 1637 12141
12513 11091 14494
14494 11091 12513
11091 12513 14494
8784 3911 9152
3911 8784 9152
9152 3911 8784
9818 1575 5134
1575 5134 9818
5134 1575 9818
8141 9424 13929
9424 8141 13929
13929 8141 9424
3592 60 13543
60 3592 13543
13543 60 3592
491 539 4221
4221 491 539
539 491 4221
12348 557 13618
13618 557 12348
557 12348 13618
12094 2479 14317
14317 2479 12094
2479 12094 14317
2160 190 12593
12593 190 2160
190 2160 12593
3830 2581 7978
2581 3830 7978
7978 2581 3830
2503 156 1305
1305 156 2503
156 1305 2503
4101 1931 13539
13539 1931 4101
1931 4101 13539
7853 10017 14474
14474 7853 10017
10017 7853 14474
1581 5675 9947
9947 1581 5675
5675 1581 9947
5768 5893 13704
5893 5768 13704
13704 5768 5893
5474 2359 12139
2359 5474 12139
12139 2359 5474
3431 7011 14627
14627 3431 7011
7011 3431 14627
8657 5290 10364
10364 5290 8657
5290 8657 10364
6942 121 11691
121 6942 11691
11691 121 6942
13216 605 10879
605 10879 13216
10879 605 13216
12712 8821 10783
8821 10783 12712
10783 8821 12712
7543 9844 10301
9844 7543 10301
10301 7543 9844
4803 2363 9158
2363 4803 9158
9158 2363 4803
1573 1469 12022
1469 1573 12022
12022 1469 1573
214 3486 14919
3486 214 14919
14919 214 3486
2108 3920 12435
12435 2108 3920
3920 2108 12435
9584 1292 14282
1292 9584 14282
14282 1292 9584
9803 4661 6472
4661 6472 9803
6472 4661 9803
14160 7343 14398
14398 7343 14160
7343 14160 14398
5729 7456 7863
7456 5729 7863
7863 5729 7456
12511 3308 10031
3308 10031 12511
10031 3308 12511
10639 4481 12862
12862 4481 10639
4481 10639 12862
14452 1005 12245
12245 1005 14452
1005 12245 14452
8667 11570 12115
11570 8667 12115
12115 8667 11570
3256 10549 14587
14587 3256 10549
10549 3256 14587
3487 6740 7057
7057 3487 6740
6740 3487 7057
2229 5166 5397
5166 2229 5397
5397 2229 5166
12745 7903 9971
7903 9971 12745
9971 7903 12745
1925 2009 12500
12500 1925 2009
2009 1925 12500
5544 5315 5450
5315 5450 5544
5450 5315 5544
9251 10582 10752
10582 9251 10752
10752 9251 10582
5654 3405 8207
3405 5654 8207
8207 3405 5654
8997 7004 8396
8396 7004 8997
7004 8396 8997
10022 5705 5972
5705 5972 10022
5972 5705 10022
681 1732 8196
1732 681 8196
8196 681 1732
14572 494 5686
5686 494 14572
494 5686 14572
794 7474 10942
10942 794 7474
7474 794 10942
7406 2699 5280
2699 5280 7406
5280 2699 7406
2923 978 9206
978 2923 9206
9206 978 2923
333 4367 14887
14887 333 4367
4367 333 14887
12078 4366 4653
4653 4366 12078
4366 4653 12078
6367 1568 12050
1568 6367 12050
12050 1568 6367
10901 585 863
585 863 10901
863 585 10901
14933 2795 4632
4632 2795 14933
2795 4632 14933
1965 5803 14460
14460 1965 5803
5803 1965 14460
3104 14975 15000
14975 3104 15000
15000 3104 14975
4292 2002 10443
2002 4292 10443
10443 2002 4292
12215 8618 10465
8618 10465 12215
10465 8618 12215
7905 3977 5486
3977 5486 7905
5486 3977 7905
13415 402 6362
6362 402 13415
402 6362 13415
3161 4709 7846
4709 3161 7846
7846 3161 4709
1538 8053 10408
8053 1538 10408
10408 1538 8053
14513 562 10420
562 10420 14513
10420 562 14513
1643 6874 13892
13892 1643 6874
6874 1643 13892
7867 415 9414
415 7867 9414
9414 415 7867
12942 3135 5715
5715 3135 12942
3135 5715 12942
6940 7880 9074
7880 6940 9074
9074 6940 7880
3271 7820 13990
7820 3271 13990
13990 3271 7820
3936 1247 13576
13576 1247 3936
1247 3936 13576
8752 3273 12635
12635 3273 8752
3273 8752 12635
14213 5500 14759
14759 5500 14213
5500 14213 14759
3066 11333 12825
12825 3066 11333
11333 3066 12825
6048 5409 8982
8982 5409 6048
5409 6048 8982
10289 2910 3671
2910 3671 10289
3671 2910 10289
9829 6481 11548
11548 6481 9829
6481 9829 11548
10183 1676 10255
1676 10183 10255
10255 1676 10183
7261 5592 9937
5592 7261 9937
9937 5592 7261
3512 6141 7404
6141 3512 7404
7404 3512 6141
14520 220 11454
11454 220 14520
220 11454 14520
1658 2815 14218
2815 1658 14218
14218 1658 2815
6943 707 9596
707 6943 9596
9596 707 6943
6037 5124 10563
10563 5124 6037
5124 6037 10563
7935 2320 14397
2320 7935 14397
14397 2320 7935
4813 774 7723
774 4813 7723
7723 774 4813
5080 9011 13650
13650 5080 9011
9011 5080 13650
9213 1059 8643
8643 1059 9213
1059 8643 9213
11471 102 3056
102 3056 11471
3056 102 11471
1000 6061 6282
6282 1000 6061
6061 1000 6282
6489 5547 8839
8839 5547 6489
5547 6489 8839
4082 9273 9348
9348 4082 9273
9273 4082 9348
2202 3407 6820
3407 2202 6820
6820 2202 3407
6758 4163 4420
4420 4163 6758
4163 4420 6758
7049 10725 13924
10725 7049 13924
13924 7049 10725
5235 202 4085
4085 202 5235
202 4085 5235
1552 5551 12535
12535 1552 5551
5551 1552 12535
2323 5795 6610
6610 2323 5795
5795 2323 6610
12422 1144 1787
1787 1144 12422
1144 1787 12422
6944 8108 14890
14890 6944 8108
8108 6944 14890
10233 6705 14334
6705 10233 14334
14334 6705 10233
577 1181 5635
5635 577 1181
1181 577 5635
1638 2315 12556
2315 1638 12556
12556 1638 2315
4693 2151 7117
2151 4693 7117
7117 2151 4693
14611 2435 4820
4820 2435 14611
2435 4820 14611
12675 24 10179
10179 24 12675
24 10179 12675
1537 6872 13050
6872 1537 13050
13050 1537 6872
4416 2434 13180
2434 4416 13180
13180 2434 4416
802 1963 14233
14233 802 1963
1963 802 14233
3672 63 11836
63 3672 11836
11836 63 3672
8531 10471 13788
13788 8531 10471
10471 8531 13788
10508 4006 6181
6181 4006 10508
4006 6181 10508
7218 3338 11396
11396 3338 7218
3338 7218 11396
10703 9272 14192
14192 9272 10703
9272 10703 14192
11982 3463 5422
3463 5422 11982
5422 3463 11982
9046 3365 13247
3365 9046 13247
13247 3365 9046
7270 2422 10638
10638 2422 7270
2422 7270 10638
13864 10791 12541
10791 12541 13864
12541 10791 13864
13594 5062 5258
5062 5258 13594
5258 5062 13594
5417 6068 7008
7008 5417 6068
6068 5417 7008
11142 6376 12945
12945 6376 11142
6376 11142 12945
9705 4823 13035
13035 4823 9705
4823 9705 13035
9224 6047 12456
12456 6047 9224
6047 9224 12456
7281 10410 11342
11342 7281 10410
10410 7281 11342
7831 2269 6885
2269 6885 7831
6885 2269 7831
14567 9537 12640
12640 9537 14567
9537 12640 14567
9111 6103 14238
14238 6103 9111
6103 9111 14238
4140 5999 12567
5999 4140 12567
12567 4140 5999
2588 1508 8062
8062 1508 2588
1508 2588 8062
10789 705 5091
705 5091 10789
5091 705 10789
11032 9649 12637
12637 9649 11032
9649 11032 12637
11244 11534 13358
11534 11244 13358
13358 11244 11534
2662 160 4228
4228 160 2662
160 2662 4228
14911 8020 11135
8020 11135 14911
11135 8020 14911
6665 2329 12174
2329 6665 12174
12174 2329 6665
14682 4487 8876
8876 4487 14682
4487 8876 14682
8131 888 12426
12426 888 8131
888 8131 12426
13980 999 14632
999 13980 14632
14632 999 13980
8114 4746 6704
6704 4746 8114
4746 6704 8114
5482 1310 13014
13014 1310 5482
1310 5482 13014
1764 9958 12726
12726 1764 9958
9958 1764 12726
9678 2489 11061
11061 2489 9678
2489 9678 11061
3459 7376 12121
7376 3459 12121
12121 3459 7376
2995 1194 12943
1194 2995 12943
12943 1194 2995
12791 1794 10262
1794 10262 12791
10262 1794 12791
8268 2279 12302
2279 8268 12302
12302 2279 8268
8966 2697 14705
2697 8966 14705
14705 2697 8966
6613 6700 11203
11203 6613 6700
6700 6613 11203
3411 5722 7908
5722 3411 7908
7908 3411 5722
6976 2013 13759
13759 2013 6976
2013 6976 13759
6334 1583 8550
8550 1583 6334
1583 6334 8550
13813 4261 12118
4261 12118 13813
12118 4261 13813
6602 4940 11166
4940 6602 11166
11166 4940 6602
10536 5559 12095
5559 10536 12095
12095 5559 10536
4868 7274 9499
7274 4868 9499
9499 4868 7274
3243 1592 12461
1592 3243 12461
12461 1592 3243
502 1842 12471
12471 502 1842
1842 502 12471
13830 4326 6448
4326 6448 13830
6448 4326 13830
3578 4268 4775
4268 3578 4775
4775 3578 4268
9119 4528 9517
4528 9119 9517
9517 4528 9119
10206 1877 7446
1877 7446 10206
7446 1877 10206
7553 8404 12994
8404 7553 12994
12994 7553 8404
3782 2935 13839
13839 2935 3782
2935 3782 13839
13265 7078 8525
8525 7078 13265
7078 8525 13265
10128 4400 13221
4400 10128 13221
13221 4400 10128
13175 11129 14491
14491 11129 13175
11129 13175 14491
11481 2200 5376
5376 2200 11481
2200 5376 11481
205 138 10539
138 205 10539
10539 138 205
982 4105 6371
4105 982 6371
6371 982 4105
8413 12061 14076
12061 8413 14076
14076 8413 12061
9935 1370 5755
5755 1370 9935
1370 5755 9935
3907 6604 8454
6604 3907 8454
8454 3907 6604
439 10601 14395
14395 439 10601
10601 439 14395
12242 166 4921
166 4921 12242
4921 166 12242
3519 4680 10300
4680 3519 10300
10300 3519 4680
6987 8758 8827
8827 6987 8758
8758 6987 8827
10740 1721 7938
7938 1721 10740
1721 7938 10740
10374 649 6557
649 6557 10374
6557 649 10374
2544 3817 14427
14427 2544 3817
3817 2544 14427
2519 3775 7662
3775 2519 7662
7662 2519 3775
13825 5231 12709
5231 12709 13825
12709 5231 13825
7289 4339 11475
11475 4339 7289
4339 7289 11475
6303 7470 8617
7470 6303 8617
8617 6303 7470
3799 3722 10694
10694 3722 3799
3722 3799 10694
7664 92 11535
11535 92 7664
92 7664 11535
9180 6397 12334
6397 9180 12334
12334 6397 9180
11372 1687 9878
9878 1687 11372
1687 9878 11372
42 342 11112
342 42 11112
11112 42 342
13804 7755 12706
7755 12706 13804
12706 7755 13804
4143 9 3032
9 3032 4143
3032 9 4143
2936 4313 10611
4313 2936 10611
10611 2936 4313
9340 2271 14444
2271 9340 14444
14444 2271 9340
2900 3652 4020
4020 2900 3652
3652 2900 4020
11873 3829 14210
14210 3829 11873
3829 11873 14210
2722 3250 7120
3250 2722 7120
7120 2722 3250
4442 8136 14791
14791 4442 8136
8136 4442 14791
5971 2357 9175
9175 2357 5971
2357 5971 9175
12303 1779 14608
14608 1779 12303
1779 12303 14608
12219 6486 12069
6486 12069 12219
12069 6486 12219
14038 3478 10214
3478 10214 14038
10214 3478 14038
7074 11024 11141
11141 7074 11024
11024 7074 11141
5332 11780 13860
11780 5332 13860
13860 5332 11780
11877 618 9621
618 9621 11877
9621 618 11877
6895 2169 2874
2169 2874 6895
2874 2169 6895
7877 264 4065
264 4065 7877
4065 264 7877
4535 8544 14272
14272 4535 8544
8544 4535 14272
8970 6475 8662
8662 6475 8970
6475 8662 8970
1450 10257 13440
13440 1450 10257
10257 1450 13440
2023 12293 14468
14468 2023 12293
12293 2023 14468
7048 289 14442
289 7048 14442
14442 289 7048
13079 4839 5815
5815 4839 13079
4839 5815 13079
4991 5127 13467
13467 4991 5127
5127 4991 13467
9644 279 14764
14764 279 9644
279 9644 14764
1140 6932 11075
6932 1140 11075
11075 1140 6932
8323 8824 13936
8824 8323 13936
13936 8323 8824
257 6344 8248
6344 257 8248
8248 257 6344
8518 1011 1713
1011 1713 8518
1713 1011 8518
13128 3979 7530
3979 7530 13128
7530 3979 13128
5877 3084 3514
3084 3514 5877
3514 3084 5877
6674 3150 6043
6043 3150 6674
3150 6043 6674
12055 10302 11019
11019 10302 12055
10302 11019 12055
6083 1468 10303
1468 6083 10303
10303 1468 6083
12134 3359 5968
5968 3359 12134
3359 5968 12134
7073 3195 12493
12493 3195 7073
3195 7073 12493
13177 2111 5419
5419 2111 13177
2111 5419 13177
273 3293 8395
8395 273 3293
3293 273 8395
2448 2877 7235
7235 2448 2877
2877 2448 7235
11736 535 14166
535 11736 14166
14166 535 11736
13178 2230 12023
2230 12023 13178
12023 2230 13178
9915 1364 9110
9110 1364 9915
1364 9110 9915
13757 12232 13793
12232 13757 13793
13793 12232 13757
848 4870 11316
11316 848 4870
4870 848 11316
9269 5978 11740
11740 5978 9269
5978 9269 11740
2927 2189 11263
2189 2927 11263
11263 2189 2927
11688 4016 6662
6662 4016 11688
4016 6662 11688
9114 9773 11781
9773 9114 11781
11781 9114 9773
1938 6606 14633
14633 1938 6606
6606 1938 14633
10734 7596 8677
8677 7596 10734
7596 8677 10734
6786 272 13426
13426 272 6786
272 6786 13426
6702 12483 13624
13624 6702 12483
12483 6702 13624
9811 11257 13031
13031 9811 11257
11257 9811 13031
11273 7177 11359
7177 11273 11359
11359 7177 11273
6733 5556 10045
5556 6733 10045
10045 5556 6733
10386 2134 6246
6246 2134 10386
2134 6246 10386
14671 1277 12529
12529 1277 14671
1277 12529 14671
5792 4155 10342
10342 4155 5792
4155 5792 10342
12560 6146 11493
6146 11493 12560
11493 6146 12560
1390 10709 12257
10709 1390 12257
12257 1390 10709
6312 1445 14810
14810 1445 6312
1445 6312 14810
8867 3498 7583
7583 3498 8867
3498 7583 8867
10899 4454 10786
4454 10786 10899
10786 4454 10899
8030 1697 10039
1697 8030 10039
10039 1697 8030
13439 1308 12423
12423 1308 13439
1308 12423 13439
2006 5723 10726
10726 2006 5723
5723 2006 10726
14039 9837 9994
9994 9837 14039
9837 9994 14039
2392 3503 13367
3503 2392 13367
13367 2392 3503
10516 2174 14830
2174 10516 14830
14830 2174 10516
13456 4477 13369
4477 13369 13456
13369 4477 13456
5724 1357 13781
13781 1357 5724
1357 5724 13781
13544 6846 9659
9659 6846 13544
6846 9659 13544
5014 10218 11636
10218 5014 11636
11636 5014 10218
7811 8106 8711
8711 7811 8106
8106 7811 8711
11444 3466 7854
7854 3466 11444
3466 7854 11444
2811 4441 6656
4441 2811 6656
6656 2811 4441
1437 10941 12113
10941 1437 12113
12113 1437 10941
732 13295 14430
14430 732 13295
13295 732 14430
8977 6682 10470
10470 6682 8977
6682 8977 10470
2797 11378 12847
12847 2797 11378
11378 2797 12847
2905 3038 4748
3038 2905 4748
4748 2905 3038
6157 2102 14025
14025 2102 6157
2102 6157 14025
6804 3489 7590
7590 3489 6804
3489 6804 7590
10761 8205 11389
11389 8205 10761
8205 10761 11389
2560 3729 14530
3729 2560 14530
14530 2560 3729
3890 7876 14130
14130 3890 7876
7876 3890 14130
5535 2834 3878
2834 3878 5535
3878 2834 5535
5382 3471 5458
5458 3471 5382
3471 5382 5458
2003 9000 12543
12543 2003 9000
9000 2003 12543
758 5995 13865
13865 758 5995
5995 758 13865
12768 8474 10845
8474 10845 12768
10845 8474 12768
13715 3163 13817
3163 13715 13817
13817 3163 13715
13925 1385 4398
1385 4398 13925
4398 1385 13925
5266 5466 8139
8139 5266 5466
5466 5266 8139
6168 8615 12531
12531 6168 8615
8615 6168 12531
10466 1225 14188
1225 10466 14188
14188 1225 10466
10954 4884 5590
4884 5590 10954
5590 4884 10954
2821 6473 10843
6473 2821 10843
10843 2821 6473
12811 1774 2734
1774 2734 12811
2734 1774 12811
5752 3166 8834
3166 5752 8834
8834 3166 5752
5739 12004 12363
12363 5739 12004
12004 5739 12363
995 5202 9652
5202 995 9652
9652 995 5202
26 1381 5948
1381 26 5948
5948 26 1381
2527 7432 13800
13800 2527 7432
7432 2527 13800
12680 180 3567
3567 180 12680
180 3567 12680
14502 3663 7203
3663 7203 14502
7203 3663 14502
8664 403 9423
9423 403 8664
403 8664 9423
7733 4555 13574
13574 4555 7733
4555 7733 13574
13259 4244 9723
4244 9723 13259
9723 4244 13259
6507 6305 12569
6305 6507 12569
12569 6305 6507
8985 6375 8309
8309 6375 8985
6375 8309 8985
5135 1354 6240
1354 5135 6240
6240 1354 5135
2152 2881 3879
3879 2152 2881
2881 2152 3879
14451 6118 12669
12669 6118 14451
6118 12669 14451
7995 12402 14603
12402 7995 14603
14603 7995 12402
12714 114 7947
7947 114 12714
114 7947 12714
3494 6490 11254
6490 3494 11254
11254 3494 6490
12568 7655 8025
7655 8025 12568
8025 7655 12568
11387 10346 10814
10346 10814 11387
10814 10346 11387
13811 8922 11146
8922 11146 13811
11146 8922 13811
4327 390 11071
11071 390 4327
390 4327 11071
1382 6664 11856
6664 1382 11856
11856 1382 6664
7466 12530 14067
12530 7466 14067
14067 7466 12530
11070 1944 8348
8348 1944 11070
1944 8348 11070
5444 2470 5388
5388 2470 5444
2470 5388 5444
2929 9288 12336
9288 2929 12336
12336 2929 9288
10813 9740 11123
9740 10813 11123
11123 9740 10813
14336 12772 14284
12772 14284 14336
14284 12772 14336
14073 13525 14612
14612 13525 14073
13525 14073 14612
9079 2963 9618
2963 9079 9618
9618 2963 9079
6134 767 10975
767 6134 10975
10975 767 6134
10125 201 14418
14418 201 10125
201 10125 14418
9263 368 12805
368 9263 12805
12805 368 9263
12729 430 1179
430 1179 12729
1179 430 12729
12299 7155 9722
7155 9722 12299
9722 7155 12299
1345 3780 14268
3780 1345 14268
14268 1345 3780
13033 6147 11632
11632 6147 13033
6147 11632 13033
14399 10970 12097
10970 12097 14399
12097 10970 14399
13568 1365 4493
4493 1365 13568
1365 4493 13568
10902 2419 9551
2419 9551 10902
9551 2419 10902
9991 2902 4280
2902 4280 9991
4280 2902 9991
2064 10480 11038
11038 2064 10480
10480 2064 11038
12305 347 7649
7649 347 12305
347 7649 12305
9658 10894 14028
10894 9658 14028
14028 9658 10894
8346 3906 9293
9293 3906 8346
3906 8346 9293
14508 7192 8929
8929 7192 14508
7192 8929 14508
10479 4750 4836
4836 4750 10479
4750 4836 10479
39 6112 9680
6112 39 9680
9680 39 6112
1696 2276 8341
2276 1696 8341
8341 1696 2276
12249 52 3591
3591 52 12249
52 3591 12249
4972 2775 6666
6666 2775 4972
2775 4972 6666
6148 13596 13709
13709 6148 13596
13596 6148 13709
2081 10242 12796
10242 2081 12796
12796 2081 10242
10865 8602 11554
8602 10865 11554
11554 8602 10865
5490 216 10312
10312 216 5490
216 5490 10312
2293 80 2055
80 2055 2293
2055 80 2293
12502 2375 7561
2375 7561 12502
7561 2375 12502
6669 545 3218
3218 545 6669
545 3218 6669
3736 4762 14517
14517 3736 4762
4762 3736 14517
4883 7001 11284
11284 4883 7001
7001 4883 11284
11375 4311 10090
4311 10090 11375
10090 4311 11375
12165 13303 14078
14078 12165 13303
13303 12165 14078
3633 140 9200
140 3633 9200
9200 140 3633
6291 2306 14312
2306 6291 14312
14312 2306 6291
1320 7040 12515
7040 1320 12515
12515 1320 7040
4916 8137 9461
8137 4916 9461
9461 4916 8137
10514 563 5299
5299 563 10514
563 5299 10514
13322 11845 14741
14741 11845 13322
11845 13322 14741
4749 4613 10687
4613 4749 10687
10687 4613 4749
3621 513 12223
513 3621 12223
12223 513 3621
11069 4198 10565
4198 10565 11069
10565 4198 11069
9471 2005 8647
2005 8647 9471
8647 2005 9471
9624 5123 14736
14736 5123 9624
5123 9624 14736
6422 578 7658
578 6422 7658
7658 578 6422
12887 5573 14999
5573 12887 14999
14999 5573 12887
11456 366 9142
9142 366 11456
366 9142 11456
108 253 457
253 108 457
457 108 253
6042 1315 5353
1315 5353 6042
5353 1315 6042
7956 2331 14173
14173 2331 7956
2331 7956 14173
5346 1838 11062
11062 1838 5346
1838 5346 11062
9770 6456 8043
8043 6456 9770
6456 8043 9770
13280 7726 8204
7726 8204 13280
8204 7726 13280
7922 10800 11965
10800 7922 11965
11965 7922 10800
13586 8128 9479
9479 8128 13586
8128 9479 13586
10109 6828 11777
6828 10109 11777
11777 6828 10109
1107 5210 5678
5678 1107 5210
5210 1107 5678
12891 511 9362
511 9362 12891
9362 511 12891
4409 7822 10964
7822 4409 10964
10964 4409 7822
13095 10196 12494
12494 10196 13095
10196 12494 13095
9685 1746 5418
5418 1746 9685
1746 5418 9685
14990 146 3594
3594 146 14990
146 3594 14990
1417 8476 10129
8476 1417 10129
10129 1417 8476
914 7878 13022
7878 914 13022
13022 914 7878
5269 1150 8501
1150 5269 8501
8501 1150 5269
1113 11027 11875
11027 1113 11875
11875 1113 11027
7216 3110 5527
3110 5527 7216
5527 3110 7216
8998 3499 9389
9389 3499 8998
3499 8998 9389
7767 7140 12632
12632 7140 7767
7140 7767 12632
4938 3506 9241
3506 4938 9241
9241 3506 4938
4523 3051 3144
3051 3144 4523
3144 3051 4523
7471 10092 10332
10332 7471 10092
10092 7471 10332
6471 5920 9067
5920 6471 9067
9067 5920 6471
8339 2326 5918
5918 2326 8339
2326 5918 8339
12262 7885 13184
13184 7885 12262
7885 12262 13184
12314 4057 7624
4057 7624 12314
7624 4057 12314
2284 5695 13111
5695 2284 13111
13111 2284 5695
10815 4177 11319
11319 4177 10815
4177 10815 11319
6191 6958 14949
14949 6191 6958
6958 6191 14949
10866 1873 2671
1873 2671 10866
2671 1873 10866
11464 4125 6045
4125 6045 11464
6045 4125 11464
10056 2082 10145
10145 2082 10056
2082 10056 10145
14061 3126 9810
3126 9810 14061
9810 3126 14061
13822 4469 13474
13474 4469 13822
4469 13474 13822
11553 6213 11939
11939 6213 11553
6213 11553 11939
1709 4012 5381
5381 1709 4012
4012 1709 5381
344 3842 11832
11832 344 3842
3842 344 11832
5531 6309 12727
12727 5531 6309
6309 5531 12727
4696 919 9303
919 4696 9303
9303 919 4696
14434 7619 9777
7619 9777 14434
9777 7619 14434
11728 2561 3684
2561 3684 11728
3684 2561 11728
7919 2825 10185
10185 2825 7919
2825 7919 10185
12571 466 11858
11858 466 12571
466 11858 12571
14253 5538 14786
14786 5538 14253
5538 14253 14786
10765 6217 10198
6217 10198 10765
10198 6217 10765
391 2678 5940
5940 391 2678
2678 391 5940
1752 340 1355
1355 340 1752
340 1355 1752
1373 1420 9432
9432 1373 1420
1420 1373 9432
10292 8782 12200
8782 10292 12200
12200 8782 10292
9211 229 7226
229 7226 9211
7226 229 9211
677 1223 11295
11295 677 1223
1223 677 11295
3260 2295 14482
2295 3260 14482
14482 2295 3260
1935 1180 11149
11149 1180 1935
1180 1935 11149
7236 7276 8972
7276 7236 8972
8972 7236 7276
10463 7824 8651
7824 8651 10463
8651 7824 10463
14036 1336 11720
11720 1336 14036
1336 11720 14036
11983 2566 2664
2566 2664 11983
2664 2566 11983
9540 12401 14013
12401 9540 14013
14013 9540 12401
12006 7296 12758
7296 12006 12758
12758 7296 12006
2462 2477 7798
7798 2462 2477
2477 2462 7798
392 5621 8228
8228 392 5621
5621 392 8228
10951 384 4450
4450 384 10951
384 4450 10951
4289 10834 12701
12701 4289 10834
10834 4289 12701
89 6295 11741
11741 89 6295
6295 89 11741
14300 2924 3088
2924 3088 14300
3088 2924 14300
1907 2000 14690
2000 1907 14690
14690 1907 2000
5800 1510 9350
9350 1510 5800
1510 5800 9350
14263 11830 12317
12317 11830 14263
11830 12317 14263
1584 2607 3128
3128 1584 2607
2607 1584 3128
8282 10310 11539
10310 8282 11539
11539 8282 10310
5350 5339 6926
6926 5339 5350
5339 5350 6926
8182 2522 6184
2522 6184 8182
6184 2522 8182
4349 11413 13636
11413 4349 13636
13636 4349 11413
2062 1902 4377
1902 2062 4377
4377 1902 2062
861 3320 11330
11330 861 3320
3320 861 11330
14168 1654 2473
2473 1654 14168
1654 2473 14168
6003 4913 5217
4913 5217 6003
5217 4913 6003
9012 6363 6912
6912 6363 9012
6363 6912 9012
335 2748 10606
10606 335 2748
2748 335 10606
6212 762 2487
762 2487 6212
2487 762 6212
6204 600 13070
600 6204 13070
13070 600 6204
12778 10076 13897
10076 12778 13897
13897 10076 12778
8685 6476 8833
8833 6476 8685
6476 8685 8833
1629 4396 14177
14177 1629 4396
4396 1629 14177
7146 12510 13778
13778 7146 12510
12510 7146 13778
8058 445 2349
445 2349 8058
2349 445 8058
2394 1149 6459
1149 2394 6459
6459 1149 2394
6093 811 13268
811 6093 13268
13268 811 6093
3267 4 2203
2203 4 3267
4 2203 3267
6123 4488 5992
5992 4488 6123
4488 5992 6123
9637 9159 14675
14675 9159 9637
9159 9637 14675
3555 187 12606
187 3555 12606
12606 187 3555
4108 9632 14745
14745 4108 9632
9632 4108 14745
11086 12292 14463
14463 11086 12292
12292 11086 14463
9469 2344 13484
13484 2344 9469
2344 9469 13484
4447 7797 12719
12719 4447 7797
7797 4447 12719
5888 5973 7351
7351 5888 5973
5973 5888 7351
8695 7069 12517
7069 8695 12517
12517 7069 8695
9611 6795 9236
6795 9236 9611
9236 6795 9611
11926 1191 8989
8989 1191 11926
1191 8989 11926
8277 12394 14085
12394 8277 14085
14085 8277 12394
8828 215 7580
7580 215 8828
215 7580 8828
11681 5401 6701
6701 5401 11681
5401 6701 11681
7061 6964 8915
8915 6964 7061
6964 7061 8915
4915 1244 7490
7490 1244 4915
1244 4915 7490
11332 359 4626
4626 359 11332
359 4626 11332
3635 1748 10599
10599 1748 3635
1748 3635 10599
5751 1269 3787
1269 3787 5751
3787 1269 5751
11186 3675 11340
11340 3675 11186
3675 11186 11340
3011 4900 8846
8846 3011 4900
4900 3011 8846
12503 5614 5684
5684 5614 12503
5614 5684 12503
8417 1726 8850
8850 1726 8417
1726 8417 8850
8670 859 1509
1509 859 8670
859 1509 8670
13294 4294 11917
11917 4294 13294
4294 11917 13294
8961 4779 10717
4779 8961 10717
10717 4779 8961
12173 4456 6205
6205 4456 12173
4456 6205 12173
5843 10931 12946
10931 5843 12946
12946 5843 10931
5029 902 1088
1088 902 5029
902 1088 5029
3479 3108 10416
10416 3108 3479
3108 3479 10416
8112 2224 11305
2224 8112 11305
11305 2224 8112
12281 2507 4666
2507 4666 12281
4666 2507 12281
13844 6299 12664
6299 12664 13844
12664 6299 13844
2368 12393 14823
14823 2368 12393
12393 2368 14823
13460 1978 14523
14523 1978 13460
1978 13460 14523
12863 4135 14243
4135 12863 14243
14243 4135 12863
4174 181 2624
2624 181 4174
181 2624 4174
819 5197 14329
5197 819 14329
14329 819 5197
14923 784 9107
784 9107 14923
9107 784 14923
14462 7617 9706
9706 7617 14462
7617 9706 14462
9300 2401 7656
2401 7656 9300
7656 2401 9300
1988 4329 11093
11093 1988 4329
4329 1988 11093
12018 3257 5476
3257 5476 12018
5476 3257 12018
2616 2889 4161
4161 2616 2889
2889 2616 4161
13421 1867 14470
14470 1867 13421
1867 13421 14470
7250 7320 14997
14997 7250 7320
7320 7250 14997
9352 4277 9743
9743 4277 9352
4277 9352 9743
11101 778 12979
12979 778 11101
778 11101 12979
9845 7679 14079
14079 7679 9845
7679 9845 14079
5957 8682 14305
8682 5957 14305
14305 5957 8682
12419 851 9031
9031 851 12419
851 9031 12419
12164 1786 14232
14232 1786 12164
1786 12164 14232
13425 3268 8172
8172 3268 13425
3268 8172 13425
1193 5914 10469
10469 1193 5914
5914 1193 10469
2761 3390 14894
14894 2761 3390
3390 2761 14894
9417 823 10838
823 9417 10838
10838 823 9417
11194 2903 6598
6598 2903 11194
2903 6598 11194
13515 499 8837
8837 499 13515
499 8837 13515
7524 515 14961
515 7524 14961
14961 515 7524
4933 8153 11765
11765 4933 8153
8153 4933 11765
2438 4610 12429
4610 2438 12429
12429 2438 4610
86 1692 7096
7096 86 1692
1692 86 7096
4249 7614 11469
7614 4249 11469
11469 4249 7614
14576 3173 13483
3173 13483 14576
13483 3173 14576
4724 5023 13500
5023 4724 13500
13500 4724 5023
230 11799 14895
14895 230 11799
11799 230 14895
488 1403 4701
1403 488 4701
4701 488 1403
10746 16 10030
10030 16 10746
16 10030 10746
6341 1358 9875
1358 6341 9875
9875 1358 6341
3764 3601 8763
3601 3764 8763
8763 3601 3764
3047 338 10684
338 3047 10684
10684 338 3047
9963 9208 10247
10247 9208 9963
9208 9963 10247
6130 1072 2219
1072 2219 6130
2219 1072 6130
13157 7271 10062
10062 7271 13157
7271 10062 13157
4500 148 9955
148 4500 9955
9955 148 4500
3239 5287 9888
9888 3239 5287
5287 3239 9888
12089 3716 14535
14535 3716 12089
3716 12089 14535
5674 6343 10793
10793 5674 6343
6343 5674 10793
4694 13496 14283
13496 4694 14283
14283 4694 13496
3085 6601 6782
6601 3085 6782
6782 3085 6601
3092 2778 7669
7669 2778 3092
2778 3092 7669
4372 3492 8104
3492 4372 8104
8104 3492 4372
10063 4081 14195
4081 10063 14195
14195 4081 10063
965 7788 8731
7788 965 8731
8731 965 7788
5776 3988 14381
14381 3988 5776
3988 5776 14381
8889 7541 10525
10525 7541 8889
7541 8889 10525
9646 3215 14699
14699 3215 9646
3215 9646 14699
11665 82 7555
82 7555 11665
7555 82 11665
531 7245 12308
7245 531 12308
12308 531 7245
7902 1270 3844
1270 3844 7902
3844 1270 7902
7125 4457 10696
10696 4457 7125
4457 7125 10696
12587 11097 13213
11097 12587 13213
13213 11097 12587
3974 12777 14901
14901 3974 12777
12777 3974 14901
13138 12186 13429
12186 13138 13429
13429 12186 13138
11450 9598 11249
11249 9598 11450
9598 11249 11450
6315 1855 9209
1855 6315 9209
9209 1855 6315
12883 4129 7426
7426 4129 12883
4129 7426 12883
7414 7823 8066
8066 7414 7823
7823 7414 8066
9812 2061 8354
2061 8354 9812
8354 2061 9812
2235 567 1926
567 1926 2235
1926 567 2235
83 12365 13551
13551 83 12365
12365 83 13551
12329 3436 10851
10851 3436 12329
3436 10851 12329
6877 10134 13251
13251 6877 10134
10134 6877 13251
14511 6810 8634
8634 6810 14511
6810 8634 14511
8290 6233 6750
6750 6233 8290
6233 6750 8290
4371 808 9890
808 4371 9890
9890 808 4371
12343 8520 12142
12142 8520 12343
8520 12142 12343
5924 9579 14660
9579 5924 14660
14660 5924 9579
5048 2743 14250
14250 2743 5048
2743 5048 14250
11628 10884 12793
12793 10884 11628
10884 11628 12793
7648 301 12357
301 7648 12357
12357 301 7648
9819 1686 12448
1686 9819 12448
12448 1686 9819
14269 5118 10140
10140 5118 14269
5118 10140 14269
8727 3290 7359
7359 3290 8727
3290 7359 8727
1790 193 9306
9306 193 1790
193 1790 9306
1266 8632 9214
9214 1266 8632
8632 1266 9214
12301 4531 13348
4531 12301 13348
13348 4531 12301
9794 2285 14133
14133 2285 9794
2285 9794 14133
8092 13670 14423
13670 8092 14423
14423 8092 13670
5306 65 4436
4436 65 5306
65 4436 5306
574 3590 7758
3590 574 7758
7758 574 3590
3860 2653 9038
9038 2653 3860
2653 3860 9038
11625 1820 2521
1820 2521 11625
2521 1820 11625
2640 7837 13531
7837 2640 13531
13531 2640 7837
2142 2659 3762
2659 2142 3762
3762 2142 2659
4237 776 2769
2769 776 4237
776 2769 4237
7670 814 14217
814 7670 14217
14217 814 7670
9470 3585 5364
3585 5364 9470
5364 3585 9470
14424 13540 13614
13614 13540 14424
13540 13614 14424
11551 31 14528
31 11551 14528
14528 31 11551
8298 1712 12950
12950 1712 8298
1712 8298 12950
11128 2629 3283
3283 2629 11128
2629 3283 11128
10437 4731 9736
9736 4731 10437
4731 9736 10437
10194 5120 9179
5120 9179 10194
9179 5120 10194
6763 4022 14003
14003 4022 6763
4022 6763 14003
5034 6814 13758
6814 5034 13758
13758 5034 6814
7207 1280 3368
3368 1280 7207
1280 3368 7207
9528 4670 12788
12788 4670 9528
4670 9528 12788
8753 11076 12826
11076 8753 12826
12826 8753 11076
9622 9588 14164
9588 9622 14164
14164 9588 9622
780 7706 13799
7706 780 13799
13799 780 7706
647 10777 12158
10777 647 12158
12158 647 10777
1589 1532 5035
5035 1532 1589
1532 1589 5035
10933 2886 7752
2886 7752 10933
7752 2886 10933
7674 10212 10403
10212 7674 10403
10403 7674 10212
6415 6981 9202
9202 6415 6981
6981 6415 9202
6756 10737 10950
10950 6756 10737
10737 6756 10950
11589 5234 12540
5234 11589 12540
12540 5234 11589
3687 8523 13914
13914 3687 8523
8523 3687 13914
7194 8619 9402
8619 7194 9402
9402 7194 8619
9105 6956 9742
6956 9105 9742
9742 6956 9105
11240 10883 13307
13307 10883 11240
10883 11240 13307
10021 9051 10691
9051 10021 10691
10691 9051 10021
2742 2793 14689
14689 2742 2793
2793 2742 14689
3559 14176 14333
14333 3559 14176
14176 3559 14333
4142 316 7242
7242 316 4142
316 4142 7242
13066 504 5289
5289 504 13066
504 5289 13066
3651 2820 2838
2820 2838 3651
2838 2820 3651
1675 8749 12688
8749 1675 12688
12688 1675 8749
6824 1784 6099
6099 1784 6824
1784 6099 6824
5489 2154 7365
7365 2154 5489
2154 5489 7365
8319 11127 13808
13808 8319 11127
11127 8319 13808
2870 6724 14778
6724 2870 14778
14778 2870 6724
1137 396 6584
6584 396 1137
396 1137 6584
12406 6838 13687
13687 6838 12406
6838 12406 13687
14308 7683 11710
7683 11710 14308
11710 7683 14308
7712 400 14837
400 7712 14837
14837 400 7712
14554 11476 11666
11666 11476 14554
11476 11666 14554
2253 8975 9582
8975 2253 9582
9582 2253 8975
1770 7828 12854
7828 1770 12854
12854 1770 7828
13755 1859 14368
1859 13755 14368
14368 1859 13755
1579 1204 5689
5689 1204 1579
1204 1579 5689
6273 20 1785
20 1785 6273
1785 20 6273
5967 4315 4717
4315 4717 5967
4717 4315 5967
11963 7699 12770
7699 11963 12770
12770 7699 11963
9431 6178 13837
13837 6178 9431
6178 9431 13837
751 11084 13078
11084 751 13078
13078 751 11084
1189 10177 12877
12877 1189 10177
10177 1189 12877
14843 3113 7516
7516 3113 14843
3113 7516 14843
174 2031 12279
12279 174 2031
2031 174 12279
4373 972 13962
972 4373 13962
13962 972 4373
3225 3164 5045
5045 3164 3225
3164 3225 5045
6197 7969 12059
7969 6197 12059
12059 6197 7969
1517 2195 12070
12070 1517 2195
2195 1517 12070
14693 383 3876
3876 383 14693
383 3876 14693
9972 9645 14060
9645 9972 14060
14060 9645 9972
11323 10223 11842
11842 10223 11323
10223 11323 11842
12443 6384 14360
14360 6384 12443
6384 12443 14360
12590 6318 8470
6318 8470 12590
8470 6318 12590
3413 3418 10278
10278 3413 3418
3418 3413 10278
13414 8742 9866
8742 9866 13414
9866 8742 13414
11584 3007 4721
4721 3007 11584
3007 4721 11584
7017 4475 9939
9939 4475 7017
4475 7017 9939
853 6947 14414
14414 853 6947
6947 853 14414
7093 4699 5122
4699 5122 7093
5122 4699 7093
7678 13909 14396
13909 7678 14396
14396 7678 13909
12414 3423 9924
9924 3423 12414
3423 9924 12414
5064 5171 12193
12193 5064 5171
5171 5064 12193
8169 278 8779
8779 278 8169
278 8169 8779
171 556 3240
3240 171 556
556 171 3240
10181 7313 11225
7313 10181 11225
11225 7313 10181
514 200 13016
13016 200 514
200 514 13016
10667 3319 6142
6142 3319 10667
3319 6142 10667
10180 3310 8540
8540 3310 10180
3310 8540 10180
11258 1218 4496
1218 4496 11258
4496 1218 11258
5512 5817 10149
5817 5512 10149
10149 5512 5817
14578 6643 7254
6643 7254 14578
7254 6643 14578
8719 11487 14018
11487 8719 14018
14018 8719 11487
6350 11755 14339
14339 6350 11755
11755 6350 14339
10853 2530 3089
3089 2530 10853
2530 3089 10853
2060 4983 11006
4983 2060 11006
11006 2060 4983
5787 4901 7803
4901 5787 7803
7803 4901 5787
12269 3357 13407
13407 3357 12269
3357 12269 13407
12315 3408 10018
10018 3408 12315
3408 10018 12315
12266 4892 13231
13231 4892 12266
4892 12266 13231
12999 356 2649
2649 356 12999
356 2649 12999
10238 8344 14149
8344 10238 14149
14149 8344 10238
28 10379 11011
11011 28 10379
10379 28 11011
3347 2116 12895
2116 3347 12895
12895 2116 3347
796 2124 4250
4250 796 2124
2124 796 4250
10912 973 7535
7535 973 10912
973 7535 10912
4639 909 7297
7297 909 4639
909 4639 7297
8853 11175 12339
12339 8853 11175
11175 8853 12339
12683 6470 14878
14878 6470 12683
