115 6745 14554
14554 115 6745
6745 115 14554
10981 3867 7110
7110 3867 10981
3867 7110 10981
4464 5398 5854
5854 4464 5398
5398 4464 5854
941 5506 10637
5506 941 10637
10637 941 5506
14822 247 14348
14348 247 14822
247 14348 14822
13102 6911 8512
6911 8512 13102
8512 6911 13102
1815 790 6220
790 1815 6220
6220 790 1815
8132 3948 13954
3948 8132 13954
13954 3948 8132
14292 3126 5780
3126 5780 14292
5780 3126 14292
2158 6791 10930
10930 2158 6791
6791 2158 10930
1420 3273 12035
3273 1420 12035
12035 1420 3273
13305 2624 3053
3053 2624 13305
2624 3053 13305
8201 2178 13378
2178 8201 13378
13378 2178 8201
7816 7821 8156
7821 7816 8156
8156 7816 7821
2407 7064 9324
7064 2407 9324
9324 2407 7064
6081 1616 8372
1616 6081 8372
8372 1616 6081
12725 427 12451
12451 427 12725
427 12451 12725
13441 2268 3373
3373 2268 13441
2268 3373 13441
6245 5257 12981
12981 5257 6245
5257 6245 12981
1621 9963 14078
9963 1621 14078
14078 1621 9963
513 2815 12325
2815 513 12325
12325 513 2815
10874 8030 13795
8030 10874 13795
13795 8030 10874
12255 3262 9706
9706 3262 12255
3262 9706 12255
3631 1875 12200
12200 1875 3631
1875 3631 12200
10148 4825 12141
4825 10148 12141
12141 4825 10148
1552 1588 1614
1588 1552 1614
1614 1552 1588
3179 237 1026
1026 237 3179
237 1026 3179
1213 2749 8600
2749 1213 8600
8600 1213 2749
8441 4006 9357
9357 4006 8441
4006 8441 9357
9823 11911 12430
11911 9823 12430
12430 9823 11911
10241 4740 5184
4740 5184 10241
5184 4740 10241
14902 9675 14883
9675 14883 14902
14883 9675 14902
1868 834 11797
11797 834 1868
834 1868 11797
6934 2579 9898
2579 6934 9898
9898 2579 6934
8393 6037 14094
6037 8393 14094
14094 6037 8393
12464 849 3798
3798 849 12464
849 3798 12464
13882 511 5618
511 5618 13882
5618 511 13882
5976 12011 14160
14160 5976 12011
12011 5976 14160
5689 8855 13610
8855 5689 13610
13610 5689 8855
12858 505 12297
505 12297 12858
12297 505 12858
11524 4465 10228
10228 4465 11524
4465 10228 11524
2885 5372 8024
5372 2885 8024
8024 2885 5372
13752 3031 12013
12013 3031 13752
3031 12013 13752
4594 2603 6283
2603 4594 6283
6283 2603 4594
13389 2705 14943
14943 2705 13389
2705 13389 14943
14195 6304 6414
6304 6414 14195
6414 6304 14195
10708 1075 14351
14351 1075 10708
1075 10708 14351
14934 1327 1742
1327 1742 14934
1742 1327 14934
11877 5489 8179
5489 8179 11877
8179 5489 11877
12070 2062 11396
11396 2062 12070
2062 11396 12070
11687 8925 13890
13890 8925 11687
8925 11687 13890
13145 1351 6724
1351 6724 13145
6724 1351 13145
11404 7554 11735
7554 11404 11735
11735 7554 11404
10792 6685 11407
11407 6685 10792
6685 10792 11407
7862 6328 13040
13040 6328 7862
6328 7862 13040
6097 447 3160
447 3160 6097
3160 447 6097
2721 863 12253
12253 863 2721
863 2721 12253
2386 12226 14086
14086 2386 12226
12226 2386 14086
7408 6957 11555
6957 7408 11555
11555 6957 7408
7729 8390 13406
8390 7729 13406
13406 7729 8390
6152 8636 11365
8636 6152 11365
11365 6152 8636
7586 7620 10505
10505 7586 7620
7620 7586 10505
9631 8010 13776
13776 8010 9631
8010 9631 13776
971 5485 10657
10657 971 5485
5485 971 10657
14455 6221 14397
14397 6221 14455
6221 14397 14455
11602 5395 10427
5395 10427 11602
10427 5395 11602
13301 8178 13874
8178 13301 13874
13874 8178 13301
3095 684 8959
684 3095 8959
8959 684 3095
365 4455 7249
7249 365 4455
4455 365 7249
14747 7312 11706
11706 7312 14747
7312 11706 14747
7558 2558 8932
8932 2558 7558
2558 7558 8932
448 7169 13740
13740 448 7169
7169 448 13740
14777 2976 6662
2976 6662 14777
6662 2976 14777
10871 5267 14407
5267 10871 14407
14407 5267 10871
4301 4486 8105
4486 4301 8105
8105 4301 4486
3841 2889 10622
2889 3841 10622
10622 2889 3841
8431 7053 13266
13266 7053 8431
7053 8431 13266
12431 1998 3681
3681 1998 12431
1998 3681 12431
10883 7332 9428
9428 7332 10883
7332 9428 10883
6885 10887 12864
12864 6885 10887
10887 6885 12864
353 5591 6194
5591 353 6194
6194 353 5591
7324 12658 12691
12658 7324 12691
12691 7324 12658
4209 2610 6746
6746 2610 4209
2610 4209 6746
14153 904 3202
3202 904 14153
904 3202 14153
5471 4034 5510
4034 5471 5510
5510 4034 5471
6839 4590 6058
6058 4590 6839
4590 6058 6839
13460 9212 14091
9212 13460 14091
14091 9212 13460
8033 536 6917
536 6917 8033
6917 536 8033
11122 4971 6536
4971 6536 11122
6536 4971 11122
7147 2023 2823
2823 2023 7147
2023 2823 7147
2308 1794 4331
4331 1794 2308
1794 2308 4331
10028 1322 11315
11315 1322 10028
1322 10028 11315
5690 11091 12994
12994 5690 11091
11091 5690 12994
12179 4852 6385
4852 6385 12179
6385 4852 12179
3103 5222 10117
5222 3103 10117
10117 3103 5222
2710 2438 11792
2438 2710 11792
11792 2438 2710
2258 7113 10925
7113 2258 10925
10925 2258 7113
5071 5815 9655
9655 5071 5815
5815 5071 9655
8965 11620 13517
11620 8965 13517
13517 8965 11620
6940 4130 10698
4130 6940 10698
10698 4130 6940
11923 1374 6161
6161 1374 11923
1374 6161 11923
8086 840 1195
1195 840 8086
840 1195 8086
7348 6537 13555
13555 6537 7348
6537 7348 13555
11689 1204 10896
10896 1204 11689
1204 10896 11689
11230 846 3853
846 3853 11230
3853 846 11230
5549 1601 3155
1601 3155 5549
3155 1601 5549
4757 6526 8282
8282 4757 6526
6526 4757 8282
4806 9893 12659
12659 4806 9893
9893 4806 12659
5966 4839 11715
4839 5966 11715
11715 4839 5966
4915 7781 8551
8551 4915 7781
7781 4915 8551
12008 7563 14028
7563 12008 14028
14028 7563 12008
7510 6398 9057
6398 7510 9057
9057 6398 7510
14155 2140 11445
11445 2140 14155
2140 11445 14155
3543 11455 14578
11455 3543 14578
14578 3543 11455
8647 162 12111
162 8647 12111
12111 162 8647
12363 1465 12582
12582 1465 12363
1465 12363 12582
2060 4762 5226
4762 2060 5226
5226 2060 4762
8740 3629 6546
6546 3629 8740
3629 6546 8740
13144 3986 8384
8384 3986 13144
3986 8384 13144
5743 201 2097
2097 201 5743
201 2097 5743
2262 980 7172
980 2262 7172
7172 980 2262
10236 4767 8817
8817 4767 10236
4767 8817 10236
9660 1312 9219
1312 9219 9660
9219 1312 9660
2838 7919 14012
14012 2838 7919
7919 2838 14012
12238 10938 14233
14233 10938 12238
10938 12238 14233
14729 5967 13081
5967 13081 14729
13081 5967 14729
4277 2029 10197
10197 2029 4277
2029 4277 10197
5912 4354 5337
5337 4354 5912
4354 5337 5912
8721 4895 10796
4895 8721 10796
10796 4895 8721
10671 13985 14465
14465 10671 13985
13985 10671 14465
3576 6371 7714
7714 3576 6371
6371 3576 7714
6476 8032 13602
8032 6476 13602
13602 6476 8032
5606 10595 12871
10595 5606 12871
12871 5606 10595
2445 7319 8738
8738 2445 7319
7319 2445 8738
4157 2650 8634
2650 4157 8634
8634 2650 4157
8771 187 14405
14405 187 8771
187 8771 14405
4137 4739 14527
14527 4137 4739
4739 4137 14527
14302 5994 9491
9491 5994 14302
5994 9491 14302
7569 12743 12972
12743 7569 12972
12972 7569 12743
16 1022 8013
8013 16 1022
1022 16 8013
10098 4398 5881
5881 4398 10098
4398 5881 10098
4912 13971 14290
14290 4912 13971
13971 4912 14290
12418 5324 6489
6489 5324 12418
5324 6489 12418
4856 11809 14415
14415 4856 11809
11809 4856 14415
5829 1050 13494
1050 5829 13494
13494 1050 5829
12311 7126 9900
9900 7126 12311
7126 9900 12311
3752 134 8884
134 3752 8884
8884 134 3752
14030 3643 12956
3643 12956 14030
12956 3643 14030
13169 5766 12827
12827 5766 13169
5766 12827 13169
5443 2572 6311
2572 5443 6311
6311 2572 5443
3087 5355 10507
10507 3087 5355
5355 3087 10507
13125 6675 8592
6675 8592 13125
8592 6675 13125
10626 9184 10240
9184 10240 10626
10240 9184 10626
10263 4846 12321
4846 10263 12321
12321 4846 10263
14625 503 14166
14166 503 14625
503 14166 14625
13910 5913 11594
5913 11594 13910
11594 5913 13910
2072 6434 9538
9538 2072 6434
6434 2072 9538
2461 2164 12832
12832 2164 2461
2164 2461 12832
10338 2053 2991
2053 2991 10338
2991 2053 10338
11994 3185 11058
11058 3185 11994
3185 11058 11994
6062 5093 10697
10697 5093 6062
5093 6062 10697
3696 1057 9178
1057 3696 9178
9178 1057 3696
3261 4936 12171
12171 3261 4936
4936 3261 12171
9271 8840 9024
8840 9024 9271
9024 8840 9271
10093 4183 6848
6848 4183 10093
4183 6848 10093
11511 5450 14015
5450 11511 14015
14015 5450 11511
5902 8470 11968
8470 5902 11968
11968 5902 8470
4088 5969 12084
12084 4088 5969
5969 4088 12084
4177 5658 11725
11725 4177 5658
5658 4177 11725
1804 4059 13663
4059 1804 13663
13663 1804 4059
1492 572 12727
572 1492 12727
12727 572 1492
11107 4799 9579
4799 9579 11107
9579 4799 11107
14053 4734 5251
4734 5251 14053
5251 4734 14053
1803 5788 9539
9539 1803 5788
5788 1803 9539
2867 2826 13834
2826 2867 13834
13834 2826 2867
3227 2365 11092
2365 3227 11092
11092 2365 3227
9939 9474 11008
11008 9474 9939
9474 9939 11008
5911 2275 10227
2275 5911 10227
10227 2275 5911
9530 1992 5700
1992 5700 9530
5700 1992 9530
6976 11385 12404
11385 6976 12404
12404 6976 11385
13094 7030 8754
7030 8754 13094
8754 7030 13094
11504 3781 10337
3781 10337 11504
10337 3781 11504
14984 9554 11364
11364 9554 14984
9554 11364 14984
981 5220 13432
13432 981 5220
5220 981 13432
2086 10393 13986
13986 2086 10393
10393 2086 13986
9438 6975 13277
13277 6975 9438
6975 9438 13277
14113 8143 12701
8143 12701 14113
12701 8143 14113
10857 3810 5526
5526 3810 10857
3810 5526 10857
3510 9637 11701
11701 3510 9637
9637 3510 11701
2928 951 3634
951 2928 3634
3634 951 2928
8446 1215 11283
11283 1215 8446
1215 8446 11283
347 6815 9552
6815 347 9552
9552 347 6815
476 5563 11310
5563 476 11310
11310 476 5563
3726 7549 9311
7549 3726 9311
9311 3726 7549
8289 6025 6092
6025 6092 8289
6092 6025 8289
11462 2489 4726
4726 2489 11462
2489 4726 11462
3085 11999 13884
11999 3085 13884
13884 3085 11999
13969 7783 11818
7783 11818 13969
11818 7783 13969
10769 1989 8050
1989 8050 10769
8050 1989 10769
11082 2442 6438
6438 2442 11082
2442 6438 11082
2432 2393 2835
2835 2393 2432
2393 2432 2835
7051 11284 11496
11284 7051 11496
11496 7051 11284
9431 121 1955
121 1955 9431
1955 121 9431
11992 4431 14610
4431 11992 14610
14610 4431 11992
10840 6004 14804
14804 6004 10840
6004 10840 14804
5405 6793 8992
6793 5405 8992
8992 5405 6793
13006 4367 14066
4367 13006 14066
14066 4367 13006
1106 687 3979
687 1106 3979
3979 687 1106
9629 9392 14110
14110 9392 9629
9392 9629 14110
1328 766 9950
9950 766 1328
766 1328 9950
2252 1087 11072
1087 2252 11072
11072 1087 2252
14475 5566 13252
5566 13252 14475
13252 5566 14475
5333 7511 10010
10010 5333 7511
7511 5333 10010
3712 4717 8527
8527 3712 4717
4717 3712 8527
5899 5179 8341
8341 5179 5899
5179 5899 8341
9783 4920 9200
4920 9200 9783
9200 4920 9783
14732 1716 11426
11426 1716 14732
1716 11426 14732
65 2777 12619
12619 65 2777
2777 65 12619
9081 2711 2972
2711 2972 9081
2972 2711 9081
4727 2228 12964
12964 2228 4727
2228 4727 12964
9553 2225 6555
6555 2225 9553
2225 6555 9553
5169 7138 9914
9914 5169 7138
7138 5169 9914
13334 7990 10572
10572 7990 13334
7990 10572 13334
3354 5816 6890
6890 3354 5816
5816 3354 6890
14629 1997 11888
1997 11888 14629
11888 1997 14629
5792 103 9234
103 5792 9234
9234 103 5792
13382 4709 14186
14186 4709 13382
4709 13382 14186
13253 11061 13856
13856 11061 13253
11061 13253 13856
4407 2773 3775
3775 2773 4407
2773 3775 4407
13511 7441 12917
12917 7441 13511
7441 12917 13511
6250 3824 14235
3824 6250 14235
14235 3824 6250
11006 7807 11903
11903 7807 11006
7807 11006 11903
9412 1970 5918
5918 1970 9412
1970 5918 9412
4091 7962 13403
7962 4091 13403
13403 4091 7962
7644 4625 13477
13477 4625 7644
4625 7644 13477
6834 1542 4724
4724 1542 6834
1542 4724 6834
4184 4325 7340
7340 4184 4325
4325 4184 7340
8376 7181 14118
14118 7181 8376
7181 8376 14118
10092 4188 8413
8413 4188 10092
4188 8413 10092
9873 1021 10674
10674 1021 9873
1021 9873 10674
3661 8382 8931
8931 3661 8382
8382 3661 8931
6180 3923 5975
5975 3923 6180
3923 5975 6180
4644 14530 14910
14910 4644 14530
14530 4644 14910
14546 4706 5990
5990 4706 14546
4706 5990 14546
7204 3390 11754
11754 3390 7204
3390 7204 11754
13319 57 7311
57 7311 13319
7311 57 13319
9181 8608 12505
8608 9181 12505
12505 8608 9181
5462 1940 14521
14521 1940 5462
1940 5462 14521
2731 669 5644
669 2731 5644
5644 669 2731
6593 13283 14682
14682 6593 13283
13283 6593 14682
12635 12807 13354
12807 12635 13354
13354 12635 12807
5604 9556 12960
12960 5604 9556
9556 5604 12960
1364 149 14765
149 1364 14765
14765 149 1364
883 1152 5694
1152 883 5694
5694 883 1152
7180 10035 13915
13915 7180 10035
10035 7180 13915
2226 7373 14329
7373 2226 14329
14329 2226 7373
11729 6464 9261
9261 6464 11729
6464 9261 11729
7177 814 11390
11390 814 7177
814 7177 11390
10833 5655 9150
9150 5655 10833
5655 9150 10833
2930 7664 14492
14492 2930 7664
7664 2930 14492
4798 4714 8679
4714 4798 8679
8679 4714 4798
4026 6101 13402
13402 4026 6101
6101 4026 13402
12940 824 2231
2231 824 12940
824 2231 12940
4608 13244 14735
13244 4608 14735
14735 4608 13244
13435 4701 5877
5877 4701 13435
4701 5877 13435
3648 2737 8901
2737 3648 8901
8901 2737 3648
7260 8316 12340
12340 7260 8316
8316 7260 12340
5098 1792 8461
8461 1792 5098
1792 5098 8461
5757 2451 3097
2451 3097 5757
3097 2451 5757
9210 5837 13038
13038 5837 9210
5837 9210 13038
9891 4984 8217
8217 4984 9891
4984 8217 9891
11311 4647 7542
4647 7542 11311
7542 4647 11311
9320 7016 7508
7016 7508 9320
7508 7016 9320
9062 1782 7679
1782 7679 9062
7679 1782 9062
13576 5272 6930
6930 5272 13576
5272 6930 13576
6463 1366 5676
5676 1366 6463
1366 5676 6463
3040 3472 14114
14114 3040 3472
3472 3040 14114
5732 5407 11271
11271 5407 5732
5407 5732 11271
7036 10282 13524
10282 7036 13524
13524 7036 10282
14493 7925 10343
10343 7925 14493
7925 10343 14493
12135 2935 6789
2935 6789 12135
6789 2935 12135
624 3565 4896
3565 624 4896
4896 624 3565
1219 1372 13538
13538 1219 1372
1372 1219 13538
7164 10517 14272
10517 7164 14272
14272 7164 10517
11384 1764 7255
1764 7255 11384
7255 1764 11384
181 6424 8346
6424 181 8346
8346 181 6424
3540 10552 10611
10552 3540 10611
10611 3540 10552
12752 11833 12937
11833 12752 12937
12937 11833 12752
7481 1464 6585
6585 1464 7481
1464 6585 7481
7680 6529 9913
9913 6529 7680
6529 7680 9913
1827 6416 8499
6416 1827 8499
8499 1827 6416
13955 9859 14379
14379 9859 13955
9859 13955 14379
7128 263 6584
263 6584 7128
6584 263 7128
7965 443 11463
443 7965 11463
11463 443 7965
12116 5452 6009
6009 5452 12116
5452 6009 12116
11062 5186 12877
12877 5186 11062
5186 11062 12877
5382 3793 7069
3793 5382 7069
7069 3793 5382
721 175 3683
3683 175 721
175 721 3683
8125 838 11693
838 8125 11693
11693 838 8125
5705 191 12362
191 5705 12362
12362 191 5705
5875 11516 14265
11516 5875 14265
14265 5875 11516
13048 3190 11450
11450 3190 13048
3190 11450 13048
2123 5745 14709
5745 2123 14709
14709 2123 5745
9602 7806 8233
7806 8233 9602
8233 7806 9602
8801 3353 9933
3353 8801 9933
9933 3353 8801
5928 4980 11437
11437 4980 5928
4980 5928 11437
9647 11210 14262
11210 9647 14262
14262 9647 11210
3649 6688 7090
6688 3649 7090
7090 3649 6688
3963 7232 9440
7232 3963 9440
9440 3963 7232
9006 3594 5958
5958 3594 9006
3594 5958 9006
2873 3503 6225
3503 2873 6225
6225 2873 3503
8790 5359 13068
13068 5359 8790
5359 8790 13068
12900 8332 11811
8332 11811 12900
11811 8332 12900
9721 898 6730
898 6730 9721
6730 898 9721
4961 6271 12350
12350 4961 6271
6271 4961 12350
10664 3421 8363
3421 8363 10664
8363 3421 10664
1137 217 2110
2110 217 1137
217 1137 2110
4383 473 10141
473 4383 10141
10141 473 4383
3975 11745 12025
12025 3975 11745
11745 3975 12025
2677 12351 12360
12351 2677 12360
12360 2677 12351
12736 3571 11047
11047 3571 12736
3571 11047 12736
8490 4783 5484
5484 4783 8490
4783 5484 8490
920 5117 7725
7725 920 5117
5117 920 7725
11777 2175 14173
2175 11777 14173
14173 2175 11777
12475 5615 8839
8839 5615 12475
5615 8839 12475
9972 9106 10602
10602 9106 9972
9106 9972 10602
7294 908 10081
908 7294 10081
10081 908 7294
13204 7957 8703
7957 8703 13204
8703 7957 13204
9157 942 14702
14702 942 9157
942 9157 14702
1545 7045 12486
7045 1545 12486
12486 1545 7045
8209 6913 9462
9462 6913 8209
6913 8209 9462
660 7423 8972
8972 660 7423
7423 660 8972
10932 3191 10912
10912 3191 10932
3191 10912 10932
10137 4254 13792
13792 4254 10137
4254 10137 13792
11618 1288 9529
9529 1288 11618
1288 9529 11618
6474 9255 11495
9255 6474 11495
11495 6474 9255
8210 4840 7756
4840 7756 8210
7756 4840 8210
9732 12058 13243
12058 9732 13243
13243 9732 12058
7521 1589 2082
1589 2082 7521
2082 1589 7521
5022 4182 6377
4182 5022 6377
6377 4182 5022
4715 92 12104
92 4715 12104
12104 92 4715
10755 4381 12765
4381 10755 12765
12765 4381 10755
9145 13275 13902
13275 9145 13902
13902 9145 13275
11487 4072 7936
4072 7936 11487
7936 4072 11487
12963 3860 7526
7526 3860 12963
3860 7526 12963
9044 9183 13495
13495 9044 9183
9183 9044 13495
5973 4603 6996
6996 4603 5973
4603 5973 6996
6266 29 13351
29 6266 13351
13351 29 6266
5208 4777 9748
4777 5208 9748
9748 4777 5208
6269 3493 12482
12482 3493 6269
3493 6269 12482
1455 3044 4751
4751 1455 3044
3044 1455 4751
4167 12606 13964
13964 4167 12606
12606 4167 13964
14047 1438 5626
1438 5626 14047
5626 1438 14047
6567 5580 14697
14697 5580 6567
5580 6567 14697
12240 2850 10963
2850 10963 12240
10963 2850 12240
3567 2323 10550
2323 3567 10550
10550 2323 3567
3094 1167 6527
6527 1167 3094
1167 3094 6527
3270 11781 12586
11781 3270 12586
12586 3270 11781
5353 5614 13170
5614 5353 13170
13170 5353 5614
4433 2895 13498
2895 4433 13498
13498 2895 4433
1598 11972 13335
13335 1598 11972
11972 1598 13335
9350 6440 14992
6440 9350 14992
14992 6440 9350
5275 3256 13199
3256 5275 13199
13199 3256 5275
7266 11425 13380
11425 7266 13380
13380 7266 11425
1733 6404 6926
6926 1733 6404
6404 1733 6926
1893 1537 2233
2233 1537 1893
1537 1893 2233
11863 600 1941
600 1941 11863
1941 600 11863
3583 3405 7592
3405 3583 7592
7592 3405 3583
2616 6523 10113
6523 2616 10113
10113 2616 6523
1856 1666 3835
3835 1666 1856
1666 1856 3835
3386 9543 9894
9894 3386 9543
9543 3386 9894
12236 7076 10356
10356 7076 12236
7076 10356 12236
5377 4460 7351
4460 5377 7351
7351 4460 5377
6264 3690 9235
3690 6264 9235
9235 3690 6264
2162 1222 14231
14231 1222 2162
1222 2162 14231
5173 7182 7339
7182 5173 7339
7339 5173 7182
6349 546 2154
546 2154 6349
2154 546 6349
8888 3863 8837
3863 8837 8888
8837 3863 8888
12326 499 5661
5661 499 12326
499 5661 12326
10218 106 11086
106 10218 11086
11086 106 10218
3321 1349 14246
14246 1349 3321
1349 3321 14246
2785 3276 6645
3276 2785 6645
6645 2785 3276
11788 2578 5095
5095 2578 11788
2578 5095 11788
358 4543 14899
4543 358 14899
14899 358 4543
786 1850 12400
1850 786 12400
12400 786 1850
5890 10800 10881
10800 5890 10881
10881 5890 10800
3178 2529 8683
2529 3178 8683
8683 2529 3178
9269 4988 5295
4988 5295 9269
5295 4988 9269
14096 2715 9166
9166 2715 14096
2715 9166 14096
10380 5072 12985
12985 5072 10380
5072 10380 12985
3376 9917 12664
12664 3376 9917
9917 3376 12664
8361 9557 14745
14745 8361 9557
9557 8361 14745
3535 1272 10605
10605 1272 3535
1272 3535 10605
11767 6533 10668
6533 10668 11767
10668 6533 11767
8237 8408 13420
8408 8237 13420
13420 8237 8408
1762 1576 3808
3808 1576 1762
1576 1762 3808
10268 3630 5682
5682 3630 10268
3630 5682 10268
98 3049 12829
3049 98 12829
12829 98 3049
3546 6373 13209
6373 3546 13209
13209 3546 6373
7188 938 3173
938 3173 7188
3173 938 7188
12371 4327 6705
6705 4327 12371
4327 6705 12371
3413 4996 5137
4996 3413 5137
5137 3413 4996
779 1163 5358
5358 779 1163
1163 779 5358
14023 9608 12263
12263 9608 14023
9608 12263 14023
12355 5416 13083
5416 12355 13083
13083 5416 12355
14526 4708 11476
4708 11476 14526
11476 4708 14526
284 4596 10405
10405 284 4596
4596 284 10405
972 11020 13355
11020 972 13355
13355 972 11020
1603 13001 13528
13528 1603 13001
13001 1603 13528
2893 9697 10845
10845 2893 9697
9697 2893 10845
3102 6557 12456
12456 3102 6557
6557 3102 12456
6107 1442 10063
1442 6107 10063
10063 1442 6107
6506 698 6983
698 6506 6983
6983 698 6506
8418 5206 10435
5206 8418 10435
10435 5206 8418
10194 4442 5924
4442 5924 10194
5924 4442 10194
13192 5741 11486
11486 5741 13192
5741 11486 13192
6638 6829 7310
6829 6638 7310
7310 6638 6829
8802 5514 11135
11135 5514 8802
5514 8802 11135
14314 5288 9800
5288 9800 14314
9800 5288 14314
13754 11763 12282
12282 11763 13754
11763 12282 13754
8522 1753 10691
10691 1753 8522
1753 8522 10691
8354 10249 13870
10249 8354 13870
13870 8354 10249
8234 211 8497
211 8234 8497
8497 211 8234
4526 1190 8262
1190 4526 8262
8262 1190 4526
12808 877 6086
6086 877 12808
877 6086 12808
12925 2487 13230
2487 12925 13230
13230 2487 12925
1227 6879 10823
6879 1227 10823
10823 1227 6879
1922 3412 12936
3412 1922 12936
12936 1922 3412
14440 1822 2289
1822 2289 14440
2289 1822 14440
3973 1562 11990
1562 3973 11990
11990 1562 3973
6836 10799 11098
11098 6836 10799
10799 6836 11098
287 6029 9484
9484 287 6029
6029 287 9484
351 1023 5492
5492 351 1023
1023 351 5492
8869 11842 13568
13568 8869 11842
11842 8869 13568
3182 7637 10592
7637 3182 10592
10592 3182 7637
6126 3301 14632
14632 3301 6126
3301 6126 14632
5559 2124 14562
2124 5559 14562
14562 2124 5559
13210 1991 13733
1991 13210 13733
13733 1991 13210
9296 3612 9643
3612 9296 9643
9643 3612 9296
6690 5329 12768
12768 5329 6690
5329 6690 12768
1100 10090 11073
10090 1100 11073
11073 1100 10090
11478 266 11661
266 11478 11661
11661 266 11478
2107 491 6783
491 2107 6783
6783 491 2107
4565 9298 14947
9298 4565 14947
14947 4565 9298
12922 7609 9624
7609 9624 12922
9624 7609 12922
10357 2506 6941
6941 2506 10357
2506 6941 10357
13839 5908 10183
10183 5908 13839
5908 10183 13839
10644 7536 13782
13782 7536 10644
7536 10644 13782
6643 380 11150
11150 380 6643
380 6643 11150
5848 8943 10109
10109 5848 8943
8943 5848 10109
11436 8781 14752
14752 8781 11436
8781 11436 14752
13815 1210 10222
10222 1210 13815
1210 10222 13815
13552 429 8090
8090 429 13552
429 8090 13552
4073 4045 10922
4045 4073 10922
10922 4045 4073
13108 8454 10705
8454 10705 13108
10705 8454 13108
6213 10447 11776
11776 6213 10447
10447 6213 11776
12057 11490 13433
13433 11490 12057
11490 12057 13433
1027 8220 10261
10261 1027 8220
8220 1027 10261
14489 9999 13549
9999 13549 14489
13549 9999 14489
2945 7877 12585
12585 2945 7877
7877 2945 12585
2668 6295 14638
6295 2668 14638
14638 2668 6295
5447 3517 13527
13527 3517 5447
3517 5447 13527
4913 6811 8622
8622 4913 6811
6811 4913 8622
8709 5719 8900
5719 8709 8900
8900 5719 8709
8599 6968 14904
6968 8599 14904
14904 6968 8599
11258 1245 8700
8700 1245 11258
1245 8700 11258
5379 3976 13619
3976 5379 13619
13619 3976 5379
5629 8585 9037
8585 5629 9037
9037 5629 8585
13747 6238 7868
7868 6238 13747
6238 7868 13747
6177 4541 9103
9103 4541 6177
4541 6177 9103
14291 3984 6819
3984 6819 14291
6819 3984 14291
359 5347 5483
5483 359 5347
5347 359 5483
13607 3907 13416
13416 3907 13607
3907 13416 13607
7329 2585 6031
2585 6031 7329
6031 2585 7329
12394 556 4415
556 4415 12394
4415 556 12394
12069 2866 11668
2866 11668 12069
11668 2866 12069
14168 185 3801
185 3801 14168
3801 185 14168
10718 3149 8293
8293 3149 10718
3149 8293 10718
12270 6470 7430
7430 6470 12270
6470 7430 12270
2048 5798 11447
11447 2048 5798
5798 2048 11447
575 545 14459
14459 545 575
545 575 14459
9649 1141 4819
4819 1141 9649
1141 4819 9649
726 1428 13636
1428 726 13636
13636 726 1428
2822 13598 14013
14013 2822 13598
13598 2822 14013
13270 415 5530
5530 415 13270
415 5530 13270
5101 1748 10714
1748 5101 10714
10714 1748 5101
1835 3836 11639
3836 1835 11639
11639 1835 3836
5942 5247 5826
5247 5826 5942
5826 5247 5942
13198 2647 6517
2647 6517 13198
6517 2647 13198
6153 4481 8048
8048 4481 6153
4481 6153 8048
6457 856 8623
8623 856 6457
856 6457 8623
512 6560 13838
13838 512 6560
6560 512 13838
8092 5446 13744
13744 5446 8092
5446 8092 13744
5894 8712 9621
8712 5894 9621
9621 5894 8712
733 7427 7479
7479 733 7427
7427 733 7479
10027 668 9475
9475 668 10027
668 9475 10027
6359 458 2747
2747 458 6359
458 2747 6359
9883 800 10537
10537 800 9883
800 9883 10537
9887 2660 14893
14893 2660 9887
2660 9887 14893
11489 235 3213
3213 235 11489
235 3213 11489
8324 9424 11060
9424 8324 11060
11060 8324 9424
6333 2287 8375
8375 2287 6333
2287 6333 8375
8736 1233 4863
1233 4863 8736
4863 1233 8736
14834 10838 10841
10841 10838 14834
10838 10841 14834
3024 5503 9746
9746 3024 5503
5503 3024 9746
5572 5374 6423
5374 5572 6423
6423 5374 5572
9559 6672 8414
8414 6672 9559
6672 8414 9559
6374 10797 11180
10797 6374 11180
11180 6374 10797
5106 998 12021
998 5106 12021
12021 998 5106
15 189 11149
11149 15 189
189 15 11149
10100 1077 4282
1077 4282 10100
4282 1077 10100
3248 1709 11762
1709 3248 11762
11762 1709 3248
2071 4630 9847
4630 2071 9847
9847 2071 4630
12934 1415 3420
3420 1415 12934
1415 3420 12934
497 10119 13637
10119 497 13637
13637 497 10119
9312 2188 13410
13410 2188 9312
2188 9312 13410
6351 2669 3526
2669 3526 6351
3526 2669 6351
4079 2519 14494
14494 2519 4079
2519 4079 14494
6619 304 1473
1473 304 6619
304 1473 6619
7193 2648 9908
2648 7193 9908
9908 2648 7193
1696 6104 10711
6104 1696 10711
10711 1696 6104
2313 5045 7392
5045 2313 7392
7392 2313 5045
2051 412 4894
4894 412 2051
412 2051 4894
14596 1664 6459
6459 1664 14596
1664 6459 14596
1146 6488 9636
6488 1146 9636
9636 1146 6488
1345 3941 13162
3941 1345 13162
13162 1345 3941
12078 3147 5311
5311 3147 12078
3147 5311 12078
12438 8113 14595
14595 8113 12438
8113 12438 14595
8083 2094 7068
7068 2094 8083
2094 7068 8083
5534 461 13294
461 5534 13294
13294 461 5534
8049 10927 11359
10927 8049 11359
11359 8049 10927
5905 4957 6131
4957 5905 6131
6131 4957 5905
1929 3346 10050
3346 1929 10050
10050 1929 3346
11840 3432 9452
9452 3432 11840
3432 9452 11840
14914 356 2007
356 2007 14914
2007 356 14914
13716 4906 11748
4906 11748 13716
11748 4906 13716
7403 7719 13721
7719 7403 13721
13721 7403 7719
11422 138 14259
138 11422 14259
14259 138 11422
269 2513 14563
14563 269 2513
2513 269 14563
8232 2257 13343
2257 8232 13343
13343 2257 8232
14608 6928 12947
6928 12947 14608
12947 6928 14608
5021 2288 10557
10557 2288 5021
2288 5021 10557
4574 10977 13604
10977 4574 13604
13604 4574 10977
11744 14194 14273
14194 11744 14273
14273 11744 14194
12618 1480 9455
9455 1480 12618
1480 9455 12618
14734 1218 7091
7091 1218 14734
1218 7091 14734
2209 1551 12365
1551 2209 12365
12365 1551 2209
4533 3641 7098
3641 4533 7098
7098 3641 4533
11071 1259 9684
9684 1259 11071
1259 9684 11071
11900 3538 8244
8244 3538 11900
3538 8244 11900
7678 5385 11954
5385 7678 11954
11954 5385 7678
5127 6687 11880
6687 5127 11880
11880 5127 6687
5643 2066 2402
2066 2402 5643
2402 2066 5643
7890 2401 5319
5319 2401 7890
2401 5319 7890
13189 3842 7600
7600 3842 13189
3842 7600 13189
12622 3004 12143
12143 3004 12622
3004 12143 12622
2852 2907 7906
7906 2852 2907
2907 2852 7906
11232 1699 14127
14127 1699 11232
1699 11232 14127
8339 571 10319
10319 571 8339
571 8339 10319
4181 1112 8640
1112 4181 8640
8640 1112 4181
10463 4018 14437
4018 10463 14437
14437 4018 10463
6100 3144 13866
13866 3144 6100
3144 6100 13866
741 7607 12123
7607 741 12123
12123 741 7607
374 2768 2977
2768 374 2977
2977 374 2768
7480 4454 5059
4454 5059 7480
5059 4454 7480
10669 1605 9168
1605 9168 10669
9168 1605 10669
13012 1333 14429
1333 13012 14429
14429 1333 13012
13226 2417 14079
2417 13226 14079
14079 2417 13226
10633 2729 11944
2729 10633 11944
11944 2729 10633
14936 11648 14411
14411 11648 14936
11648 14411 14936
11318 3198 11255
11255 3198 11318
3198 11255 11318
6467 8031 12556
12556 6467 8031
8031 6467 12556
2065 6893 13980
6893 2065 13980
13980 2065 6893
14479 2970 13513
13513 2970 14479
2970 13513 14479
11517 6038 12038
12038 6038 11517
6038 11517 12038
5855 2054 11793
2054 5855 11793
11793 2054 5855
13315 4214 11022
4214 11022 13315
11022 4214 13315
10761 13296 14401
13296 10761 14401
14401 10761 13296
3729 5997 12408
12408 3729 5997
5997 3729 12408
9187 2831 4067
2831 4067 9187
4067 2831 9187
14537 1337 4771
4771 1337 14537
1337 4771 14537
8468 5989 9892
5989 8468 9892
9892 5989 8468
2877 6604 11438
11438 2877 6604
6604 2877 11438
13741 12066 14755
14755 12066 13741
12066 13741 14755
4990 11312 11770
11770 4990 11312
11312 4990 11770
9191 570 3462
570 3462 9191
3462 570 9191
5371 5006 6191
6191 5006 5371
5006 5371 6191
3015 1661 3439
1661 3015 3439
3439 1661 3015
3928 3585 12876
12876 3585 3928
3585 3928 12876
7945 1682 14337
1682 7945 14337
14337 1682 7945
13677 4787 7524
7524 4787 13677
4787 7524 13677
7849 1723 11779
11779 1723 7849
1723 7849 11779
10596 2892 4185
4185 2892 10596
2892 4185 10596
542 6952 12133
12133 542 6952
6952 542 12133
12014 773 2155
2155 773 12014
773 2155 12014
7407 2836 4671
2836 4671 7407
4671 2836 7407
8266 11940 14528
14528 8266 11940
11940 8266 14528
3778 590 13064
13064 590 3778
590 3778 13064
8993 514 14550
14550 514 8993
514 8993 14550
9176 3843 11547
11547 3843 9176
3843 9176 11547
14639 3302 12228
3302 12228 14639
12228 3302 14639
2936 6136 9628
9628 2936 6136
6136 2936 9628
8439 8443 9954
8443 8439 9954
9954 8439 8443
11523 10156 13635
13635 10156 11523
10156 11523 13635
10053 923 10206
10206 923 10053
923 10053 10206
10754 763 8377
8377 763 10754
763 8377 10754
11176 1290 7560
7560 1290 11176
1290 7560 11176
14823 11939 14412
14412 11939 14823
11939 14412 14823
10107 6049 7367
7367 6049 10107
6049 7367 10107
974 7285 12276
12276 974 7285
7285 974 12276
4696 4287 14473
14473 4287 4696
4287 4696 14473
9442 1555 8016
8016 1555 9442
1555 8016 9442
11192 11889 14383
14383 11192 11889
11889 11192 14383
167 6080 10457
6080 167 10457
10457 167 6080
6094 8807 12790
12790 6094 8807
8807 6094 12790
2443 7369 7968
7369 2443 7968
7968 2443 7369
14490 3338 3375
3338 3375 14490
3375 3338 14490
1099 11775 13348
13348 1099 11775
11775 1099 13348
7593 426 14870
14870 426 7593
426 7593 14870
3890 179 9363
9363 179 3890
179 3890 9363
3167 2780 8039
2780 3167 8039
8039 2780 3167
8072 5103 11202
11202 5103 8072
5103 8072 11202
10597 12497 12587
12497 10597 12587
12587 10597 12497
9606 10410 12450
12450 9606 10410
10410 9606 12450
8152 4401 9803
9803 4401 8152
4401 8152 9803
7748 14558 14849
14558 7748 14849
14849 7748 14558
7985 6167 9175
9175 6167 7985
6167 7985 9175
6496 1237 11075
11075 1237 6496
1237 6496 11075
7578 11100 11369
11369 7578 11100
11100 7578 11369
12327 4818 11115
4818 11115 12327
11115 4818 12327
1672 1599 8481
1599 1672 8481
8481 1599 1672
7354 1092 7813
7813 1092 7354
1092 7354 7813
12281 3680 12029
12029 3680 12281
3680 12029 12281
224 1025 2685
2685 224 1025
1025 224 2685
6951 722 9881
9881 722 6951
722 6951 9881
2115 3848 11838
3848 2115 11838
11838 2115 3848
10542 1630 13523
13523 1630 10542
1630 10542 13523
4655 4562 14128
4562 4655 14128
14128 4562 4655
10426 1807 5910
1807 5910 10426
5910 1807 10426
10562 6411 11740
6411 10562 11740
11740 6411 10562
10878 3218 14472
14472 3218 10878
3218 10878 14472
13703 9223 10020
9223 10020 13703
10020 9223 13703
14907 10196 10243
10243 10196 14907
10196 10243 14907
13419 5330 11757
11757 5330 13419
5330 11757 13419
3677 4106 12042
4106 3677 12042
12042 3677 4106
2356 220 4288
4288 220 2356
220 2356 4288
8676 1148 10099
10099 1148 8676
1148 8676 10099
9785 1731 12577
1731 9785 12577
12577 1731 9785
8896 402 10545
10545 402 8896
402 8896 10545
12176 1737 3703
1737 3703 12176
3703 1737 12176
14146 8562 12973
8562 12973 14146
12973 8562 14146
7723 3065 13936
13936 3065 7723
3065 7723 13936
8897 6578 10065
10065 6578 8897
6578 8897 10065
11588 2530 14678
2530 11588 14678
14678 2530 11588
6361 1569 6460
1569 6361 6460
6460 1569 6361
10851 5828 5865
5828 5865 10851
5865 5828 10851
9755 222 1101
222 1101 9755
1101 222 9755
13207 529 4519
4519 529 13207
529 4519 13207
10757 2643 7298
2643 7298 10757
7298 2643 10757
7220 4761 10001
10001 4761 7220
4761 7220 10001
6011 1618 7835
7835 1618 6011
1618 6011 7835
4923 11965 12471
12471 4923 11965
11965 4923 12471
5357 4014 12157
4014 5357 12157
12157 4014 5357
13337 1556 12826
12826 1556 13337
1556 12826 13337
4156 6872 12096
12096 4156 6872
6872 4156 12096
12016 11127 12542
11127 12016 12542
12542 11127 12016
12671 2310 4166
4166 2310 12671
2310 4166 12671
1976 6828 7333
6828 1976 7333
7333 1976 6828
7083 930 7282
930 7083 7282
7282 930 7083
2404 2883 11228
2883 2404 11228
11228 2404 2883
12305 8498 14977
8498 12305 14977
14977 8498 12305
1628 349 9829
349 1628 9829
9829 349 1628
12649 4994 13194
4994 12649 13194
13194 4994 12649
1718 3536 14751
14751 1718 3536
3536 1718 14751
9005 11026 11039
11026 9005 11039
11039 9005 11026
13824 4456 7830
7830 4456 13824
4456 7830 13824
9035 9548 13835
13835 9035 9548
9548 9035 13835
10038 6422 7889
7889 6422 10038
6422 7889 10038
80 3988 9500
3988 80 9500
9500 80 3988
5024 4063 4391
4391 4063 5024
4063 4391 5024
12700 1520 14887
1520 12700 14887
14887 1520 12700
7318 2623 4960
2623 4960 7318
4960 2623 7318
6915 1189 1248
1248 1189 6915
1189 1248 6915
13293 3707 14014
14014 3707 13293
3707 13293 14014
3524 3944 14344
14344 3524 3944
3944 3524 14344
2088 995 3664
3664 995 2088
995 2088 3664
13546 10250 12272
12272 10250 13546
10250 12272 13546
14454 7401 13045
7401 13045 14454
13045 7401 14454
6636 4384 10892
4384 6636 10892
10892 4384 6636
14727 3709 4718
3709 4718 14727
4718 3709 14727
5363 6012 12706
12706 5363 6012
6012 5363 12706
1474 7531 10347
10347 1474 7531
7531 1474 10347
7758 5342 13905
13905 5342 7758
5342 7758 13905
4554 3203 4832
4832 3203 4554
3203 4554 4832
1498 4492 6145
4492 1498 6145
6145 1498 4492
5204 3189 12044
12044 3189 5204
3189 5204 12044
3434 2524 13518
2524 3434 13518
13518 2524 3434
10535 42 11805
42 10535 11805
11805 42 10535
5621 1663 8665
1663 5621 8665
8665 1663 5621
2477 3453 5105
3453 2477 5105
5105 2477 3453
12565 8675 9712
9712 8675 12565
8675 9712 12565
255 5971 13646
13646 255 5971
5971 255 13646
4764 12219 13297
12219 4764 13297
13297 4764 12219
13940 9365 11650
11650 9365 13940
9365 11650 13940
8540 1610 7944
1610 7944 8540
7944 1610 8540
11029 1930 2680
1930 2680 11029
2680 1930 11029
11170 2222 6727
2222 6727 11170
6727 2222 11170
4373 7730 11461
7730 4373 11461
11461 4373 7730
3809 2380 10980
10980 2380 3809
2380 3809 10980
1878 5089 10451
10451 1878 5089
5089 1878 10451
9240 4221 11609
11609 4221 9240
4221 9240 11609
7431 10621 14111
14111 7431 10621
10621 7431 14111
14206 3936 10306
10306 3936 14206
3936 10306 14206
4001 5869 7027
7027 4001 5869
5869 4001 7027
2862 3268 10836
3268 2862 10836
10836 2862 3268
9541 76 5417
76 5417 9541
5417 76 9541
4871 13836 14763
13836 4871 14763
14763 4871 13836
1894 1294 7614
7614 1294 1894
1294 1894 7614
10724 256 1095
256 1095 10724
1095 256 10724
5479 4926 14403
14403 4926 5479
4926 5479 14403
7632 604 12629
12629 604 7632
604 7632 12629
2074 10084 10265
10084 2074 10265
10265 2074 10084
244 768 9032
9032 244 768
768 244 9032
3106 2244 11431
11431 2244 3106
2244 3106 11431
2830 4163 14433
4163 2830 14433
14433 2830 4163
4862 4000 12592
4000 4862 12592
12592 4000 4862
14640 11822 13893
13893 11822 14640
11822 13893 14640
1422 2757 4948
2757 1422 4948
4948 1422 2757
13174 5955 10904
5955 10904 13174
10904 5955 13174
9329 2283 7121
7121 2283 9329
2283 7121 9329
8463 11429 14645
11429 8463 14645
14645 8463 11429
3922 252 4661
252 3922 4661
4661 252 3922
13865 3064 5396
3064 5396 13865
5396 3064 13865
4423 2173 5190
2173 4423 5190
5190 2173 4423
12561 196 13628
13628 196 12561
196 12561 13628
9127 2304 6330
6330 2304 9127
2304 6330 9127
11441 6053 10187
10187 6053 11441
6053 10187 11441
5742 844 3598
3598 844 5742
844 3598 5742
2077 11981 13373
13373 2077 11981
11981 2077 13373
6396 3881 12440
12440 3881 6396
3881 6396 12440
2370 5025 11400
5025 2370 11400
11400 2370 5025
12588 2493 9946
2493 9946 12588
9946 2493 12588
9230 248 11240
248 9230 11240
11240 248 9230
6022 12 2399
12 2399 6022
2399 12 6022
4108 3418 13844
3418 4108 13844
13844 3418 4108
13371 1592 2335
1592 2335 13371
2335 1592 13371
3550 2681 10365
2681 3550 10365
10365 2681 3550
5948 789 4997
4997 789 5948
789 4997 5948
4972 11575 13761
13761 4972 11575
11575 4972 13761
3966 4691 5043
4691 3966 5043
5043 3966 4691
2256 2038 13029
2038 2256 13029
13029 2038 2256
12899 5 5238
5 5238 12899
5238 5 12899
10326 6999 14759
6999 10326 14759
14759 6999 10326
12268 2004 7120
7120 2004 12268
2004 7120 12268
12628 10474 12079
12079 10474 12628
10474 12079 12628
7131 1778 3597
1778 3597 7131
3597 1778 7131
11815 2464 10678
2464 10678 11815
10678 2464 11815
13418 3387 7350
7350 3387 13418
3387 7350 13418
8411 10995 13121
13121 8411 10995
10995 8411 13121
7984 11366 13962
13962 7984 11366
11366 7984 13962
7325 2041 3382
2041 3382 7325
3382 2041 7325
10520 9217 12273
12273 9217 10520
9217 10520 12273
1974 5790 10062
10062 1974 5790
5790 1974 10062
5679 4793 5271
4793 5271 5679
5271 4793 5679
3892 2362 3101
2362 3101 3892
3101 2362 3892
1732 5750 14001
5750 1732 14001
14001 1732 5750
7052 6347 14746
6347 7052 14746
14746 6347 7052
5844 1960 13056
13056 1960 5844
1960 5844 13056
9289 10247 12419
12419 9289 10247
10247 9289 12419
2726 7827 14699
14699 2726 7827
7827 2726 14699
9194 12348 12841
12348 9194 12841
12841 9194 12348
14525 2987 13693
2987 13693 14525
13693 2987 14525
10087 5262 8052
8052 5262 10087
5262 8052 10087
4097 4439 9468
9468 4097 4439
4439 4097 9468
4544 2466 8348
8348 2466 4544
2466 4544 8348
8706 11043 14446
11043 8706 14446
14446 8706 11043
9511 8312 12543
12543 8312 9511
8312 9511 12543
1144 1711 4983
1711 1144 4983
4983 1144 1711
631 5715 7379
7379 631 5715
5715 631 7379
2541 4243 14591
14591 2541 4243
4243 2541 14591
13138 3450 6435
3450 6435 13138
6435 3450 13138
13895 3361 14130
3361 13895 14130
14130 3361 13895
13308 1247 8269
1247 8269 13308
8269 1247 13308
290 4233 11898
4233 290 11898
11898 290 4233
9318 234 10252
234 9318 10252
10252 234 9318
10766 606 10477
10477 606 10766
606 10477 10766
979 4226 11973
11973 979 4226
4226 979 11973
3170 1858 6507
1858 3170 6507
6507 1858 3170
14514 11016 12910
12910 11016 14514
11016 12910 14514
4607 1008 12692
12692 1008 4607
1008 4607 12692
14187 7171 8304
8304 7171 14187
7171 8304 14187
1432 3399 6835
3399 1432 6835
6835 1432 3399
7790 6682 10793
6682 7790 10793
10793 6682 7790
10891 3817 8364
3817 8364 10891
8364 3817 10891
7658 3474 9936
9936 3474 7658
3474 7658 9936
2307 5315 8305
5315 2307 8305
8305 2307 5315
3005 523 3987
3987 523 3005
523 3005 3987
4176 3711 8509
3711 4176 8509
8509 3711 4176
1701 1488 4522
4522 1488 1701
1488 1701 4522
12524 2868 5974
2868 5974 12524
5974 2868 12524
12004 3306 11677
11677 3306 12004
3306 11677 12004
3622 11123 14335
11123 3622 14335
14335 3622 11123
10335 4113 11985
11985 4113 10335
4113 10335 11985
14617 3759 11329
3759 11329 14617
11329 3759 14617
4816 806 8358
8358 806 4816
806 4816 8358
1499 10821 12028
10821 1499 12028
12028 1499 10821
797 9213 14328
9213 797 14328
14328 797 9213
8406 4725 8056
4725 8056 8406
8056 4725 8406
10546 7245 8716
7245 8716 10546
8716 7245 10546
9225 207 3916
207 3916 9225
3916 207 9225
7226 11464 14284
14284 7226 11464
11464 7226 14284
5277 4196 7831
7831 4196 5277
4196 5277 7831
13948 3850 9051
9051 3850 13948
3850 9051 13948
11222 4102 6235
4102 6235 11222
6235 4102 11222
4117 5876 6586
5876 4117 6586
6586 4117 5876
11751 9252 10805
9252 10805 11751
10805 9252 11751
13246 3351 5772
5772 3351 13246
3351 5772 13246
5460 492 12288
492 5460 12288
12288 492 5460
2649 5688 9885
9885 2649 5688
5688 2649 9885
10808 327 5919
5919 327 10808
327 5919 10808
6478 7141 7286
7141 6478 7286
7286 6478 7141
8071 8149 8205
8149 8071 8205
8205 8071 8149
7258 3844 11934
11934 3844 7258
3844 7258 11934
14193 5634 13077
13077 5634 14193
5634 13077 14193
13597 7047 8899
7047 8899 13597
8899 7047 13597
11573 5714 7762
7762 5714 11573
5714 7762 11573
5393 11681 14016
11681 5393 14016
14016 5393 11681
12457 7693 8923
7693 8923 12457
8923 7693 12457
6512 12286 13551
12286 6512 13551
13551 6512 12286
12341 4528 5617
5617 4528 12341
4528 5617 12341
14864 118 14983
14983 118 14864
118 14864 14983
1136 5716 13665
5716 1136 13665
13665 1136 5716
14444 2495 13167
13167 2495 14444
2495 13167 14444
7065 2211 10088
10088 2211 7065
2211 7065 10088
9737 13273 14971
14971 9737 13273
13273 9737 14971
10488 1773 9705
1773 9705 10488
9705 1773 10488
6176 6197 8360
8360 6176 6197
6197 6176 8360
8986 8349 13960
13960 8349 8986
8349 8986 13960
8922 2263 8452
2263 8452 8922
8452 2263 8922
2679 3682 14793
3682 2679 14793
14793 2679 3682
8297 2693 9326
9326 2693 8297
2693 8297 9326
13333 8140 10952
10952 8140 13333
8140 10952 13333
11316 2641 2756
2641 2756 11316
2756 2641 11316
8877 3523 6590
