1356 2337 9531
2337 1356 9531
9531 1356 2337
8516 6326 12760
12760 6326 8516
6326 8516 12760
9750 8342 9078
8342 9078 9750
9078 8342 9750
10231 2533 5304
2533 5304 10231
5304 2533 10231
5884 2182 12082
12082 2182 5884
2182 5884 12082
5379 10776 11916
11916 5379 10776
10776 5379 11916
5173 1525 13882
13882 1525 5173
1525 5173 13882
8040 1182 13070
13070 1182 8040
1182 8040 13070
822 10001 10953
10001 822 10953
10953 822 10001
4370 3346 11994
11994 3346 4370
3346 4370 11994
13406 815 8639
815 8639 13406
8639 815 13406
10719 7402 14892
14892 7402 10719
7402 10719 14892
5575 10154 12002
12002 5575 10154
10154 5575 12002
3948 1143 11809
1143 3948 11809
11809 1143 3948
8393 4608 5461
5461 4608 8393
4608 5461 8393
2325 8643 12812
12812 2325 8643
8643 2325 12812
1664 1532 6952
1532 1664 6952
6952 1532 1664
2998 4758 11190
11190 2998 4758
4758 2998 11190
3446 6737 14251
14251 3446 6737
6737 3446 14251
1556 1644 7217
7217 1556 1644
1644 1556 7217
6878 11069 14242
11069 6878 14242
14242 6878 11069
6331 8095 14093
14093 6331 8095
8095 6331 14093
14623 5154 12373
5154 12373 14623
12373 5154 14623
12917 9977 12605
12605 9977 12917
9977 12605 12917
7453 10 3735
10 3735 7453
3735 10 7453
5677 2309 14217
2309 5677 14217
14217 2309 5677
660 2528 9384
2528 660 9384
9384 660 2528
3453 456 6925
6925 456 3453
456 3453 6925
1840 5949 7151
5949 1840 7151
7151 1840 5949
8908 9432 11116
11116 8908 9432
9432 8908 11116
7326 13415 13544
13415 7326 13544
13544 7326 13415
1351 5885 7872
7872 1351 5885
5885 1351 7872
747 1662 13274
1662 747 13274
13274 747 1662
7711 13150 14842
14842 7711 13150
13150 7711 14842
6120 7850 12224
7850 6120 12224
12224 6120 7850
11412 3397 10353
10353 3397 11412
3397 10353 11412
4934 3681 7166
3681 4934 7166
7166 3681 4934
2481 3732 10709
3732 2481 10709
10709 2481 3732
1246 10347 13136
13136 1246 10347
10347 1246 13136
8061 1001 12374
1001 8061 12374
12374 1001 8061
5252 1966 10042
1966 5252 10042
10042 1966 5252
11057 2899 14606
14606 2899 11057
2899 11057 14606
14313 5102 11189
11189 5102 14313
5102 11189 14313
8990 8785 9570
9570 8785 8990
8785 8990 9570
12369 2767 7513
2767 7513 12369
7513 2767 12369
8158 4834 8189
4834 8158 8189
8189 4834 8158
10707 681 2287
681 2287 10707
2287 681 10707
1435 10706 11933
10706 1435 11933
11933 1435 10706
4088 8364 12037
12037 4088 8364
8364 4088 12037
2975 2795 12835
2795 2975 12835
12835 2795 2975
6709 2945 5771
2945 5771 6709
5771 2945 6709
6034 2570 13643
2570 6034 13643
13643 2570 6034
6685 11348 13100
11348 6685 13100
13100 6685 11348
3005 9459 11415
11415 3005 9459
9459 3005 11415
14875 7063 13199
13199 7063 14875
7063 13199 14875
8030 11145 14675
14675 8030 11145
11145 8030 14675
9734 10816 14464
14464 9734 10816
10816 9734 14464
6257 1961 4095
1961 4095 6257
4095 1961 6257
11937 8157 12891
12891 8157 11937
8157 11937 12891
8406 2163 12716
12716 2163 8406
2163 8406 12716
14575 1174 7772
1174 7772 14575
7772 1174 14575
8515 8583 14032
14032 8515 8583
8583 8515 14032
7323 416 4948
416 4948 7323
4948 416 7323
4007 4875 12841
4875 4007 12841
12841 4007 4875
5814 9824 13055
13055 5814 9824
9824 5814 13055
2897 316 6930
6930 316 2897
316 2897 6930
4190 5548 12571
5548 4190 12571
12571 4190 5548
2760 5674 6775
6775 2760 5674
5674 2760 6775
11987 12489 14937
12489 11987 14937
14937 11987 12489
6672 963 6626
963 6626 6672
6626 963 6672
199 1433 6540
6540 199 1433
1433 199 6540
11168 1478 1741
1478 1741 11168
1741 1478 11168
13737 2537 14347
2537 13737 14347
14347 2537 13737
3252 2097 3100
2097 3100 3252
3100 2097 3252
12275 2903 8845
8845 2903 12275
2903 8845 12275
10941 9391 10315
10315 9391 10941
9391 10315 10941
10334 7302 8697
8697 7302 10334
7302 8697 10334
9523 5145 9334
5145 9334 9523
9334 5145 9523
11532 2140 4174
4174 2140 11532
2140 4174 11532
581 4020 9323
9323 581 4020
4020 581 9323
12640 3284 14399
14399 3284 12640
3284 12640 14399
13818 9951 11225
11225 9951 13818
9951 11225 13818
5981 700 721
700 721 5981
721 700 5981
12822 10826 14123
10826 12822 14123
14123 10826 12822
6543 2799 10027
10027 2799 6543
2799 6543 10027
3999 2039 7763
7763 2039 3999
2039 3999 7763
466 5458 9553
9553 466 5458
5458 466 9553
8675 1955 6047
1955 6047 8675
6047 1955 8675
2307 13549 13743
13549 2307 13743
13743 2307 13549
2532 7852 9560
7852 2532 9560
9560 2532 7852
5438 13696 14037
14037 5438 13696
13696 5438 14037
1107 111 618
618 111 1107
111 618 1107
12851 7004 8571
7004 8571 12851
8571 7004 12851
8860 152 9150
9150 152 8860
152 8860 9150
6113 5082 8117
5082 6113 8117
8117 5082 6113
4502 6989 9189
6989 4502 9189
9189 4502 6989
9997 5050 9241
9241 5050 9997
5050 9241 9997
9779 500 6373
500 6373 9779
6373 500 9779
9769 188 10375
10375 188 9769
188 9769 10375
8679 748 4046
748 4046 8679
4046 748 8679
6873 609 11536
11536 609 6873
609 6873 11536
14304 842 12250
842 12250 14304
12250 842 14304
10166 8214 9423
9423 8214 10166
8214 9423 10166
4882 2736 8790
2736 4882 8790
8790 2736 4882
7215 255 13713
13713 255 7215
255 7215 13713
1309 6024 13046
13046 1309 6024
6024 1309 13046
14515 7933 10577
10577 7933 14515
7933 10577 14515
1521 5787 9270
5787 1521 9270
9270 1521 5787
10367 1960 9686
1960 9686 10367
9686 1960 10367
11722 1372 14907
14907 1372 11722
1372 11722 14907
6787 3062 8413
8413 3062 6787
3062 6787 8413
4721 8481 9888
8481 4721 9888
9888 4721 8481
6162 7728 11386
7728 6162 11386
11386 6162 7728
4200 8368 13717
13717 4200 8368
8368 4200 13717
1812 9139 10548
9139 1812 10548
10548 1812 9139
2428 2131 7355
2131 2428 7355
7355 2131 2428
10735 8960 11869
8960 10735 11869
11869 8960 10735
6311 6937 8941
8941 6311 6937
6937 6311 8941
8217 1906 6303
6303 1906 8217
1906 6303 8217
10337 2435 3081
3081 2435 10337
2435 3081 10337
5419 1779 3419
1779 3419 5419
3419 1779 5419
4925 4179 6363
4179 4925 6363
6363 4179 4925
10428 7970 10559
10559 7970 10428
7970 10428 10559
13337 8844 11082
8844 11082 13337
11082 8844 13337
5994 5521 7880
7880 5521 5994
5521 5994 7880
10630 5584 8025
8025 5584 10630
5584 8025 10630
11949 8891 14925
8891 11949 14925
14925 8891 11949
14282 6671 12493
6671 12493 14282
12493 6671 14282
11452 9627 13532
9627 11452 13532
13532 9627 11452
6837 4140 4976
4976 4140 6837
4140 4976 6837
10721 369 599
599 369 10721
369 599 10721
5639 3256 13008
3256 5639 13008
13008 3256 5639
5013 10581 12188
10581 5013 12188
12188 5013 10581
7758 837 1958
837 1958 7758
1958 837 7758
7138 1388 1734
1734 1388 7138
1388 1734 7138
1666 3876 5855
5855 1666 3876
3876 1666 5855
12527 336 8472
336 8472 12527
8472 336 12527
10895 5109 11624
5109 10895 11624
11624 5109 10895
14227 7878 11585
7878 11585 14227
11585 7878 14227
12737 5624 13441
5624 12737 13441
13441 5624 12737
6492 4825 14958
14958 4825 6492
4825 6492 14958
13636 6010 7516
7516 6010 13636
6010 7516 13636
12181 11685 11928
11685 11928 12181
11928 11685 12181
4807 8320 11824
11824 4807 8320
8320 4807 11824
14522 5457 7044
7044 5457 14522
5457 7044 14522
14859 12943 14777
12943 14777 14859
14777 12943 14859
12486 9193 9612
9193 9612 12486
9612 9193 12486
2967 850 5065
5065 850 2967
850 2967 5065
12387 2577 4249
2577 4249 12387
4249 2577 12387
492 8936 14261
14261 492 8936
8936 492 14261
11142 2491 6794
2491 6794 11142
6794 2491 11142
5205 2714 11210
2714 5205 11210
11210 2714 5205
131 795 8664
8664 131 795
795 131 8664
8784 4839 14027
4839 8784 14027
14027 4839 8784
7101 3142 8856
8856 3142 7101
3142 7101 8856
11854 7856 9598
9598 7856 11854
7856 9598 11854
9040 1857 8871
1857 8871 9040
8871 1857 9040
14837 4041 5349
4041 5349 14837
5349 4041 14837
2447 4588 7398
7398 2447 4588
4588 2447 7398
6314 3954 10588
10588 3954 6314
3954 6314 10588
12104 2442 10958
2442 10958 12104
10958 2442 12104
2726 1972 4547
4547 1972 2726
1972 2726 4547
7196 9032 13612
13612 7196 9032
9032 7196 13612
3607 4368 14834
14834 3607 4368
4368 3607 14834
7769 679 11320
11320 679 7769
679 7769 11320
8350 6485 7080
7080 6485 8350
6485 7080 8350
5862 7517 13492
7517 5862 13492
13492 5862 7517
13664 672 8289
672 8289 13664
8289 672 13664
9618 14073 14644
14644 9618 14073
14073 9618 14644
345 4628 7893
7893 345 4628
4628 345 7893
11149 3500 6459
6459 3500 11149
3500 6459 11149
13330 2603 11656
11656 2603 13330
2603 11656 13330
3524 5273 11287
5273 3524 11287
11287 3524 5273
7479 338 11171
338 7479 11171
11171 338 7479
3250 6854 13650
13650 3250 6854
6854 3250 13650
13891 7485 11654
11654 7485 13891
7485 11654 13891
5305 809 1559
1559 809 5305
809 1559 5305
7656 7967 13507
7967 7656 13507
13507 7656 7967
4750 8927 10942
8927 4750 10942
10942 4750 8927
334 4010 10160
10160 334 4010
4010 334 10160
7082 7105 14139
14139 7082 7105
7105 7082 14139
9603 1354 13668
1354 9603 13668
13668 1354 9603
4788 3839 8709
8709 3839 4788
3839 4788 8709
12350 7693 13617
13617 7693 12350
7693 12350 13617
3562 602 2480
602 2480 3562
2480 602 3562
14278 9424 14358
14358 9424 14278
9424 14278 14358
6818 3449 6121
3449 6121 6818
6121 3449 6818
13294 8802 10128
8802 10128 13294
10128 8802 13294
1957 9156 13562
9156 1957 13562
13562 1957 9156
1898 3700 14033
3700 1898 14033
14033 1898 3700
3054 352 2827
352 2827 3054
2827 352 3054
14829 9952 12788
9952 12788 14829
12788 9952 14829
14850 11716 12315
11716 12315 14850
12315 11716 14850
5086 7192 10266
10266 5086 7192
7192 5086 10266
2515 528 4623
4623 528 2515
528 2515 4623
11358 1728 14714
14714 1728 11358
1728 11358 14714
6996 8404 8878
8878 6996 8404
8404 6996 8878
14944 13003 13007
13003 13007 14944
13007 13003 14944
4979 7243 10339
7243 4979 10339
10339 4979 7243
10488 4225 9853
9853 4225 10488
4225 9853 10488
8876 6646 13021
13021 6646 8876
6646 8876 13021
12220 5589 5741
5741 5589 12220
5589 5741 12220
2702 2764 5531
2764 2702 5531
5531 2702 2764
12660 11788 14434
11788 12660 14434
14434 11788 12660
3004 5261 13384
13384 3004 5261
5261 3004 13384
8887 1083 3715
1083 3715 8887
3715 1083 8887
803 4549 8249
8249 803 4549
4549 803 8249
13204 5167 10520
10520 5167 13204
5167 10520 13204
12932 11410 13873
13873 11410 12932
11410 12932 13873
2869 3544 9795
3544 2869 9795
9795 2869 3544
8935 4523 9518
4523 8935 9518
9518 4523 8935
6611 7560 8519
8519 6611 7560
7560 6611 8519
3283 8869 10544
10544 3283 8869
8869 3283 10544
6958 11006 12473
11006 6958 12473
12473 6958 11006
676 1229 2458
1229 676 2458
2458 676 1229
4107 5057 13218
13218 4107 5057
5057 4107 13218
12026 12741 13065
13065 12026 12741
12741 12026 13065
2183 1630 8613
1630 2183 8613
8613 1630 2183
4334 3890 11042
3890 4334 11042
11042 3890 4334
10389 1492 8868
8868 1492 10389
1492 8868 10389
5652 4227 11739
4227 5652 11739
11739 4227 5652
4181 593 3967
3967 593 4181
593 3967 4181
4484 377 3784
377 3784 4484
3784 377 4484
9474 1073 1199
1073 1199 9474
1199 1073 9474
10300 5841 14637
14637 5841 10300
5841 10300 14637
3682 149 10277
149 3682 10277
10277 149 3682
2339 2295 6280
6280 2295 2339
2295 2339 6280
3718 10325 10649
10325 3718 10649
10649 3718 10325
13918 10929 14608
14608 10929 13918
10929 13918 14608
4772 7179 10051
7179 4772 10051
10051 4772 7179
8361 7344 11154
7344 8361 11154
11154 7344 8361
10034 4500 14582
4500 10034 14582
14582 4500 10034
4592 8471 11710
11710 4592 8471
8471 4592 11710
798 4346 9930
9930 798 4346
4346 798 9930
10295 7421 12192
7421 10295 12192
12192 7421 10295
6984 2336 14570
14570 2336 6984
2336 6984 14570
640 8903 14901
8903 640 14901
14901 640 8903
12291 2111 14146
14146 2111 12291
2111 12291 14146
5256 4483 13144
4483 5256 13144
13144 4483 5256
11520 1222 8723
1222 8723 11520
8723 1222 11520
1267 4713 9709
9709 1267 4713
4713 1267 9709
505 11038 11888
11888 505 11038
11038 505 11888
7814 3795 12780
12780 3795 7814
3795 7814 12780
10323 428 13049
428 10323 13049
13049 428 10323
3410 7990 10722
10722 3410 7990
7990 3410 10722
444 10827 12129
10827 444 12129
12129 444 10827
6251 12362 12694
12694 6251 12362
12362 6251 12694
10842 7484 10263
7484 10263 10842
10263 7484 10842
826 2129 14742
14742 826 2129
2129 826 14742
3145 3899 9065
3899 3145 9065
9065 3145 3899
7812 4648 10687
4648 7812 10687
10687 4648 7812
3118 3091 5915
5915 3091 3118
3091 3118 5915
9606 10321 13417
13417 9606 10321
10321 9606 13417
12202 8148 14127
8148 12202 14127
14127 8148 12202
13969 3770 5897
3770 5897 13969
5897 3770 13969
12699 6542 14332
6542 12699 14332
14332 6542 12699
11500 9294 14384
9294 11500 14384
14384 9294 11500
9002 187 1305
1305 187 9002
187 1305 9002
2296 1069 3320
3320 1069 2296
1069 2296 3320
12429 11944 12790
11944 12429 12790
12790 11944 12429
6901 5046 14233
5046 6901 14233
14233 5046 6901
8905 3219 8650
8650 3219 8905
3219 8650 8905
6371 5476 9589
5476 6371 9589
9589 5476 6371
2057 10020 12340
10020 2057 12340
12340 2057 10020
233 4219 4264
4219 233 4264
4264 233 4219
10907 3361 9843
9843 3361 10907
3361 9843 10907
13766 5092 7123
7123 5092 13766
5092 7123 13766
7677 8992 11488
8992 7677 11488
11488 7677 8992
6256 2010 10264
2010 6256 10264
10264 2010 6256
10482 9789 12675
9789 10482 12675
12675 9789 10482
14121 701 13534
13534 701 14121
701 13534 14121
8582 840 3764
3764 840 8582
840 3764 8582
12419 563 12247
12247 563 12419
563 12247 12419
13869 8828 9609
9609 8828 13869
8828 9609 13869
946 5874 14221
14221 946 5874
5874 946 14221
3144 5547 6460
6460 3144 5547
5547 3144 6460
12233 3060 13096
13096 3060 12233
3060 12233 13096
6712 6762 12960
6762 6712 12960
12960 6712 6762
10601 2184 13627
13627 2184 10601
2184 10601 13627
8749 8934 9083
8934 8749 9083
9083 8749 8934
13711 7581 12783
7581 12783 13711
12783 7581 13711
8322 6044 10976
6044 8322 10976
10976 6044 8322
6670 2946 3609
2946 3609 6670
3609 2946 6670
6517 549 788
788 549 6517
549 788 6517
6650 11363 13950
13950 6650 11363
11363 6650 13950
11062 9639 12872
9639 11062 12872
12872 9639 11062
8864 1301 13080
1301 8864 13080
13080 1301 8864
1959 6315 8229
8229 1959 6315
6315 1959 8229
329 546 8930
546 329 8930
8930 329 546
4513 2101 11957
11957 2101 4513
2101 4513 11957
4587 1552 2510
2510 1552 4587
1552 2510 4587
6902 10531 10690
10531 6902 10690
10690 6902 10531
2999 2376 11768
2376 2999 11768
11768 2376 2999
7022 6915 10840
6915 7022 10840
10840 6915 7022
7759 7100 14513
14513 7100 7759
7100 7759 14513
13829 4694 7495
7495 4694 13829
4694 7495 13829
7410 3871 14808
14808 3871 7410
3871 7410 14808
8359 867 6678
6678 867 8359
867 6678 8359
11492 4497 13156
4497 11492 13156
13156 4497 11492
2793 5910 11307
11307 2793 5910
5910 2793 11307
8818 3457 14072
14072 3457 8818
3457 8818 14072
14262 538 2826
2826 538 14262
538 2826 14262
7699 5716 12652
12652 5716 7699
5716 7699 12652
9586 10838 13521
10838 9586 13521
13521 9586 10838
10851 9246 10436
10436 9246 10851
9246 10436 10851
10763 8292 9662
9662 8292 10763
8292 9662 10763
12060 9014 11620
11620 9014 12060
9014 11620 12060
13105 1902 7825
7825 1902 13105
1902 7825 13105
5327 5027 12622
5027 5327 12622
12622 5027 5327
13742 5542 11993
11993 5542 13742
5542 11993 13742
1288 7461 11630
7461 1288 11630
11630 1288 7461
9119 4399 12603
12603 4399 9119
4399 9119 12603
14932 3660 14265
3660 14265 14932
14265 3660 14932
8019 1670 12445
1670 8019 12445
12445 1670 8019
5012 7556 9418
9418 5012 7556
7556 5012 9418
559 5933 13359
5933 559 13359
13359 559 5933
3808 816 11297
816 3808 11297
11297 816 3808
9222 3461 10621
10621 3461 9222
3461 9222 10621
6589 7329 12832
7329 6589 12832
12832 6589 7329
9203 5016 6673
6673 5016 9203
5016 6673 9203
9426 5692 13992
13992 5692 9426
5692 9426 13992
14144 5837 13892
5837 13892 14144
13892 5837 14144
760 8748 14804
8748 760 14804
14804 760 8748
5342 9121 14328
9121 5342 14328
14328 5342 9121
4620 967 2350
967 2350 4620
2350 967 4620
9901 1651 11602
1651 9901 11602
11602 1651 9901
4003 10360 12846
12846 4003 10360
10360 4003 12846
1971 1610 3169
3169 1610 1971
1610 1971 3169
4378 521 6450
521 4378 6450
6450 521 4378
14326 1217 13169
1217 13169 14326
13169 1217 14326
3489 3834 12973
12973 3489 3834
3834 3489 12973
9724 4142 11426
11426 4142 9724
4142 9724 11426
13905 4609 12955
4609 12955 13905
12955 4609 13905
9377 13067 13278
13067 9377 13278
13278 9377 13067
7298 1016 12542
1016 7298 12542
12542 1016 7298
11490 2617 11934
11934 2617 11490
2617 11490 11934
3178 1158 2825
2825 1158 3178
1158 2825 3178
7609 15 447
447 15 7609
15 447 7609
12521 439 932
439 932 12521
932 439 12521
12031 6608 8888
6608 8888 12031
8888 6608 12031
879 189 3987
3987 189 879
189 879 3987
5313 11911 14634
14634 5313 11911
11911 5313 14634
14563 2616 6892
2616 6892 14563
6892 2616 14563
14129 6359 13219
6359 13219 14129
13219 6359 14129
13194 1586 9972
1586 9972 13194
9972 1586 13194
8073 2540 5823
5823 2540 8073
2540 5823 8073
8899 78 5501
5501 78 8899
78 5501 8899
2558 9267 12770
9267 2558 12770
12770 2558 9267
2196 5233 13181
5233 2196 13181
13181 2196 5233
10414 2630 5472
2630 5472 10414
5472 2630 10414
14512 404 2345
2345 404 14512
404 2345 14512
13600 3601 5147
5147 3601 13600
3601 5147 13600
901 269 12573
12573 269 901
269 901 12573
11475 5039 9826
9826 5039 11475
5039 9826 11475
4690 12206 14806
12206 4690 14806
14806 4690 12206
3617 1401 8673
1401 3617 8673
8673 1401 3617
4027 7697 7863
7863 4027 7697
7697 4027 7863
2842 7459 10996
10996 2842 7459
7459 2842 10996
14974 7949 13939
13939 7949 14974
7949 13939 14974
2741 10305 10639
10305 2741 10639
10639 2741 10305
4930 7567 9461
7567 4930 9461
9461 4930 7567
11726 5579 8010
8010 5579 11726
5579 8010 11726
1347 745 1520
1520 745 1347
745 1347 1520
6614 5435 9868
9868 5435 6614
5435 6614 9868
6832 7061 12940
7061 6832 12940
12940 6832 7061
8509 446 4531
4531 446 8509
446 4531 8509
11816 5879 9161
5879 9161 11816
9161 5879 11816
5018 1950 5567
1950 5018 5567
5567 1950 5018
6888 9859 13347
9859 6888 13347
13347 6888 9859
11723 5003 6862
5003 6862 11723
6862 5003 11723
183 2356 14267
14267 183 2356
2356 183 14267
12170 399 3680
399 3680 12170
3680 399 12170
3697 1822 11122
11122 1822 3697
1822 3697 11122
1624 5742 9591
9591 1624 5742
5742 1624 9591
14077 9356 12838
9356 12838 14077
12838 9356 14077
4924 13764 14687
14687 4924 13764
13764 4924 14687
7116 1487 11018
11018 1487 7116
1487 7116 11018
9652 5969 14048
5969 9652 14048
14048 5969 9652
2080 4753 12647
4753 2080 12647
12647 2080 4753
656 9317 13459
13459 656 9317
9317 656 13459
1392 7282 7535
7535 1392 7282
7282 1392 7535
13529 8058 8169
8058 8169 13529
8169 8058 13529
11202 2004 3737
3737 2004 11202
2004 3737 11202
1853 3405 4876
4876 1853 3405
3405 1853 4876
1760 4011 14421
14421 1760 4011
4011 1760 14421
1188 9601 12096
12096 1188 9601
9601 1188 12096
1890 11437 14625
14625 1890 11437
11437 1890 14625
14633 2048 6046
6046 2048 14633
2048 6046 14633
10917 5340 11060
5340 10917 11060
11060 5340 10917
8863 2729 14734
14734 2729 8863
2729 8863 14734
9922 8506 13895
13895 8506 9922
8506 9922 13895
10843 433 1098
433 1098 10843
1098 433 10843
2499 633 6236
633 2499 6236
6236 633 2499
8692 21 6129
21 6129 8692
6129 21 8692
6807 171 14726
14726 171 6807
171 6807 14726
9890 4091 8377
8377 4091 9890
4091 8377 9890
1220 5899 7925
7925 1220 5899
5899 1220 7925
10651 1464 12879
12879 1464 10651
1464 10651 12879
2241 2421 13288
2421 2241 13288
13288 2241 2421
4082 9497 13056
9497 4082 13056
13056 4082 9497
5198 3894 13839
13839 3894 5198
3894 5198 13839
4970 13571 14245
14245 4970 13571
13571 4970 14245
3520 4356 11097
11097 3520 4356
4356 3520 11097
14157 6590 8712
6590 8712 14157
8712 6590 14157
13350 4704 13580
13580 4704 13350
4704 13350 13580
10451 1606 14287
1606 10451 14287
14287 1606 10451
14749 3459 4216
3459 4216 14749
4216 3459 14749
44 6401 8366
8366 44 6401
6401 44 8366
5221 227 1599
1599 227 5221
227 1599 5221
1860 888 4566
888 1860 4566
4566 888 1860
7365 13624 14429
13624 7365 14429
14429 7365 13624
6959 9536 12597
12597 6959 9536
9536 6959 12597
1993 7904 11029
7904 1993 11029
11029 1993 7904
9861 358 14440
358 9861 14440
14440 358 9861
12520 4244 14105
4244 12520 14105
14105 4244 12520
12098 10050 13953
13953 10050 12098
10050 12098 13953
6660 2314 3866
3866 2314 6660
2314 3866 6660
7186 9325 14317
9325 7186 14317
14317 7186 9325
5647 2794 3704
3704 2794 5647
2794 3704 5647
11894 763 999
763 999 11894
999 763 11894
982 3538 9965
3538 982 9965
9965 982 3538
9727 13948 14448
14448 9727 13948
13948 9727 14448
3761 689 9685
9685 689 3761
689 3761 9685
9525 2483 14004
2483 9525 14004
14004 2483 9525
6757 6619 10558
6619 6757 10558
10558 6619 6757
9240 2490 10204
2490 9240 10204
10204 2490 9240
13277 286 8288
8288 286 13277
286 8288 13277
9733 6108 6819
6819 6108 9733
6108 6819 9733
12813 9363 14053
14053 9363 12813
9363 12813 14053
14391 1653 14797
14797 1653 14391
1653 14391 14797
1338 8595 11061
8595 1338 11061
11061 1338 8595
8495 9034 12773
9034 8495 12773
12773 8495 9034
11328 4910 9524
9524 4910 11328
4910 9524 11328
177 992 13733
13733 177 992
992 177 13733
5292 2744 13356
13356 2744 5292
2744 5292 13356
4603 3624 10538
3624 4603 10538
10538 3624 4603
9912 1717 6348
6348 1717 9912
1717 6348 9912
4093 4393 9664
4393 4093 9664
9664 4093 4393
13416 6353 7642
7642 6353 13416
6353 7642 13416
13554 4151 5831
5831 4151 13554
4151 5831 13554
11043 1412 13398
1412 11043 13398
13398 1412 11043
1037 796 5985
5985 796 1037
796 1037 5985
8492 7124 11942
11942 7124 8492
7124 8492 11942
3149 2600 3883
2600 3149 3883
3883 2600 3149
13132 325 8307
325 8307 13132
8307 325 13132
5396 3300 6299
3300 5396 6299
6299 3300 5396
12559 2949 7569
7569 2949 12559
2949 7569 12559
14357 6171 8550
8550 6171 14357
6171 8550 14357
9020 3508 14401
3508 9020 14401
14401 3508 9020
2958 3702 12472
12472 2958 3702
3702 2958 12472
107 9015 9437
9015 107 9437
9437 107 9015
12644 4083 11025
4083 11025 12644
11025 4083 12644
6224 6988 11608
11608 6224 6988
6988 6224 11608
10600 4514 5772
4514 5772 10600
5772 4514 10600
6695 6376 6398
6376 6398 6695
6398 6376 6695
6215 569 13715
569 6215 13715
13715 569 6215
7470 3944 14443
3944 7470 14443
14443 3944 7470
2615 5140 14438
14438 2615 5140
5140 2615 14438
14712 5317 12982
12982 5317 14712
5317 12982 14712
10836 3437 12717
12717 3437 10836
3437 10836 12717
9071 9687 9905
9905 9071 9687
9687 9071 9905
11560 693 6639
6639 693 11560
693 6639 11560
4100 6214 10846
10846 4100 6214
6214 4100 10846
5464 2178 7592
2178 5464 7592
7592 2178 5464
7666 10052 13522
13522 7666 10052
10052 7666 13522
14841 3193 11379
3193 11379 14841
11379 3193 14841
11637 9103 14584
14584 9103 11637
9103 11637 14584
14670 11581 11803
11581 11803 14670
11803 11581 14670
1089 11893 13251
13251 1089 11893
11893 1089 13251
3241 12556 14400
14400 3241 12556
12556 3241 14400
19 2906 4275
4275 19 2906
2906 19 4275
7782 9095 11164
11164 7782 9095
9095 7782 11164
14412 11575 12728
11575 12728 14412
12728 11575 14412
3962 4381 4717
4717 3962 4381
4381 3962 4717
10468 2070 2651
2651 2070 10468
2070 2651 10468
11939 2498 5211
5211 2498 11939
2498 5211 11939
13586 7241 13849
7241 13586 13849
13849 7241 13586
8547 4416 13289
13289 4416 8547
4416 8547 13289
7529 12080 12669
12669 7529 12080
12080 7529 12669
10638 10101 14919
10101 10638 14919
14919 10101 10638
7336 7128 14569
7128 7336 14569
14569 7128 7336
732 5344 6800
6800 732 5344
5344 732 6800
4350 12092 12568
12568 4350 12092
12092 4350 12568
3187 7301 10114
10114 3187 7301
7301 3187 10114
7121 3637 4407
3637 4407 7121
4407 3637 7121
1114 7088 10729
7088 1114 10729
10729 1114 7088
9517 8786 11119
8786 9517 11119
11119 8786 9517
62 3521 7304
3521 62 7304
7304 62 3521
14731 8991 13467
8991 13467 14731
13467 8991 14731
200 12900 13893
12900 200 13893
13893 200 12900
6863 3768 10304
10304 3768 6863
3768 6863 10304
10352 5990 9429
9429 5990 10352
5990 9429 10352
4952 9162 12013
12013 4952 9162
9162 4952 12013
9411 565 3798
565 3798 9411
3798 565 9411
8821 1235 2965
1235 2965 8821
2965 1235 8821
2103 9565 14007
9565 2103 14007
14007 2103 9565
14149 9125 13541
9125 13541 14149
13541 9125 14149
14319 1177 5074
5074 1177 14319
1177 5074 14319
4336 10395 14047
10395 4336 14047
14047 4336 10395
10652 2027 5775
2027 5775 10652
5775 2027 10652
2582 4104 11839
4104 2582 11839
11839 2582 4104
11889 1005 13209
1005 11889 13209
13209 1005 11889
6793 9597 10753
9597 6793 10753
10753 6793 9597
6616 252 2704
252 2704 6616
2704 252 6616
925 4239 10453
10453 925 4239
4239 925 10453
8441 7142 14437
7142 8441 14437
14437 7142 8441
7910 984 3855
984 3855 7910
3855 984 7910
5937 3629 4565
4565 3629 5937
3629 4565 5937
448 2634 3634
2634 448 3634
3634 448 2634
13135 13801 14548
13801 13135 14548
14548 13135 13801
512 8337 11134
8337 512 11134
11134 512 8337
2643 1676 14860
14860 1676 2643
1676 2643 14860
9512 9428 13848
9428 9512 13848
13848 9428 9512
14042 8811 10254
8811 10254 14042
10254 8811 14042
7764 3829 8994
8994 3829 7764
3829 7764 8994
9753 9252 11256
9252 9753 11256
11256 9252 9753
750 3789 5858
5858 750 3789
3789 750 5858
1094 3724 4056
4056 1094 3724
3724 1094 4056
14733 10745 11565
10745 11565 14733
11565 10745 14733
12870 4582 8793
4582 8793 12870
8793 4582 12870
11506 3369 8075
3369 8075 11506
8075 3369 11506
8691 4135 11636
4135 8691 11636
11636 4135 8691
12142 5055 11550
11550 5055 12142
5055 11550 12142
223 7579 10025
7579 223 10025
10025 223 7579
13787 6504 13488
6504 13488 13787
13488 6504 13787
10039 2910 6248
2910 6248 10039
6248 2910 10039
11497 1113 5309
5309 1113 11497
1113 5309 11497
14989 6411 11913
11913 6411 14989
6411 11913 14989
12240 8276 9661
9661 8276 12240
8276 9661 12240
5321 9210 10880
9210 5321 10880
10880 5321 9210
4886 1729 4374
4374 1729 4886
1729 4374 4886
1330 2338 14015
2338 1330 14015
14015 1330 2338
10320 4829 8684
4829 8684 10320
8684 4829 10320
11610 4331 12877
12877 4331 11610
4331 11610 12877
2597 64 14247
14247 64 2597
64 2597 14247
5989 6782 8196
6782 5989 8196
8196 5989 6782
2860 507 6518
507 2860 6518
6518 507 2860
13307 2065 2506
2065 2506 13307
2506 2065 13307
3638 5676 5945
5676 3638 5945
5945 3638 5676
8619 5744 9043
9043 5744 8619
5744 8619 9043
10327 673 9367
673 9367 10327
9367 673 10327
6530 6138 14530
14530 6138 6530
6138 6530 14530
12348 8121 14967
8121 12348 14967
14967 8121 12348
9532 6394 7238
7238 6394 9532
6394 7238 9532
3875 9673 12745
9673 3875 12745
12745 3875 9673
1560 1295 7143
1295 1560 7143
7143 1295 1560
14148 6323 9286
9286 6323 14148
6323 9286 14148
7653 6043 10811
10811 6043 7653
6043 7653 10811
11806 5034 13137
13137 5034 11806
5034 11806 13137
12299 5974 8508
8508 5974 12299
5974 8508 12299
7564 5010 7504
5010 7504 7564
7504 5010 7564
9321 8100 12011
8100 9321 12011
12011 8100 9321
4061 2312 10146
10146 2312 4061
2312 4061 10146
10495 8067 8102
8102 8067 10495
8067 8102 10495
1209 1270 4054
4054 1209 1270
1270 1209 4054
1105 2830 5411
5411 1105 2830
2830 1105 5411
11884 359 6827
359 6827 11884
6827 359 11884
4493 1827 9279
1827 4493 9279
9279 1827 4493
133 3127 5151
3127 133 5151
5151 133 3127
7406 7242 8719
7242 7406 8719
8719 7242 7406
1775 7809 9701
9701 1775 7809
7809 1775 9701
2831 139 2305
139 2305 2831
2305 139 2831
6928 1631 11614
1631 6928 11614
11614 1631 6928
12748 8889 12249
8889 12249 12748
12249 8889 12748
13649 1041 13365
13365 1041 13649
1041 13365 13649
6151 4520 5311
5311 4520 6151
4520 5311 6151
1875 3188 5955
5955 1875 3188
3188 1875 5955
7283 6484 10265
10265 6484 7283
6484 7283 10265
6433 2708 4947
2708 4947 6433
4947 2708 6433
1054 6064 7097
6064 1054 7097
7097 1054 6064
12646 6630 12450
12450 6630 12646
6630 12450 12646
14312 1002 13099
13099 1002 14312
1002 13099 14312
2093 8206 9556
8206 2093 9556
9556 2093 8206
10064 6870 7466
6870 7466 10064
7466 6870 10064
10442 7412 11589
11589 7412 10442
7412 10442 11589
6142 8096 10048
10048 6142 8096
8096 6142 10048
3025 2649 12394
2649 3025 12394
12394 2649 3025
13957 8841 11244
8841 11244 13957
11244 8841 13957
12087 2161 2610
2610 2161 12087
2161 2610 12087
2465 5661 5912
5661 2465 5912
5912 2465 5661
11096 6351 8528
6351 8528 11096
8528 6351 11096
10113 2673 11280
11280 2673 10113
2673 10113 11280
14502 7633 12270
7633 12270 14502
12270 7633 14502
8517 2735 5269
5269 2735 8517
2735 5269 8517
5635 644 13177
13177 644 5635
644 5635 13177
4338 671 6124
671 4338 6124
6124 671 4338
8783 10603 14423
10603 8783 14423
14423 8783 10603
6825 1617 9954
1617 6825 9954
9954 1617 6825
409 468 10206
468 409 10206
10206 409 468
6749 1761 14229
1761 6749 14229
14229 1761 6749
6716 7551 13682
13682 6716 7551
7551 6716 13682
8823 2279 8476
2279 8476 8823
8476 2279 8823
13128 4265 5372
4265 5372 13128
5372 4265 13128
229 11649 13825
11649 229 13825
13825 229 11649
7610 3599 4444
3599 4444 7610
4444 3599 7610
14884 3558 12616
12616 3558 14884
3558 12616 14884
12048 8912 14556
8912 12048 14556
14556 8912 12048
10294 3306 14453
3306 10294 14453
14453 3306 10294
14646 2218 6786
6786 2218 14646
2218 6786 14646
14865 2822 14607
2822 14607 14865
14607 2822 14865
13017 8022 11383
8022 11383 13017
11383 8022 13017
8775 7360 13212
7360 8775 13212
13212 7360 8775
6967 2647 9863
9863 2647 6967
2647 6967 9863
9794 7285 10716
7285 9794 10716
10716 7285 9794
14735 4892 14028
14028 4892 14735
4892 14028 14735
7140 4709 14316
14316 4709 7140
4709 7140 14316
1172 8144 12856
8144 1172 12856
12856 1172 8144
6506 4698 12797
4698 6506 12797
12797 4698 6506
2718 2696 4479
2696 2718 4479
4479 2696 2718
8569 8411 11054
8411 8569 11054
11054 8411 8569
6487 847 8693
8693 847 6487
847 6487 8693
3566 6068 10582
10582 3566 6068
6068 3566 10582
10056 10287 12101
10287 10056 12101
12101 10056 10287
7976 489 1516
1516 489 7976
489 1516 7976
5944 5620 11170
5620 5944 11170
11170 5620 5944
3147 7638 14649
7638 3147 14649
14649 3147 7638
8080 4705 5878
4705 5878 8080
5878 4705 8080
7401 1848 5607
5607 1848 7401
1848 5607 7401
11432 9545 14773
14773 9545 11432
9545 11432 14773
12360 8649 12099
12099 8649 12360
8649 12099 12360
14476 12591 13793
12591 13793 14476
13793 12591 14476
2408 2414 4975
2414 2408 4975
4975 2408 2414
1659 395 14985
14985 395 1659
395 1659 14985
2993 2500 7842
2500 2993 7842
7842 2500 2993
6093 9406 12539
9406 6093 12539
12539 6093 9406
2950 1097 2147
1097 2147 2950
2147 1097 2950
3208 1043 11455
1043 3208 11455
11455 1043 3208
2579 2013 14917
2013 2579 14917
14917 2013 2579
11451 10675 12365
10675 11451 12365
12365 10675 11451
2372 9031 10007
9031 2372 10007
10007 2372 9031
9019 8832 13991
8832 9019 13991
13991 8832 9019
6004 5515 13845
13845 5515 6004
5515 6004 13845
14945 10995 12589
10995 12589 14945
12589 10995 14945
706 6966 7246
6966 706 7246
7246 706 6966
13378 8955 9938
8955 9938 13378
9938 8955 13378
7254 2909 12651
2909 7254 12651
12651 2909 7254
6191 5681 11709
5681 6191 11709
11709 5681 6191
5179 298 1883
1883 298 5179
298 1883 5179
13634 12351 13779
12351 13634 13779
13779 12351 13634
1402 4076 10443
4076 1402 10443
10443 1402 4076
9148 8596 9259
8596 9148 9259
9259 8596 9148
6434 5062 6349
6349 5062 6434
5062 6349 6434
1793 3679 11776
11776 1793 3679
3679 1793 11776
5867 1837 7917
1837 5867 7917
7917 1837 5867
6926 6144 8130
6144 6926 8130
8130 6144 6926
4543 722 12954
12954 722 4543
722 4543 12954
3108 9 8729
9 3108 8729
8729 9 3108
11604 3179 9828
9828 3179 11604
3179 9828 11604
14754 6100 8297
6100 8297 14754
8297 6100 14754
9359 2613 11898
11898 2613 9359
2613 9359 11898
630 6431 7732
6431 630 7732
7732 630 6431
7445 8312 14482
8312 7445 14482
14482 7445 8312
1194 3196 13153
3196 1194 13153
13153 1194 3196
4021 8188 14339
8188 4021 14339
14339 4021 8188
7659 10535 13579
10535 7659 13579
13579 7659 10535
13754 5029 8370
5029 8370 13754
8370 5029 13754
11430 6899 11041
6899 11041 11430
11041 6899 11430
1219 4978 5844
4978 1219 5844
5844 1219 4978
5727 4783 7464
4783 5727 7464
7464 4783 5727
7074 1050 10203
1050 7074 10203
10203 1050 7074
6238 1243 5604
5604 1243 6238
1243 5604 6238
909 7240 14701
14701 909 7240
7240 909 14701
12805 12356 14124
12356 12805 14124
14124 12356 12805
11036 5612 8600
8600 5612 11036
5612 8600 11036
10044 811 6964
6964 811 10044
811 6964 10044
2440 4814 9833
9833 2440 4814
4814 2440 9833
10317 3845 7559
3845 7559 10317
7559 3845 10317
14414 3040 4340
3040 4340 14414
4340 3040 14414
11330 4763 8576
8576 4763 11330
4763 8576 11330
12807 4379 4448
4448 4379 12807
4379 4448 12807
5654 8145 12321
8145 5654 12321
12321 5654 8145
366 5555 11529
5555 366 11529
11529 366 5555
2460 6154 14647
6154 2460 14647
14647 2460 6154
9742 7072 10299
10299 7072 9742
7072 9742 10299
2106 2874 3336
3336 2106 2874
2874 2106 3336
5445 1754 9388
1754 5445 9388
9388 1754 5445
5732 1980 4617
1980 4617 5732
4617 1980 5732
9308 2930 6132
2930 6132 9308
6132 2930 9308
3759 1047 12258
1047 3759 12258
12258 1047 3759
13923 8794 12398
8794 12398 13923
12398 8794 13923
5298 5709 9160
5709 5298 9160
9160 5298 5709
6105 4261 12054
4261 6105 12054
12054 4261 6105
14375 12799 12817
12799 12817 14375
12817 12799 14375
6963 4430 14181
4430 6963 14181
14181 4430 6963
1579 1930 13854
1930 1579 13854
13854 1579 1930
4376 4629 10912
10912 4376 4629
4629 4376 10912
11114 2364 8893
8893 2364 11114
2364 8893 11114
11587 1472 14906
14906 1472 11587
1472 11587 14906
10699 2119 9144
2119 9144 10699
9144 2119 10699
3315 7761 14076
14076 3315 7761
7761 3315 14076
9917 711 14668
711 9917 14668
14668 711 9917
4687 8432 11535
11535 4687 8432
8432 4687 11535
3109 12069 13101
12069 3109 13101
13101 3109 12069
2022 1656 14128
1656 2022 14128
14128 1656 2022
13400 1021 10837
10837 1021 13400
1021 10837 13400
14629 1574 7468
1574 7468 14629
7468 1574 14629
14588 4421 9209
9209 4421 14588
4421 9209 14588
12709 7316 11921
7316 11921 12709
11921 7316 12709
4047 3458 11439
11439 3458 4047
3458 4047 11439
11956 8026 8686
8026 8686 11956
8686 8026 11956
8107 8239 13872
8239 8107 13872
13872 8107 8239
11180 7313 13085
13085 7313 11180
7313 11180 13085
14661 1156 7069
7069 1156 14661
1156 7069 14661
6447 155 13092
155 6447 13092
13092 155 6447
5240 13697 14140
14140 5240 13697
13697 5240 14140
3914 1942 12729
1942 3914 12729
12729 1942 3914
11980 8259 8306
8306 8259 11980
8259 8306 11980
1994 6408 7816
7816 1994 6408
6408 1994 7816
1328 6727 12239
12239 1328 6727
6727 1328 12239
1526 2354 9221
9221 1526 2354
2354 1526 9221
4001 3992 10354
3992 4001 10354
10354 3992 4001
11752 5232 12122
5232 11752 12122
12122 5232 11752
13512 9012 11425
9012 11425 13512
11425 9012 13512
12284 407 1983
1983 407 12284
407 1983 12284
13925 2562 13335
13335 2562 13925
2562 13335 13925
6496 1783 8962
1783 6496 8962
8962 1783 6496
1514 1014 4163
1014 1514 4163
4163 1014 1514
9547 4519 8298
8298 4519 9547
4519 8298 9547
12816 6362 12244
6362 12244 12816
12244 6362 12816
389 1115 5911
5911 389 1115
1115 389 5911
2557 9262 13235
9262 2557 13235
13235 2557 9262
5536 9944 14869
14869 5536 9944
9944 5536 14869
11427 425 8309
425 8309 11427
8309 425 11427
10799 7030 10752
10752 7030 10799
7030 10752 10799
11792 10908 14060
10908 11792 14060
14060 10908 11792
2128 8762 10409
8762 2128 10409
10409 2128 8762
11047 13340 14392
13340 11047 14392
14392 11047 13340
12470 5422 13871
13871 5422 12470
5422 12470 13871
8183 7947 9116
9116 7947 8183
7947 8183 9116
1454 508 3028
3028 508 1454
508 1454 3028
5728 6395 14509
14509 5728 6395
6395 5728 14509
14497 12711 13006
13006 12711 14497
12711 13006 14497
118 11324 11904
11904 118 11324
11324 118 11904
1529 375 2365
375 1529 2365
2365 375 1529
3052 684 12551
12551 684 3052
684 3052 12551
10486 7668 10631
10631 7668 10486
7668 10486 10631
1450 3754 4996
3754 1450 4996
4996 1450 3754
2168 4064 7619
4064 2168 7619
7619 2168 4064
937 13370 14320
14320 937 13370
13370 937 14320
6610 5929 9651
9651 5929 6610
5929 6610 9651
432 4697 11123
4697 432 11123
11123 432 4697
12376 11819 12847
12847 11819 12376
11819 12376 12847
6008 2756 6465
2756 6008 6465
6465 2756 6008
10671 11465 14014
11465 10671 14014
14014 10671 11465
9318 6183 9676
6183 9318 9676
9676 6183 9318
6640 2960 6385
6385 2960 6640
2960 6385 6640
5485 5155 13699
13699 5155 5485
5155 5485 13699
11669 10665 12547
12547 10665 11669
10665 11669 12547
13834 2641 10696
10696 2641 13834
2641 10696 13834
2265 8262 13178
8262 2265 13178
13178 2265 8262
2374 986 8883
986 2374 8883
8883 986 2374
9049 11155 12331
12331 9049 11155
11155 9049 12331
14846 7009 8599
8599 7009 14846
7009 8599 14846
12670 4081 7748
4081 7748 12670
7748 4081 12670
4920 775 11618
775 4920 11618
11618 775 4920
2134 9546 12266
12266 2134 9546
9546 2134 12266
6110 3934 11646
3934 6110 11646
11646 3934 6110
11592 4926 14832
14832 4926 11592
4926 11592 14832
10788 669 3674
3674 669 10788
669 3674 10788
9811 3900 14536
3900 9811 14536
14536 3900 9811
14620 2291 14131
14131 2291 14620
2291 14131 14620
8081 5549 5738
5738 5549 8081
5549 5738 8081
6453 3393 13388
13388 3393 6453
3393 6453 13388
2861 10741 11098
10741 2861 11098
11098 2861 10741
13357 875 14315
14315 875 13357
875 13357 14315
11644 6680 14691
6680 11644 14691
14691 6680 11644
7473 790 12410
790 7473 12410
12410 790 7473
12313 13455 13578
13578 12313 13455
13455 12313 13578
2259 2867 14365
14365 2259 2867
2867 2259 14365
13898 5705 13224
5705 13224 13898
13224 5705 13898
6210 7338 7641
7338 6210 7641
7641 6210 7338
8628 12108 13125
12108 8628 13125
13125 8628 12108
12531 2074 14058
2074 12531 14058
14058 2074 12531
6625 478 1540
478 1540 6625
1540 478 6625
12341 7462 11912
7462 11912 12341
11912 7462 12341
1479 8127 10390
10390 1479 8127
8127 1479 10390
574 11213 14500
11213 574 14500
14500 574 11213
4422 647 13269
647 4422 13269
13269 647 4422
5473 6432 11547
6432 5473 11547
11547 5473 6432
10221 560 10986
560 10221 10986
10986 560 10221
4067 3938 8976
8976 3938 4067
3938 4067 8976
13185 824 9465
824 9465 13185
9465 824 13185
6246 13932 14524
14524 6246 13932
13932 6246 14524
3498 2959 14259
2959 3498 14259
14259 2959 3498
3507 1346 10463
10463 1346 3507
1346 3507 10463
3409 7007 12124
12124 3409 7007
7007 3409 12124
8500 10262 12926
10262 8500 12926
12926 8500 10262
8344 2437 11039
11039 2437 8344
2437 8344 11039
8084 7519 12693
7519 8084 12693
12693 7519 8084
10091 663 1732
1732 663 10091
663 1732 10091
10032 2838 8539
2838 8539 10032
8539 2838 10032
2219 6858 13326
13326 2219 6858
6858 2219 13326
4689 2001 3915
2001 3915 4689
3915 2001 4689
1643 3961 6882
6882 1643 3961
3961 1643 6882
3696 2857 5576
5576 2857 3696
2857 3696 5576
2088 4058 12764
12764 2088 4058
4058 2088 12764
1506 2864 4989
4989 1506 2864
2864 1506 4989
5740 3124 14000
14000 3124 5740
3124 5740 14000
2045 6730 11665
11665 2045 6730
6730 2045 11665
7476 3888 11860
3888 7476 11860
11860 3888 7476
4247 6744 13319
13319 4247 6744
6744 4247 13319
2644 4817 10063
10063 2644 4817
4817 2644 10063
6054 11281 12268
12268 6054 11281
11281 6054 12268
6269 849 10710
10710 849 6269
849 6269 10710
1701 5585 8339
8339 1701 5585
5585 1701 8339
10319 1298 8280
1298 8280 10319
8280 1298 10319
5359 3667 10070
3667 5359 10070
10070 3667 5359
10503 11462 14186
11462 10503 14186
14186 10503 11462
356 3731 4994
4994 356 3731
3731 356 4994
13411 2983 11420
2983 11420 13411
11420 2983 13411
6593 860 8711
860 6593 8711
8711 860 6593
8984 831 14667
831 8984 14667
14667 831 8984
12755 1703 11590
11590 1703 12755
1703 11590 12755
11232 3929 6489
6489 3929 11232
3929 6489 11232
6809 6497 9510
6497 6809 9510
9510 6497 6809
151 1583 9495
9495 151 1583
1583 151 9495
13182 2545 8155
8155 2545 13182
2545 8155 13182
11699 6153 6655
6655 6153 11699
6153 6655 11699
2385 5262 11371
5262 2385 11371
11371 2385 5262
13960 5723 12528
5723 12528 13960
12528 5723 13960
7727 7765 13231
7765 7727 13231
13231 7727 7765
5474 962 13315
962 5474 13315
13315 962 5474
12937 9158 9825
9825 9158 12937
9158 9825 12937
1247 3216 6365
3216 1247 6365
6365 1247 3216
1253 1369 2607
2607 1253 1369
1369 1253 2607
1434 991 12063
12063 991 1434
991 1434 12063
4998 7334 9042
7334 4998 9042
9042 4998 7334
4220 537 13784
13784 537 4220
537 4220 13784
1408 460 14912
14912 460 1408
460 1408 14912
11642 5441 7511
7511 5441 11642
5441 7511 11642
192 3568 9715
9715 192 3568
3568 192 9715
4802 8308 11316
8308 4802 11316
11316 4802 8308
494 4109 4915
4915 494 4109
4109 494 4915
11332 912 13186
912 11332 13186
13186 912 11332
4319 6631 7274
7274 4319 6631
6631 4319 7274
367 4749 9345
9345 367 4749
4749 367 9345
4840 3141 3403
3141 3403 4840
3403 3141 4840
10828 10876 10878
10876 10828 10878
10878 10828 10876
2170 880 4739
4739 880 2170
880 2170 4739
11442 2262 14725
14725 2262 11442
2262 11442 14725
13865 7565 14732
14732 7565 13865
7565 13865 14732
13154 3605 3645
3645 3605 13154
3605 3645 13154
2836 8238 8703
8703 2836 8238
8238 2836 8703
13833 6439 9923
6439 9923 13833
9923 6439 13833
