141729 47841 81518
47841 81518 141729
81518 47841 141729
111181 71990 117306
71990 111181 117306
117306 71990 111181
14207 31516 122587
122587 14207 31516
31516 14207 122587
57047 12274 54839
12274 54839 57047
54839 12274 57047
145355 12628 21807
12628 21807 145355
21807 12628 145355
48047 68267 104018
104018 48047 68267
68267 48047 104018
29379 30846 85639
85639 29379 30846
30846 29379 85639
104518 5380 114528
114528 5380 104518
5380 104518 114528
26288 32289 77053
32289 26288 77053
77053 26288 32289
118249 83957 145348
83957 118249 145348
145348 83957 118249
49525 19450 60594
19450 49525 60594
60594 19450 49525
138081 75566 91514
91514 75566 138081
75566 91514 138081
22194 1100 87775
87775 1100 22194
1100 22194 87775
74014 7859 64517
64517 7859 74014
7859 64517 74014
107780 21353 102762
102762 21353 107780
21353 102762 107780
11724 73326 103184
103184 11724 73326
73326 11724 103184
130314 56320 141417
141417 56320 130314
56320 130314 141417
85195 1018 149624
149624 1018 85195
1018 85195 149624
28461 40392 103448
103448 28461 40392
40392 28461 103448
14692 55209 130282
55209 14692 130282
130282 14692 55209
147163 134379 139406
134379 139406 147163
139406 134379 147163
69149 3765 91970
91970 3765 69149
3765 69149 91970
48241 103297 129797
103297 48241 129797
129797 48241 103297
137318 79325 93239
79325 93239 137318
93239 79325 137318
131144 36538 53266
53266 36538 131144
36538 53266 131144
32694 57172 87098
57172 32694 87098
87098 32694 57172
72295 30155 114455
30155 72295 114455
114455 30155 72295
2580 4183 99633
99633 2580 4183
4183 2580 99633
131940 93982 120174
93982 120174 131940
120174 93982 131940
17718 86356 112182
112182 17718 86356
86356 17718 112182
17679 26298 125248
26298 17679 125248
125248 17679 26298
42822 39822 87222
87222 39822 42822
39822 42822 87222
4051 111456 125421
125421 4051 111456
111456 4051 125421
25338 16573 126807
16573 25338 126807
126807 16573 25338
30804 24878 40922
24878 30804 40922
40922 24878 30804
88653 80592 138819
80592 88653 138819
138819 80592 88653
54433 62119 116602
116602 54433 62119
62119 54433 116602
95668 79680 84726
79680 84726 95668
84726 79680 95668
149413 61380 135390
135390 61380 149413
61380 135390 149413
64075 36103 99379
99379 36103 64075
36103 64075 99379
95853 79989 82835
82835 79989 95853
79989 82835 95853
66117 116567 134629
116567 66117 134629
134629 66117 116567
78642 56439 135515
135515 56439 78642
56439 78642 135515
70204 10224 132933
132933 10224 70204
10224 70204 132933
138353 17082 64603
64603 17082 138353
17082 64603 138353
62666 42888 96692
42888 62666 96692
96692 42888 62666
145089 114735 144638
114735 144638 145089
144638 114735 145089
112581 9719 22241
22241 9719 112581
9719 22241 112581
40913 23389 28177
28177 23389 40913
23389 28177 40913
74138 5483 98330
98330 5483 74138
5483 74138 98330
86709 31716 140716
140716 31716 86709
31716 86709 140716
143868 44789 144705
44789 143868 144705
144705 44789 143868
10738 5423 142190
142190 5423 10738
5423 10738 142190
4117 119972 145800
119972 4117 145800
145800 4117 119972
27650 127046 129532
127046 27650 129532
129532 27650 127046
118051 98210 107430
107430 98210 118051
98210 107430 118051
42934 59285 66613
59285 42934 66613
66613 42934 59285
134072 118156 118256
118256 118156 134072
118156 118256 134072
123377 41448 106262
41448 106262 123377
106262 41448 123377
396 35563 60974
35563 396 60974
60974 396 35563
97497 62999 132394
132394 62999 97497
62999 97497 132394
39001 63669 98017
98017 39001 63669
63669 39001 98017
122830 54429 122288
54429 122288 122830
122288 54429 122830
9486 48191 67580
67580 9486 48191
48191 9486 67580
83751 68596 73093
68596 73093 83751
73093 68596 83751
117179 90494 111729
90494 111729 117179
111729 90494 117179
42434 7897 37247
37247 7897 42434
7897 37247 42434
124841 50703 85734
85734 50703 124841
50703 85734 124841
32307 58711 116238
116238 32307 58711
58711 32307 116238
139787 8894 135950
135950 8894 139787
8894 135950 139787
43731 2142 24499
2142 24499 43731
24499 2142 43731
36608 5564 78011
78011 5564 36608
5564 36608 78011
101190 62813 63768
63768 62813 101190
62813 63768 101190
128427 18874 108839
108839 18874 128427
18874 108839 128427
106400 79595 87421
79595 87421 106400
87421 79595 106400
149327 67572 129626
129626 67572 149327
67572 129626 149327
137561 44204 123534
123534 44204 137561
44204 123534 137561
99716 739 50887
50887 739 99716
739 50887 99716
96519 35175 140141
35175 96519 140141
140141 35175 96519
68973 7204 36916
7204 36916 68973
36916 7204 68973
83713 75706 149947
75706 83713 149947
149947 75706 83713
37782 32341 34289
34289 32341 37782
32341 34289 37782
68803 67678 72933
72933 67678 68803
67678 68803 72933
89855 4223 147142
4223 89855 147142
147142 4223 89855
22257 15040 35509
15040 22257 35509
35509 15040 22257
77354 23573 132776
23573 77354 132776
132776 23573 77354
136964 15745 117501
117501 15745 136964
15745 117501 136964
25866 43648 126376
126376 25866 43648
43648 25866 126376
90470 6625 93656
93656 6625 90470
6625 90470 93656
86900 55776 92905
92905 55776 86900
55776 86900 92905
23444 45617 70158
45617 23444 70158
70158 23444 45617
95423 33994 135299
135299 33994 95423
33994 95423 135299
4642 8674 97912
97912 4642 8674
8674 4642 97912
55746 32306 102440
102440 32306 55746
32306 55746 102440
29767 66192 102944
102944 29767 66192
66192 29767 102944
4332 13505 49733
49733 4332 13505
13505 4332 49733
31780 56207 84942
56207 31780 84942
84942 31780 56207
60543 41458 134826
134826 41458 60543
41458 60543 134826
2007 18784 43157
43157 2007 18784
18784 2007 43157
87931 87663 99673
87663 87931 99673
99673 87663 87931
75578 111951 127904
127904 75578 111951
111951 75578 127904
135690 100133 138300
100133 135690 138300
138300 100133 135690
43099 35356 52405
35356 43099 52405
52405 35356 43099
72810 45873 89680
45873 72810 89680
89680 45873 72810
36378 30900 113454
113454 30900 36378
30900 36378 113454
119269 133651 143633
143633 119269 133651
133651 119269 143633
59353 52722 122470
52722 59353 122470
122470 52722 59353
32941 14640 54897
54897 14640 32941
14640 32941 54897
39904 39079 105236
105236 39079 39904
39079 39904 105236
127759 75748 96155
96155 75748 127759
75748 96155 127759
120724 86446 140170
140170 86446 120724
86446 120724 140170
42553 24407 48404
48404 24407 42553
24407 42553 48404
105353 63043 94787
94787 63043 105353
63043 94787 105353
24332 8661 147046
8661 24332 147046
147046 8661 24332
125105 10389 131135
10389 125105 131135
131135 10389 125105
18203 9379 25682
25682 9379 18203
9379 18203 25682
126534 16532 146304
16532 126534 146304
146304 16532 126534
72029 34858 53753
34858 53753 72029
53753 34858 72029
128762 1622 80816
80816 1622 128762
1622 80816 128762
58569 23421 99732
23421 58569 99732
99732 23421 58569
28930 37078 126275
126275 28930 37078
37078 28930 126275
148706 10112 77636
77636 10112 148706
10112 77636 148706
88152 15971 96643
15971 88152 96643
96643 15971 88152
128041 16193 49968
49968 16193 128041
16193 49968 128041
45914 4255 49173
49173 4255 45914
4255 45914 49173
32843 65654 65849
65849 32843 65654
65654 32843 65849
92267 9343 63213
63213 9343 92267
9343 63213 92267
48122 99110 131052
131052 48122 99110
99110 48122 131052
103527 22503 116851
22503 103527 116851
116851 22503 103527
110316 28144 94943
94943 28144 110316
28144 94943 110316
123068 84342 114791
114791 84342 123068
84342 114791 123068
29434 26242 49964
26242 29434 49964
49964 26242 29434
136075 23743 79206
23743 79206 136075
79206 23743 136075
98249 72456 95687
72456 95687 98249
95687 72456 98249
47470 24611 62826
24611 47470 62826
62826 24611 47470
118778 49219 100525
100525 49219 118778
49219 100525 118778
27651 5247 94131
5247 27651 94131
94131 5247 27651
48064 91747 119230
91747 48064 119230
119230 48064 91747
94241 64478 70161
64478 70161 94241
70161 64478 94241
103473 77550 79389
79389 77550 103473
77550 79389 103473
19730 59245 95955
59245 19730 95955
95955 19730 59245
149035 136772 140752
136772 140752 149035
140752 136772 149035
86743 42983 76377
42983 76377 86743
76377 42983 86743
37840 45171 66221
66221 37840 45171
45171 37840 66221
50327 26781 31958
26781 31958 50327
31958 26781 50327
52007 6306 65423
65423 6306 52007
6306 52007 65423
20097 49817 124620
124620 20097 49817
49817 20097 124620
45758 110983 143433
110983 45758 143433
143433 45758 110983
2082 92799 101046
101046 2082 92799
92799 2082 101046
81654 40103 111075
40103 81654 111075
111075 40103 81654
82499 36245 51712
51712 36245 82499
36245 51712 82499
84718 130601 142004
142004 84718 130601
130601 84718 142004
110714 23562 121263
23562 110714 121263
121263 23562 110714
70875 9197 129676
129676 9197 70875
9197 70875 129676
71664 48972 146599
146599 48972 71664
48972 71664 146599
52032 43764 149034
149034 43764 52032
43764 52032 149034
139387 3194 8085
8085 3194 139387
3194 8085 139387
86196 49985 105951
105951 49985 86196
49985 86196 105951
2301 51415 138072
51415 2301 138072
138072 2301 51415
105801 58084 134279
58084 105801 134279
134279 58084 105801
8712 107495 144698
107495 8712 144698
144698 8712 107495
27529 97599 116532
116532 27529 97599
97599 27529 116532
34972 28968 100266
100266 28968 34972
28968 34972 100266
67165 44429 86307
44429 67165 86307
86307 44429 67165
19947 29047 128541
128541 19947 29047
29047 19947 128541
104990 38759 94558
94558 38759 104990
38759 94558 104990
135248 14681 91220
14681 91220 135248
91220 14681 135248
35823 101719 118459
118459 35823 101719
101719 35823 118459
112496 47062 119506
119506 47062 112496
47062 112496 119506
54101 17520 20322
17520 20322 54101
20322 17520 54101
45069 29035 98977
29035 45069 98977
98977 29035 45069
93800 39520 132169
132169 39520 93800
39520 93800 132169
122405 11442 81251
81251 11442 122405
11442 81251 122405
21715 82896 137574
82896 21715 137574
137574 21715 82896
69649 58978 117329
58978 69649 117329
117329 58978 69649
148731 48548 114141
48548 114141 148731
114141 48548 148731
113292 70065 118149
70065 113292 118149
118149 70065 113292
127978 89323 122613
122613 89323 127978
89323 122613 127978
16791 68352 92276
92276 16791 68352
68352 16791 92276
119061 136929 141106
141106 119061 136929
136929 119061 141106
128470 41276 44096
44096 41276 128470
41276 44096 128470
98043 57550 98987
57550 98043 98987
98987 57550 98043
97549 75482 134782
75482 97549 134782
134782 75482 97549
74414 31807 115634
31807 74414 115634
115634 31807 74414
119409 12462 21945
12462 21945 119409
21945 12462 119409
3326 63742 84372
63742 3326 84372
84372 3326 63742
109572 37801 44853
37801 44853 109572
44853 37801 109572
148721 12123 112474
12123 112474 148721
112474 12123 148721
53448 65298 122408
65298 53448 122408
122408 53448 65298
8690 41414 107899
41414 8690 107899
107899 8690 41414
5587 124397 145791
124397 5587 145791
145791 5587 124397
52605 20102 124325
124325 20102 52605
20102 52605 124325
83684 10408 97197
10408 83684 97197
97197 10408 83684
93847 41744 133035
133035 41744 93847
41744 93847 133035
45734 13194 88670
13194 45734 88670
88670 13194 45734
61049 41993 121328
121328 41993 61049
41993 61049 121328
107324 54776 109290
109290 54776 107324
54776 107324 109290
148308 56715 131259
131259 56715 148308
56715 131259 148308
74717 68503 145813
68503 74717 145813
145813 68503 74717
68780 39854 129134
129134 39854 68780
39854 68780 129134
148869 123123 139706
123123 139706 148869
139706 123123 148869
121304 17747 117909
117909 17747 121304
17747 117909 121304
76686 83427 137327
83427 76686 137327
137327 76686 83427
94230 35622 40538
40538 35622 94230
35622 40538 94230
98185 96466 108018
108018 96466 98185
96466 98185 108018
1012 66099 115568
66099 1012 115568
115568 1012 66099
121491 14062 113128
14062 113128 121491
113128 14062 121491
44787 74532 130976
130976 44787 74532
74532 44787 130976
101335 4071 135606
135606 4071 101335
4071 101335 135606
12078 10867 50507
50507 10867 12078
10867 12078 50507
130929 30442 59749
30442 59749 130929
59749 30442 130929
73964 41572 112030
112030 41572 73964
41572 73964 112030
107079 65593 73381
65593 73381 107079
73381 65593 107079
69601 7586 78568
7586 69601 78568
78568 7586 69601
103060 1415 134982
1415 103060 134982
134982 1415 103060
10661 7797 65688
7797 10661 65688
65688 7797 10661
78686 24696 86086
24696 78686 86086
86086 24696 78686
62018 57453 120342
120342 57453 62018
57453 62018 120342
93872 116961 132742
132742 93872 116961
116961 93872 132742
73451 41922 43109
41922 43109 73451
43109 41922 73451
125899 65294 137902
137902 65294 125899
65294 125899 137902
18922 63333 122690
63333 18922 122690
122690 18922 63333
24926 16614 104580
104580 16614 24926
16614 24926 104580
110947 119592 124107
119592 110947 124107
124107 110947 119592
85656 32974 43635
32974 43635 85656
43635 32974 85656
60151 6757 101250
101250 6757 60151
6757 60151 101250
88731 65295 133898
65295 88731 133898
133898 65295 88731
26773 133682 140183
140183 26773 133682
133682 26773 140183
91766 25807 46577
25807 46577 91766
46577 25807 91766
123406 45157 49199
49199 45157 123406
45157 49199 123406
123456 97953 110076
97953 110076 123456
110076 97953 123456
127474 68504 97440
97440 68504 127474
68504 97440 127474
39319 40845 99229
99229 39319 40845
40845 39319 99229
133477 135751 148792
148792 133477 135751
135751 133477 148792
99575 48129 54564
54564 48129 99575
48129 54564 99575
91217 34694 129279
34694 91217 129279
129279 34694 91217
63909 60245 131450
131450 60245 63909
60245 63909 131450
64918 39120 114580
39120 64918 114580
114580 39120 64918
109947 2677 147602
147602 2677 109947
2677 109947 147602
112368 62312 96317
62312 96317 112368
96317 62312 112368
28416 25073 129446
25073 28416 129446
129446 25073 28416
122158 51648 74373
74373 51648 122158
51648 74373 122158
29950 86320 99047
99047 29950 86320
86320 29950 99047
117875 64995 90668
90668 64995 117875
64995 90668 117875
38041 64771 83440
83440 38041 64771
64771 38041 83440
69884 1072 95002
1072 69884 95002
95002 1072 69884
48746 10092 76427
76427 10092 48746
10092 48746 76427
127315 100482 111104
100482 111104 127315
111104 100482 127315
116971 20695 76275
20695 76275 116971
76275 20695 116971
118273 499 59885
499 59885 118273
59885 499 118273
49983 22808 44937
44937 22808 49983
22808 44937 49983
87210 9442 43842
43842 9442 87210
9442 43842 87210
11308 98095 116408
116408 11308 98095
98095 11308 116408
47213 76873 87019
76873 47213 87019
87019 47213 76873
105096 31957 132974
31957 105096 132974
132974 31957 105096
47600 1531 16150
1531 16150 47600
16150 1531 47600
89205 141925 145774
145774 89205 141925
141925 89205 145774
131298 33299 45993
33299 45993 131298
45993 33299 131298
78919 146182 147513
147513 78919 146182
146182 78919 147513
82704 16642 113159
16642 82704 113159
113159 16642 82704
10043 33516 108918
33516 10043 108918
108918 10043 33516
41419 4283 105258
4283 41419 105258
105258 4283 41419
120605 23617 47453
23617 47453 120605
47453 23617 120605
96983 75811 139220
139220 75811 96983
75811 96983 139220
56382 19025 126210
126210 19025 56382
19025 56382 126210
121336 71273 126223
71273 121336 126223
126223 71273 121336
132722 76109 112382
76109 112382 132722
112382 76109 132722
11438 76355 137766
76355 11438 137766
137766 11438 76355
82813 45658 80792
80792 45658 82813
45658 80792 82813
99216 51805 69232
69232 51805 99216
51805 69232 99216
73129 81698 122358
122358 73129 81698
81698 73129 122358
103339 74939 84625
74939 84625 103339
84625 74939 103339
13375 35369 120230
120230 13375 35369
35369 13375 120230
38312 3018 18265
3018 18265 38312
18265 3018 38312
15985 56514 142392
142392 15985 56514
56514 15985 142392
14630 27758 48688
27758 14630 48688
48688 14630 27758
40863 82661 108031
82661 40863 108031
108031 40863 82661
130550 8059 50803
50803 8059 130550
8059 50803 130550
75370 28967 72148
28967 72148 75370
72148 28967 75370
13899 79655 81170
79655 13899 81170
81170 13899 79655
31816 8580 31012
31012 8580 31816
8580 31012 31816
147922 4826 102247
4826 102247 147922
102247 4826 147922
26554 53517 131824
131824 26554 53517
53517 26554 131824
34076 113391 129083
113391 34076 129083
129083 34076 113391
131286 12039 30354
12039 30354 131286
30354 12039 131286
24641 20418 47368
47368 20418 24641
20418 24641 47368
74659 91489 129182
91489 74659 129182
129182 74659 91489
134094 52768 120956
52768 120956 134094
120956 52768 134094
123521 51182 68045
68045 51182 123521
51182 68045 123521
113060 41661 146992
41661 113060 146992
146992 41661 113060
66932 2763 88674
88674 2763 66932
2763 66932 88674
133096 43744 82047
82047 43744 133096
43744 82047 133096
84772 18730 67909
18730 67909 84772
67909 18730 84772
133714 23140 92365
23140 92365 133714
92365 23140 133714
52762 139689 141360
139689 52762 141360
141360 52762 139689
137701 46546 112805
112805 46546 137701
46546 112805 137701
67348 53121 106324
53121 67348 106324
106324 53121 67348
73564 50019 121616
121616 50019 73564
50019 73564 121616
43626 75252 85807
85807 43626 75252
75252 43626 85807
121068 19765 46962
19765 46962 121068
46962 19765 121068
70746 12189 107584
12189 70746 107584
107584 12189 70746
48946 17742 125606
17742 48946 125606
125606 17742 48946
142429 29819 61281
29819 61281 142429
61281 29819 142429
97674 35486 111520
35486 97674 111520
111520 35486 97674
17979 2410 96739
2410 17979 96739
96739 2410 17979
38085 17836 72725
17836 38085 72725
72725 17836 38085
65621 91946 124286
91946 65621 124286
124286 65621 91946
97114 24675 49995
24675 49995 97114
49995 24675 97114
113646 55051 148335
55051 113646 148335
148335 55051 113646
20616 111768 126602
126602 20616 111768
111768 20616 126602
132265 68253 70839
70839 68253 132265
68253 70839 132265
28170 67960 127869
127869 28170 67960
67960 28170 127869
94535 48147 78490
78490 48147 94535
48147 78490 94535
94849 14395 56940
14395 56940 94849
56940 14395 94849
67426 102506 127752
102506 67426 127752
127752 67426 102506
118755 15664 55122
55122 15664 118755
15664 55122 118755
72735 3436 124537
3436 72735 124537
124537 3436 72735
140514 9296 104236
9296 104236 140514
104236 9296 140514
129819 54283 57935
57935 54283 129819
54283 57935 129819
62108 8211 49623
8211 49623 62108
49623 8211 62108
11147 59029 88590
88590 11147 59029
59029 11147 88590
3033 79315 111811
79315 3033 111811
111811 3033 79315
100053 59424 131042
59424 100053 131042
131042 59424 100053
73166 1662 76612
76612 1662 73166
1662 73166 76612
21974 107544 119786
107544 21974 119786
119786 21974 107544
131285 76234 135141
76234 131285 135141
135141 76234 131285
62937 17600 121051
121051 17600 62937
17600 62937 121051
28567 106 13214
106 13214 28567
13214 106 28567
142011 86699 133044
133044 86699 142011
86699 133044 142011
121164 56437 143642
56437 121164 143642
143642 56437 121164
88952 16041 88722
16041 88722 88952
88722 16041 88952
92391 13371 39287
39287 13371 92391
13371 39287 92391
138368 72164 146368
72164 138368 146368
146368 72164 138368
14879 54629 61911
61911 14879 54629
54629 14879 61911
148068 25233 119963
119963 25233 148068
25233 119963 148068
64886 113194 120163
120163 64886 113194
113194 64886 120163
60976 11882 23513
11882 23513 60976
23513 11882 60976
97840 3073 23498
23498 3073 97840
3073 23498 97840
58881 81692 130485
130485 58881 81692
81692 58881 130485
25576 23494 120819
23494 25576 120819
120819 23494 25576
51292 40931 97098
40931 51292 97098
97098 40931 51292
119798 64323 98487
98487 64323 119798
64323 98487 119798
122390 4423 19182
4423 19182 122390
19182 4423 122390
61158 27435 94706
27435 61158 94706
94706 27435 61158
148060 10182 98084
10182 98084 148060
98084 10182 148060
4231 53716 91291
53716 4231 91291
91291 4231 53716
61037 42327 120312
120312 42327 61037
42327 61037 120312
70098 88105 118520
118520 70098 88105
88105 70098 118520
75813 95225 113232
95225 75813 113232
113232 75813 95225
137910 15950 106900
106900 15950 137910
15950 106900 137910
62483 91439 109648
109648 62483 91439
91439 62483 109648
54723 116119 137290
116119 54723 137290
137290 54723 116119
6225 17511 137499
17511 6225 137499
137499 6225 17511
34405 104045 147927
104045 34405 147927
147927 34405 104045
39400 21921 61153
61153 21921 39400
21921 39400 61153
123454 54369 85336
85336 54369 123454
54369 85336 123454
67054 25041 112726
112726 25041 67054
25041 67054 112726
82484 15024 87584
15024 82484 87584
87584 15024 82484
31674 58281 131180
58281 31674 131180
131180 31674 58281
114981 36619 63185
36619 63185 114981
63185 36619 114981
20403 11365 146888
146888 11365 20403
11365 20403 146888
7450 109693 140530
140530 7450 109693
109693 7450 140530
25501 7796 58807
58807 7796 25501
7796 25501 58807
929 4914 108437
108437 929 4914
4914 929 108437
45824 13478 124561
124561 13478 45824
13478 45824 124561
113356 95992 111360
111360 95992 113356
95992 111360 113356
45355 38713 41019
41019 38713 45355
38713 41019 45355
138383 58860 148535
58860 138383 148535
148535 58860 138383
81894 102752 103880
102752 81894 103880
103880 81894 102752
87788 63015 85839
63015 85839 87788
85839 63015 87788
84716 120159 134750
134750 84716 120159
120159 84716 134750
31353 46659 109032
46659 31353 109032
109032 31353 46659
19537 34175 101529
101529 19537 34175
34175 19537 101529
70152 58305 83018
58305 70152 83018
83018 58305 70152
50488 23320 76158
76158 23320 50488
23320 50488 76158
122026 52923 96659
52923 96659 122026
96659 52923 122026
1042 115814 142048
142048 1042 115814
115814 1042 142048
84377 85009 108803
108803 84377 85009
85009 84377 108803
55470 90436 133844
133844 55470 90436
90436 55470 133844
55559 19529 54961
19529 54961 55559
54961 19529 55559
107102 101170 106818
101170 106818 107102
106818 101170 107102
94371 124857 144406
144406 94371 124857
124857 94371 144406
113217 67048 114027
67048 113217 114027
114027 67048 113217
83852 2013 122678
2013 83852 122678
122678 2013 83852
98899 7012 106675
7012 98899 106675
106675 7012 98899
7082 115421 129845
129845 7082 115421
115421 7082 129845
1040 75428 99594
99594 1040 75428
75428 1040 99594
18903 59553 144188
144188 18903 59553
59553 18903 144188
86038 4275 140215
4275 86038 140215
140215 4275 86038
131457 27696 55279
27696 55279 131457
55279 27696 131457
139854 9977 76961
9977 76961 139854
76961 9977 139854
125524 55345 110942
110942 55345 125524
55345 110942 125524
98292 4244 93335
4244 93335 98292
93335 4244 98292
36550 79410 149422
149422 36550 79410
79410 36550 149422
110326 69541 99974
99974 69541 110326
69541 99974 110326
58031 77857 123152
123152 58031 77857
77857 58031 123152
57515 48863 142890
142890 48863 57515
48863 57515 142890
14193 32940 68331
32940 14193 68331
68331 14193 32940
80907 104059 112967
104059 80907 112967
112967 80907 104059
122781 56418 140564
140564 56418 122781
56418 122781 140564
20302 103215 119441
119441 20302 103215
103215 20302 119441
19340 70245 141234
70245 19340 141234
141234 19340 70245
141252 107469 146060
107469 141252 146060
146060 107469 141252
56423 23016 128568
23016 56423 128568
128568 23016 56423
3444 88517 138481
138481 3444 88517
88517 3444 138481
31722 102629 131985
131985 31722 102629
102629 31722 131985
100429 124244 147061
124244 100429 147061
147061 100429 124244
50985 10036 129395
10036 50985 129395
129395 10036 50985
45501 61934 95929
95929 45501 61934
61934 45501 95929
36404 34587 113970
113970 34587 36404
34587 36404 113970
17895 89491 91239
91239 17895 89491
89491 17895 91239
17820 30702 116732
30702 17820 116732
116732 17820 30702
72284 39214 109817
39214 72284 109817
109817 39214 72284
81795 62059 111859
111859 62059 81795
62059 81795 111859
135066 14871 92586
14871 92586 135066
92586 14871 135066
103546 5743 141048
141048 5743 103546
5743 103546 141048
8161 91638 114007
91638 8161 114007
114007 8161 91638
107114 74245 149626
149626 74245 107114
74245 107114 149626
121 96047 134608
96047 121 134608
134608 121 96047
136552 88831 92252
92252 88831 136552
88831 92252 136552
72126 1368 53798
53798 1368 72126
1368 53798 72126
72378 131535 148498
148498 72378 131535
131535 72378 148498
146753 81459 119291
119291 81459 146753
81459 119291 146753
130724 70455 115072
115072 70455 130724
70455 115072 130724
135155 46529 65257
65257 46529 135155
46529 65257 135155
43065 4172 44564
4172 43065 44564
44564 4172 43065
34088 55722 74856
55722 34088 74856
74856 34088 55722
92031 56219 133818
56219 92031 133818
133818 56219 92031
93448 6840 68550
6840 68550 93448
68550 6840 93448
121912 29628 57157
57157 29628 121912
29628 57157 121912
34969 82832 139580
82832 34969 139580
139580 34969 82832
37793 23786 85820
85820 23786 37793
23786 37793 85820
59413 79937 94937
79937 59413 94937
94937 59413 79937
123691 61368 84428
61368 84428 123691
84428 61368 123691
110432 18754 87095
18754 87095 110432
87095 18754 110432
855 74092 137925
137925 855 74092
74092 855 137925
74921 54541 79158
54541 74921 79158
79158 54541 74921
60553 22981 40278
40278 22981 60553
22981 40278 60553
103647 41913 138930
138930 41913 103647
41913 103647 138930
136931 35278 86395
86395 35278 136931
35278 86395 136931
20204 93742 139008
93742 20204 139008
139008 20204 93742
121931 14060 82132
82132 14060 121931
14060 82132 121931
11220 15528 31076
31076 11220 15528
15528 11220 31076
59496 102222 132119
102222 59496 132119
132119 59496 102222
46235 93923 121462
93923 46235 121462
121462 46235 93923
2031 17089 108317
108317 2031 17089
17089 2031 108317
122194 73963 114866
114866 73963 122194
73963 114866 122194
15778 101017 115151
101017 15778 115151
115151 15778 101017
45435 48592 144952
48592 45435 144952
144952 45435 48592
72785 119979 141118
119979 72785 141118
141118 72785 119979
23040 56617 85444
56617 23040 85444
85444 23040 56617
81897 29553 91802
29553 81897 91802
91802 29553 81897
91270 73116 107496
73116 91270 107496
107496 73116 91270
142137 38036 68225
38036 68225 142137
68225 38036 142137
60750 61144 133276
133276 60750 61144
61144 60750 133276
148259 76350 131394
131394 76350 148259
76350 131394 148259
40934 17825 67771
67771 17825 40934
17825 40934 67771
2682 12083 122289
12083 2682 122289
122289 2682 12083
127285 112403 124414
112403 124414 127285
124414 112403 127285
77860 29020 55062
29020 55062 77860
55062 29020 77860
63740 95606 141738
141738 63740 95606
95606 63740 141738
133185 71584 119416
71584 119416 133185
119416 71584 133185
38509 29388 60565
60565 29388 38509
29388 38509 60565
3550 44697 102705
44697 3550 102705
102705 3550 44697
96669 16095 119352
16095 96669 119352
119352 16095 96669
69616 87301 103736
87301 69616 103736
103736 69616 87301
149188 27885 43787
27885 43787 149188
43787 27885 149188
78467 483 138309
138309 483 78467
483 78467 138309
84468 45640 82085
82085 45640 84468
45640 82085 84468
60777 5514 46196
5514 46196 60777
46196 5514 60777
112943 72970 93533
72970 93533 112943
93533 72970 112943
44592 16183 52725
16183 44592 52725
52725 16183 44592
41886 127953 145798
145798 41886 127953
127953 41886 145798
80405 26207 63398
26207 63398 80405
63398 26207 80405
114278 35957 111401
35957 111401 114278
111401 35957 114278
5306 28459 89305
28459 5306 89305
89305 5306 28459
136141 96358 119493
96358 119493 136141
119493 96358 136141
149855 7824 108333
108333 7824 149855
7824 108333 149855
32845 58381 149614
58381 32845 149614
149614 32845 58381
78294 79526 83243
79526 78294 83243
83243 78294 79526
73735 13627 143871
143871 13627 73735
13627 73735 143871
75852 121473 139870
121473 75852 139870
139870 75852 121473
58026 32297 90261
32297 58026 90261
90261 32297 58026
56931 109440 116158
109440 56931 116158
116158 56931 109440
132294 13059 37038
37038 13059 132294
13059 37038 132294
50424 60188 116483
116483 50424 60188
60188 50424 116483
136731 70550 129521
70550 129521 136731
129521 70550 136731
30503 131411 135983
135983 30503 131411
131411 30503 135983
123807 45372 103442
45372 103442 123807
103442 45372 123807
15142 29599 140992
140992 15142 29599
29599 15142 140992
133174 6234 97808
6234 97808 133174
97808 6234 133174
57082 17625 80516
80516 17625 57082
17625 57082 80516
59871 70169 71754
70169 59871 71754
71754 59871 70169
23727 9360 111531
111531 9360 23727
9360 23727 111531
11153 14 133547
14 11153 133547
133547 14 11153
31132 50377 149441
149441 31132 50377
50377 31132 149441
144442 38086 84003
38086 84003 144442
84003 38086 144442
136748 129677 141184
141184 129677 136748
129677 136748 141184
114562 11898 99734
11898 99734 114562
99734 11898 114562
31513 5644 95046
5644 31513 95046
95046 5644 31513
63758 10681 113268
113268 10681 63758
10681 63758 113268
137551 7229 32751
32751 7229 137551
7229 32751 137551
59912 12108 138430
138430 12108 59912
12108 59912 138430
117223 36324 73805
73805 36324 117223
36324 73805 117223
138166 43683 79221
79221 43683 138166
43683 79221 138166
52931 56919 71474
56919 52931 71474
71474 52931 56919
68382 89218 134353
89218 68382 134353
134353 68382 89218
118342 17330 43371
43371 17330 118342
17330 43371 118342
27514 109796 148944
109796 27514 148944
148944 27514 109796
115401 29634 130087
29634 115401 130087
130087 29634 115401
2779 35883 96036
35883 2779 96036
96036 2779 35883
48479 42351 125695
42351 48479 125695
125695 42351 48479
57262 8627 22298
8627 22298 57262
22298 8627 57262
124898 129058 148920
148920 124898 129058
129058 124898 148920
134951 61396 77820
77820 61396 134951
61396 77820 134951
85204 25536 127336
127336 25536 85204
25536 85204 127336
30408 18306 111185
111185 18306 30408
18306 30408 111185
24249 31648 94278
94278 24249 31648
31648 24249 94278
62239 71304 112016
112016 62239 71304
71304 62239 112016
42545 89677 107868
107868 42545 89677
89677 42545 107868
21241 10656 11768
10656 11768 21241
11768 10656 21241
3950 28899 89104
89104 3950 28899
28899 3950 89104
25340 3299 137912
137912 3299 25340
3299 25340 137912
10517 49445 106048
106048 10517 49445
49445 10517 106048
138464 113769 131662
131662 113769 138464
113769 131662 138464
99962 6001 73977
6001 73977 99962
73977 6001 99962
106325 52175 120396
52175 106325 120396
120396 52175 106325
124452 77961 99314
77961 99314 124452
99314 77961 124452
134620 35289 141364
141364 35289 134620
35289 134620 141364
74799 27134 66713
27134 66713 74799
66713 27134 74799
97753 7186 18953
7186 18953 97753
18953 7186 97753
131834 16733 119543
119543 16733 131834
16733 119543 131834
105160 86731 130504
86731 105160 130504
130504 86731 105160
12928 87851 126871
126871 12928 87851
87851 12928 126871
4290 121822 124491
124491 4290 121822
121822 4290 124491
120361 33741 34963
34963 33741 120361
33741 34963 120361
24267 33389 35205
35205 24267 33389
33389 24267 35205
81721 64781 67541
64781 67541 81721
67541 64781 81721
22708 6859 20195
6859 20195 22708
20195 6859 22708
149429 3457 120176
3457 120176 149429
120176 3457 149429
84517 10839 130926
130926 10839 84517
10839 84517 130926
142118 36528 145035
145035 36528 142118
36528 142118 145035
40129 4489 149963
149963 4489 40129
4489 40129 149963
102436 12141 133709
133709 12141 102436
12141 102436 133709
53025 32582 143427
143427 32582 53025
32582 53025 143427
78872 126032 136210
126032 78872 136210
136210 78872 126032
99226 122902 147055
122902 99226 147055
147055 99226 122902
6891 97179 99675
99675 6891 97179
97179 6891 99675
89398 66527 85726
66527 85726 89398
85726 66527 89398
8621 87928 115780
87928 8621 115780
115780 8621 87928
73771 18671 58044
58044 18671 73771
18671 58044 73771
93731 43442 120984
120984 43442 93731
43442 93731 120984
138985 74524 110865
110865 74524 138985
74524 110865 138985
109583 81699 104556
104556 81699 109583
81699 104556 109583
55730 48925 69750
48925 55730 69750
69750 48925 55730
18986 47367 95480
95480 18986 47367
47367 18986 95480
102211 41231 44637
41231 44637 102211
44637 41231 102211
93750 30532 148502
148502 30532 93750
30532 93750 148502
40446 13061 67400
67400 13061 40446
13061 40446 67400
83252 7923 105021
7923 83252 105021
105021 7923 83252
45825 76191 141553
76191 45825 141553
141553 45825 76191
63950 47493 125537
47493 63950 125537
125537 47493 63950
54917 43271 122216
122216 43271 54917
43271 54917 122216
27501 118133 146176
146176 27501 118133
118133 27501 146176
31699 55871 57404
57404 31699 55871
55871 31699 57404
54844 9030 121775
9030 54844 121775
121775 9030 54844
34000 28617 30089
28617 30089 34000
30089 28617 34000
75176 33470 137119
137119 33470 75176
33470 75176 137119
42763 39128 99812
39128 42763 99812
99812 39128 42763
88853 33323 91033
91033 33323 88853
33323 88853 91033
87248 55609 78367
78367 55609 87248
55609 78367 87248
100835 7234 144351
7234 100835 144351
144351 7234 100835
125865 40 70598
70598 40 125865
40 70598 125865
94140 33432 40848
33432 40848 94140
40848 33432 94140
48087 9005 94307
94307 9005 48087
9005 48087 94307
49711 53954 95773
53954 49711 95773
95773 49711 53954
33407 23072 122209
122209 23072 33407
23072 33407 122209
37158 29000 40346
40346 29000 37158
29000 37158 40346
37886 116540 145078
116540 37886 145078
145078 37886 116540
140941 43665 143777
143777 43665 140941
43665 140941 143777
100724 34236 53762
53762 34236 100724
34236 53762 100724
25063 3381 143395
143395 3381 25063
3381 25063 143395
71846 132250 133239
132250 71846 133239
133239 71846 132250
83974 55677 146557
55677 83974 146557
146557 55677 83974
23923 3237 35199
35199 3237 23923
3237 23923 35199
85928 78540 112575
112575 78540 85928
78540 85928 112575
43952 71429 141129
141129 43952 71429
71429 43952 141129
129146 10278 57535
10278 57535 129146
57535 10278 129146
47730 21855 97173
97173 21855 47730
21855 47730 97173
84204 39215 43877
39215 43877 84204
43877 39215 84204
133350 112763 113862
113862 112763 133350
112763 113862 133350
139160 11958 123777
123777 11958 139160
11958 123777 139160
143553 27062 65206
27062 65206 143553
65206 27062 143553
33656 112968 118301
118301 33656 112968
112968 33656 118301
43903 3572 62856
3572 43903 62856
62856 3572 43903
146902 1333 112426
1333 112426 146902
112426 1333 146902
22629 21341 48753
21341 22629 48753
48753 21341 22629
63835 104245 137086
104245 63835 137086
137086 63835 104245
52313 10028 36525
36525 10028 52313
10028 36525 52313
5572 24768 75548
75548 5572 24768
24768 5572 75548
7610 17746 121739
121739 7610 17746
17746 7610 121739
110880 73035 92744
73035 92744 110880
92744 73035 110880
7546 45965 104974
104974 7546 45965
45965 7546 104974
122978 17950 137976
17950 122978 137976
137976 17950 122978
128057 140291 145573
145573 128057 140291
140291 128057 145573
70885 4555 137990
137990 4555 70885
4555 70885 137990
71351 20138 119551
20138 71351 119551
119551 20138 71351
96095 1733 37551
1733 37551 96095
37551 1733 96095
142145 63312 139197
63312 139197 142145
139197 63312 142145
121597 4334 88924
4334 88924 121597
88924 4334 121597
51074 68219 100234
100234 51074 68219
68219 51074 100234
85377 5547 117173
5547 85377 117173
117173 5547 85377
138765 66305 84640
84640 66305 138765
66305 84640 138765
46482 4633 53797
53797 4633 46482
4633 46482 53797
59226 45632 67342
45632 59226 67342
67342 45632 59226
64278 9012 72069
9012 64278 72069
72069 9012 64278
36183 21686 122671
122671 21686 36183
21686 36183 122671
89636 17583 18998
17583 18998 89636
18998 17583 89636
86230 46402 121484
46402 86230 121484
121484 46402 86230
103213 17025 91330
91330 17025 103213
17025 91330 103213
66470 31458 40159
40159 31458 66470
31458 40159 66470
24185 90254 100375
90254 24185 100375
100375 24185 90254
16589 12150 54451
12150 16589 54451
54451 12150 16589
121720 70344 133499
133499 70344 121720
70344 121720 133499
31320 320 110953
320 31320 110953
110953 320 31320
125682 13694 50013
13694 50013 125682
50013 13694 125682
104553 133142 148356
148356 104553 133142
133142 104553 148356
100468 52487 110238
110238 52487 100468
52487 100468 110238
141078 100304 105132
100304 105132 141078
105132 100304 141078
77557 24585 120023
120023 24585 77557
24585 77557 120023
12127 12599 106788
106788 12127 12599
12599 12127 106788
141907 110613 113766
110613 113766 141907
113766 110613 141907
25370 43700 46243
46243 25370 43700
43700 25370 46243
61806 41888 77806
41888 61806 77806
77806 41888 61806
56626 96676 144210
144210 56626 96676
96676 56626 144210
105700 94514 118866
94514 105700 118866
118866 94514 105700
147207 2032 32549
32549 2032 147207
2032 32549 147207
65538 28249 38985
28249 38985 65538
38985 28249 65538
96736 90777 109776
109776 90777 96736
90777 96736 109776
78154 25457 25935
25935 25457 78154
25457 25935 78154
94862 78595 126625
78595 94862 126625
126625 78595 94862
100461 3987 93144
3987 93144 100461
93144 3987 100461
42412 9615 83159
9615 42412 83159
83159 9615 42412
111590 50727 114276
50727 111590 114276
114276 50727 111590
47243 110222 116114
110222 47243 116114
116114 47243 110222
118738 8670 61758
8670 61758 118738
61758 8670 118738
127622 51043 57669
51043 57669 127622
57669 51043 127622
45653 96344 131863
131863 45653 96344
96344 45653 131863
109455 84945 129547
129547 84945 109455
84945 109455 129547
137247 10835 19496
19496 10835 137247
10835 19496 137247
122146 87630 121063
87630 121063 122146
121063 87630 122146
18547 8598 49661
49661 8598 18547
8598 18547 49661
116080 85626 86315
86315 85626 116080
85626 86315 116080
93583 124663 149849
124663 93583 149849
149849 93583 124663
48401 47540 119439
119439 47540 48401
47540 48401 119439
120340 59935 121648
121648 59935 120340
59935 120340 121648
64313 57123 75624
75624 57123 64313
57123 64313 75624
70614 13421 76919
76919 13421 70614
13421 70614 76919
109382 103845 126838
126838 103845 109382
103845 109382 126838
88023 8655 30763
8655 30763 88023
30763 8655 88023
103563 79018 123717
79018 103563 123717
123717 79018 103563
92713 95867 142391
95867 92713 142391
142391 92713 95867
59487 20510 144605
20510 59487 144605
144605 20510 59487
132805 61174 101678
61174 101678 132805
101678 61174 132805
137164 21380 66184
21380 66184 137164
66184 21380 137164
91071 5100 120903
120903 5100 91071
5100 91071 120903
16886 24988 70218
70218 16886 24988
24988 16886 70218
148242 11622 148912
148912 11622 148242
11622 148242 148912
34538 19677 101591
19677 34538 101591
101591 19677 34538
70139 105149 117960
117960 70139 105149
105149 70139 117960
131904 53677 139829
53677 131904 139829
139829 53677 131904
91752 46433 86805
86805 46433 91752
46433 86805 91752
138769 111681 129882
111681 129882 138769
129882 111681 138769
133235 68132 94720
68132 94720 133235
94720 68132 133235
17669 51481 93403
51481 17669 93403
93403 17669 51481
64536 39558 83146
83146 39558 64536
39558 64536 83146
143354 48090 109486
48090 109486 143354
109486 48090 143354
52183 54329 59021
59021 52183 54329
54329 52183 59021
78001 32710 60832
60832 32710 78001
32710 60832 78001
65813 27692 56103
27692 56103 65813
56103 27692 65813
41801 38935 59233
38935 41801 59233
59233 38935 41801
115593 29371 117366
29371 115593 117366
117366 29371 115593
108306 105127 106981
106981 105127 108306
105127 106981 108306
111665 50789 56413
50789 56413 111665
56413 50789 111665
82312 56603 80696
80696 56603 82312
56603 80696 82312
6624 61391 134238
61391 6624 134238
134238 6624 61391
117330 145 137324
145 117330 137324
137324 145 117330
108244 55 56697
56697 55 108244
55 56697 108244
90714 17131 71896
17131 71896 90714
71896 17131 90714
142876 4884 68590
68590 4884 142876
4884 68590 142876
117255 59406 75970
59406 75970 117255
75970 59406 117255
23526 50761 74034
50761 23526 74034
74034 23526 50761
64266 70413 138075
138075 64266 70413
70413 64266 138075
25806 16822 66584
16822 25806 66584
66584 16822 25806
141243 58342 81563
81563 58342 141243
58342 81563 141243
98228 45550 65800
65800 45550 98228
45550 65800 98228
12340 85380 115264
115264 12340 85380
85380 12340 115264
124263 29833 69085
29833 69085 124263
69085 29833 124263
134256 110487 147586
147586 110487 134256
110487 134256 147586
32804 14529 107787
107787 14529 32804
14529 32804 107787
24862 8015 24668
24668 8015 24862
8015 24668 24862
139023 46423 79098
46423 79098 139023
79098 46423 139023
34976 23452 99101
99101 23452 34976
23452 34976 99101
5327 24567 140236
24567 5327 140236
140236 5327 24567
9506 63531 148464
148464 9506 63531
63531 9506 148464
28728 30051 69522
30051 28728 69522
69522 28728 30051
19542 47521 127834
127834 19542 47521
47521 19542 127834
14939 122181 126478
122181 14939 126478
126478 14939 122181
56027 52386 142244
142244 52386 56027
52386 56027 142244
105347 24917 26550
24917 26550 105347
26550 24917 105347
13549 93109 116367
116367 13549 93109
