108676 7929 13131
7929 13131 108676
13131 7929 108676
88065 13774 143766
143766 13774 88065
13774 88065 143766
126437 33403 73385
33403 73385 126437
73385 33403 126437
33077 12348 60724
60724 12348 33077
12348 33077 60724
118851 6609 122574
6609 118851 122574
122574 6609 118851
44268 62451 115914
62451 44268 115914
115914 44268 62451
73241 97629 128414
128414 73241 97629
97629 73241 128414
52819 112819 124752
124752 52819 112819
112819 52819 124752
62052 97108 103076
103076 62052 97108
97108 62052 103076
23234 7372 148881
7372 23234 148881
148881 7372 23234
7410 62551 62786
62786 7410 62551
62551 7410 62786
55895 6392 97896
97896 6392 55895
6392 55895 97896
5988 4558 132788
132788 4558 5988
4558 5988 132788
143227 24613 61731
24613 61731 143227
61731 24613 143227
127136 80020 92949
80020 92949 127136
92949 80020 127136
82357 21519 89930
21519 82357 89930
89930 21519 82357
107201 21651 75856
75856 21651 107201
21651 75856 107201
26172 13612 130562
130562 13612 26172
13612 26172 130562
75354 76997 146892
146892 75354 76997
76997 75354 146892
146401 14111 59787
59787 14111 146401
14111 59787 146401
133268 105690 149951
149951 105690 133268
105690 133268 149951
82244 23940 24895
24895 23940 82244
23940 24895 82244
11631 34144 98750
98750 11631 34144
34144 11631 98750
35932 50383 131485
50383 35932 131485
131485 35932 50383
47895 3197 137392
137392 3197 47895
3197 47895 137392
19577 25145 129567
25145 19577 129567
129567 19577 25145
35107 13294 63254
13294 35107 63254
63254 13294 35107
15657 22550 133359
22550 15657 133359
133359 15657 22550
127407 87695 113491
113491 87695 127407
87695 113491 127407
47834 64682 93029
93029 47834 64682
64682 47834 93029
88984 145899 147444
145899 88984 147444
147444 88984 145899
101558 62660 90126
62660 90126 101558
90126 62660 101558
138140 104270 112565
112565 104270 138140
104270 112565 138140
25798 29538 147455
29538 25798 147455
147455 25798 29538
33960 58718 144534
144534 33960 58718
58718 33960 144534
2453 41472 57654
41472 2453 57654
57654 2453 41472
140534 7244 47127
7244 47127 140534
47127 7244 140534
131881 94683 116851
116851 94683 131881
94683 116851 131881
29679 2987 52563
52563 2987 29679
2987 29679 52563
94965 21973 105272
105272 21973 94965
21973 94965 105272
115037 75452 139255
75452 115037 139255
139255 75452 115037
35712 71267 86190
86190 35712 71267
71267 35712 86190
87869 65929 74088
65929 74088 87869
74088 65929 87869
64541 84368 137930
137930 64541 84368
84368 64541 137930
74479 863 15234
863 15234 74479
15234 863 74479
98024 102599 115428
115428 98024 102599
102599 98024 115428
51379 23800 120196
120196 23800 51379
23800 51379 120196
88670 27737 73506
73506 27737 88670
27737 73506 88670
70003 57653 67060
67060 57653 70003
57653 67060 70003
102114 34209 102463
102463 34209 102114
34209 102114 102463
132343 62678 65760
65760 62678 132343
62678 65760 132343
144545 113418 146073
146073 113418 144545
113418 144545 146073
27912 33089 98598
33089 27912 98598
98598 27912 33089
112808 61050 109213
61050 109213 112808
109213 61050 112808
10160 29848 58849
29848 10160 58849
58849 10160 29848
102954 33921 100392
33921 100392 102954
100392 33921 102954
133821 33470 63457
63457 33470 133821
33470 63457 133821
11670 1147 23565
1147 11670 23565
23565 1147 11670
21442 144423 149283
149283 21442 144423
144423 21442 149283
118631 32186 137609
137609 32186 118631
32186 118631 137609
116734 52030 115638
52030 115638 116734
115638 52030 116734
80098 70888 73311
70888 73311 80098
73311 70888 80098
77488 108236 135144
108236 77488 135144
135144 77488 108236
68209 22636 55897
55897 22636 68209
22636 55897 68209
26564 81289 88801
88801 26564 81289
81289 26564 88801
49224 64358 112502
64358 49224 112502
112502 49224 64358
136437 72692 127394
127394 72692 136437
72692 127394 136437
123423 20243 48982
48982 20243 123423
20243 48982 123423
6094 45326 81324
45326 6094 81324
81324 6094 45326
40087 79786 136997
79786 40087 136997
136997 40087 79786
135600 40730 125053
125053 40730 135600
40730 125053 135600
37459 62956 117834
117834 37459 62956
62956 37459 117834
28101 89449 127530
89449 28101 127530
127530 28101 89449
144880 62402 98269
98269 62402 144880
62402 98269 144880
105189 77635 97536
97536 77635 105189
77635 97536 105189
146685 22834 93618
22834 93618 146685
93618 22834 146685
59189 33954 87460
33954 59189 87460
87460 33954 59189
57577 9595 96401
9595 57577 96401
96401 9595 57577
61690 10998 55017
55017 10998 61690
10998 55017 61690
41476 125127 143455
143455 41476 125127
125127 41476 143455
148788 20161 84597
20161 84597 148788
84597 20161 148788
44458 135015 147081
147081 44458 135015
135015 44458 147081
17812 9581 70083
9581 17812 70083
70083 9581 17812
55456 68985 146198
68985 55456 146198
146198 55456 68985
101086 52504 125462
125462 52504 101086
52504 101086 125462
106643 77636 135691
77636 106643 135691
135691 77636 106643
58527 43709 68934
68934 43709 58527
43709 58527 68934
135140 15470 130371
15470 130371 135140
130371 15470 135140
15529 9594 39708
39708 9594 15529
9594 15529 39708
132786 50845 99470
50845 99470 132786
99470 50845 132786
106679 51771 112210
112210 51771 106679
51771 106679 112210
144721 33729 143645
143645 33729 144721
33729 143645 144721
122190 48895 71815
71815 48895 122190
48895 71815 122190
64792 68229 132692
68229 64792 132692
132692 64792 68229
59436 11455 114510
114510 11455 59436
11455 59436 114510
131674 27289 149241
27289 131674 149241
149241 27289 131674
110982 54708 104848
54708 104848 110982
104848 54708 110982
86873 79458 135051
79458 86873 135051
135051 79458 86873
98941 49648 76957
49648 76957 98941
76957 49648 98941
142780 1787 22084
1787 22084 142780
22084 1787 142780
111014 16776 76073
16776 76073 111014
76073 16776 111014
37757 7389 30080
7389 30080 37757
30080 7389 37757
58325 53742 60366
53742 58325 60366
60366 53742 58325
133749 50893 110552
110552 50893 133749
50893 110552 133749
34996 98678 125428
98678 34996 125428
125428 34996 98678
137731 38190 71645
38190 71645 137731
71645 38190 137731
43245 35269 117659
35269 43245 117659
117659 35269 43245
45189 63571 93283
63571 45189 93283
93283 45189 63571
87530 20827 70926
20827 70926 87530
70926 20827 87530
78408 16636 106020
16636 78408 106020
106020 16636 78408
61408 37073 74160
37073 61408 74160
74160 37073 61408
32992 18550 88582
88582 18550 32992
18550 32992 88582
48440 45136 53240
53240 45136 48440
45136 48440 53240
27079 473 74903
74903 473 27079
473 27079 74903
110734 84389 124663
124663 84389 110734
84389 110734 124663
122251 47117 121174
121174 47117 122251
47117 121174 122251
27405 38912 55407
55407 27405 38912
38912 27405 55407
123833 69911 145996
145996 69911 123833
69911 123833 145996
65313 42486 73483
73483 42486 65313
42486 65313 73483
19850 62334 130018
62334 19850 130018
130018 19850 62334
141783 107809 129319
107809 129319 141783
129319 107809 141783
46622 35032 78545
35032 46622 78545
78545 35032 46622
102960 34081 43230
34081 43230 102960
43230 34081 102960
128527 65995 102387
102387 65995 128527
65995 102387 128527
61335 27603 145869
27603 61335 145869
145869 27603 61335
2084 5040 93853
93853 2084 5040
5040 2084 93853
132233 11837 79706
11837 79706 132233
79706 11837 132233
13399 4633 53951
53951 4633 13399
4633 13399 53951
3271 38725 64032
38725 3271 64032
64032 3271 38725
69426 80463 97554
80463 69426 97554
97554 69426 80463
46821 74177 114136
114136 46821 74177
74177 46821 114136
123375 106305 142013
106305 123375 142013
142013 106305 123375
114663 63413 97353
97353 63413 114663
63413 97353 114663
69630 74415 138402
138402 69630 74415
74415 69630 138402
21465 21349 24546
24546 21349 21465
21349 21465 24546
144381 83957 87656
83957 87656 144381
87656 83957 144381
121778 279 110495
110495 279 121778
279 110495 121778
54390 6123 66731
6123 54390 66731
66731 6123 54390
31037 20682 108243
108243 20682 31037
20682 31037 108243
119962 90622 136571
90622 119962 136571
136571 90622 119962
27068 15419 49818
49818 15419 27068
15419 27068 49818
107649 80511 101006
80511 101006 107649
101006 80511 107649
78284 31420 50718
50718 31420 78284
31420 50718 78284
140572 92516 112160
92516 112160 140572
112160 92516 140572
9403 110649 149584
110649 9403 149584
149584 9403 110649
804 1294 116374
1294 804 116374
116374 804 1294
20344 40458 103287
40458 20344 103287
103287 20344 40458
124723 84081 123277
123277 84081 124723
84081 123277 124723
133272 86222 87327
87327 86222 133272
86222 87327 133272
14324 93053 120735
93053 14324 120735
120735 14324 93053
5276 45138 144340
144340 5276 45138
45138 5276 144340
141876 29850 54865
54865 29850 141876
29850 54865 141876
94478 17592 70497
70497 17592 94478
17592 70497 94478
54684 28353 30236
30236 28353 54684
28353 30236 54684
21252 4912 42325
42325 4912 21252
4912 21252 42325
20316 110484 117730
110484 20316 117730
117730 20316 110484
81439 27440 27578
27440 27578 81439
27578 27440 81439
64726 15768 34068
15768 34068 64726
34068 15768 64726
106618 7506 51701
51701 7506 106618
7506 51701 106618
85475 46511 137968
137968 46511 85475
46511 85475 137968
104497 138675 144971
138675 104497 144971
144971 104497 138675
144180 33974 143969
33974 143969 144180
143969 33974 144180
86444 34477 44830
44830 34477 86444
34477 44830 86444
58720 48137 86462
86462 48137 58720
48137 58720 86462
114089 17633 89830
89830 17633 114089
17633 89830 114089
26186 12420 93765
93765 12420 26186
12420 26186 93765
84412 59638 135649
59638 84412 135649
135649 59638 84412
140188 47405 105987
47405 105987 140188
105987 47405 140188
8778 11071 51165
11071 8778 51165
51165 8778 11071
10011 76261 110515
110515 10011 76261
76261 10011 110515
65911 58121 148971
148971 58121 65911
58121 65911 148971
98422 38939 83542
83542 38939 98422
38939 83542 98422
15285 19865 45570
19865 15285 45570
45570 15285 19865
120853 13962 115400
13962 115400 120853
115400 13962 120853
82981 53157 93726
93726 53157 82981
53157 82981 93726
41107 76292 87505
76292 41107 87505
87505 41107 76292
12643 5096 26108
5096 12643 26108
26108 5096 12643
7722 13879 26361
13879 7722 26361
26361 7722 13879
73181 76489 81840
76489 73181 81840
81840 73181 76489
136810 57915 132748
57915 132748 136810
132748 57915 136810
30296 22730 129049
22730 30296 129049
129049 22730 30296
3586 6455 97631
97631 3586 6455
6455 3586 97631
5650 23026 75551
75551 5650 23026
23026 5650 75551
148974 62981 74046
74046 62981 148974
62981 74046 148974
94297 4909 48750
48750 4909 94297
4909 48750 94297
65344 61342 131291
131291 61342 65344
61342 65344 131291
66613 99536 107174
107174 66613 99536
99536 66613 107174
78887 13495 94166
13495 78887 94166
94166 13495 78887
60389 47972 77528
77528 47972 60389
47972 60389 77528
65726 93048 110139
110139 65726 93048
93048 65726 110139
135006 10433 124457
10433 124457 135006
124457 10433 135006
112038 54808 148239
54808 112038 148239
148239 54808 112038
59211 2283 112231
2283 59211 112231
112231 2283 59211
47954 42994 103641
103641 42994 47954
42994 47954 103641
82916 34652 140930
140930 34652 82916
34652 82916 140930
122897 78758 105952
78758 105952 122897
105952 78758 122897
136446 134216 136042
136042 134216 136446
134216 136042 136446
91108 108065 139855
139855 91108 108065
108065 91108 139855
27560 416 125863
416 27560 125863
125863 416 27560
24415 10696 69579
69579 10696 24415
10696 24415 69579
81931 41597 41936
41936 41597 81931
41597 41936 81931
148579 27614 118121
27614 118121 148579
118121 27614 148579
16835 108805 125034
125034 16835 108805
108805 16835 125034
41299 44936 138146
138146 41299 44936
44936 41299 138146
35821 52940 120156
120156 35821 52940
52940 35821 120156
3736 10195 19716
19716 3736 10195
10195 3736 19716
84663 105886 116956
116956 84663 105886
105886 84663 116956
57600 21448 34127
21448 34127 57600
34127 21448 57600
59592 65849 127875
65849 59592 127875
127875 59592 65849
3015 20818 102745
102745 3015 20818
20818 3015 102745
64367 6879 131057
131057 6879 64367
6879 64367 131057
88561 67145 113776
67145 88561 113776
113776 67145 88561
70124 75585 94028
75585 70124 94028
94028 70124 75585
2478 49905 73967
73967 2478 49905
49905 2478 73967
1826 108983 132894
132894 1826 108983
108983 1826 132894
143281 32579 50222
32579 50222 143281
50222 32579 143281
42056 19284 137977
19284 42056 137977
137977 19284 42056
105139 85194 96826
85194 96826 105139
96826 85194 105139
61840 67117 124665
124665 61840 67117
67117 61840 124665
9266 7161 109733
7161 9266 109733
109733 7161 9266
39364 50738 74028
50738 39364 74028
74028 39364 50738
68818 6341 83729
6341 68818 83729
83729 6341 68818
63583 2053 41208
2053 41208 63583
41208 2053 63583
65959 91931 142195
91931 65959 142195
142195 65959 91931
137775 35811 73987
35811 73987 137775
73987 35811 137775
122223 62289 110504
110504 62289 122223
62289 110504 122223
87378 64963 109964
64963 87378 109964
109964 64963 87378
22299 50720 64858
50720 22299 64858
64858 22299 50720
82035 98817 139796
98817 82035 139796
139796 82035 98817
35864 52345 147199
147199 35864 52345
52345 35864 147199
90807 81806 83962
81806 83962 90807
83962 81806 90807
55815 8920 77803
77803 8920 55815
8920 55815 77803
56718 48061 48484
48484 48061 56718
48061 48484 56718
2430 62712 132243
132243 2430 62712
62712 2430 132243
48216 54831 74073
54831 48216 74073
74073 48216 54831
52847 113883 131339
131339 52847 113883
113883 52847 131339
5308 26260 146711
146711 5308 26260
26260 5308 146711
51344 85360 134124
134124 51344 85360
85360 51344 134124
106039 44177 138315
44177 106039 138315
138315 44177 106039
37975 67808 143467
143467 37975 67808
67808 37975 143467
49129 29755 100835
100835 29755 49129
29755 49129 100835
66577 24219 142213
24219 66577 142213
142213 24219 66577
110485 44272 112642
112642 44272 110485
44272 110485 112642
95023 14234 24859
24859 14234 95023
14234 24859 95023
59240 94746 121675
94746 59240 121675
121675 59240 94746
62395 26357 128344
128344 26357 62395
26357 62395 128344
27975 37139 63153
63153 27975 37139
37139 27975 63153
138137 119175 124325
119175 124325 138137
124325 119175 138137
56420 45631 67287
45631 56420 67287
67287 45631 56420
79611 59882 147625
59882 79611 147625
147625 59882 79611
47868 101003 138525
101003 47868 138525
138525 47868 101003
1633 66994 137112
137112 1633 66994
66994 1633 137112
103138 69698 79803
69698 79803 103138
79803 69698 103138
128194 49702 135789
49702 128194 135789
135789 49702 128194
143932 22945 25924
25924 22945 143932
22945 25924 143932
129880 50026 142618
50026 129880 142618
142618 50026 129880
17265 98776 136693
98776 17265 136693
136693 17265 98776
41380 85804 118818
118818 41380 85804
85804 41380 118818
43536 27679 40508
27679 40508 43536
40508 27679 43536
20214 91401 102778
102778 20214 91401
91401 20214 102778
107933 31900 60515
31900 60515 107933
60515 31900 107933
79652 81141 86835
86835 79652 81141
81141 79652 86835
82999 25815 126726
25815 82999 126726
126726 25815 82999
37727 14180 69195
69195 14180 37727
14180 37727 69195
7356 19961 60117
19961 7356 60117
60117 7356 19961
99464 101214 134246
134246 99464 101214
101214 99464 134246
9558 10665 51519
10665 9558 51519
51519 9558 10665
145102 52244 140287
52244 140287 145102
140287 52244 145102
14271 5319 147100
5319 14271 147100
147100 5319 14271
39870 48763 117212
48763 39870 117212
117212 39870 48763
139997 75350 104672
75350 104672 139997
104672 75350 139997
80922 65468 146565
146565 65468 80922
65468 80922 146565
19709 41875 138349
138349 19709 41875
41875 19709 138349
107877 51481 102072
51481 102072 107877
102072 51481 107877
16474 91559 131142
131142 16474 91559
91559 16474 131142
23993 50932 83301
83301 23993 50932
50932 23993 83301
119645 4473 20840
20840 4473 119645
4473 20840 119645
22366 79780 132102
132102 22366 79780
79780 22366 132102
63880 8037 78781
8037 63880 78781
78781 8037 63880
137989 108250 136670
108250 136670 137989
136670 108250 137989
133740 16600 105604
105604 16600 133740
16600 105604 133740
99845 52354 59917
52354 59917 99845
59917 52354 99845
147608 56704 63415
63415 56704 147608
56704 63415 147608
43126 79494 121538
121538 43126 79494
79494 43126 121538
32589 6662 135234
6662 32589 135234
135234 6662 32589
37886 48933 91058
48933 37886 91058
91058 37886 48933
91903 59049 116821
116821 59049 91903
59049 91903 116821
20411 43066 106721
43066 20411 106721
106721 20411 43066
99853 13584 136772
136772 13584 99853
13584 99853 136772
115666 80495 81559
80495 81559 115666
81559 80495 115666
92398 79874 97029
79874 92398 97029
97029 79874 92398
106435 63210 106303
63210 106303 106435
106303 63210 106435
32593 59632 104543
59632 32593 104543
104543 32593 59632
137937 10493 59507
10493 59507 137937
59507 10493 137937
30618 51858 68338
68338 30618 51858
51858 30618 68338
98363 47956 120519
120519 47956 98363
47956 98363 120519
22780 51986 56269
56269 22780 51986
51986 22780 56269
86555 78790 139582
78790 86555 139582
139582 78790 86555
34037 14205 46436
46436 14205 34037
14205 34037 46436
128242 68507 112001
112001 68507 128242
68507 112001 128242
122705 63670 139084
63670 122705 139084
139084 63670 122705
34155 101284 144807
101284 34155 144807
144807 34155 101284
105109 132044 133651
133651 105109 132044
132044 105109 133651
115109 7488 53761
7488 53761 115109
53761 7488 115109
148874 58031 100544
100544 58031 148874
58031 100544 148874
58180 81042 140161
140161 58180 81042
81042 58180 140161
13604 60647 114581
114581 13604 60647
60647 13604 114581
147902 61223 83342
83342 61223 147902
61223 83342 147902
16485 1793 50354
50354 1793 16485
1793 16485 50354
134558 28378 43681
43681 28378 134558
28378 43681 134558
69710 40080 102776
40080 69710 102776
102776 40080 69710
119742 36472 138153
36472 119742 138153
138153 36472 119742
8494 41722 113611
113611 8494 41722
41722 8494 113611
96863 52693 119051
52693 96863 119051
119051 52693 96863
93984 74100 135681
135681 74100 93984
74100 93984 135681
133392 59047 71044
71044 59047 133392
59047 71044 133392
27759 14886 78962
78962 14886 27759
14886 27759 78962
46128 34536 147720
147720 34536 46128
34536 46128 147720
141463 42374 51424
51424 42374 141463
42374 51424 141463
140514 23124 101224
23124 101224 140514
101224 23124 140514
100101 113504 133498
113504 100101 133498
133498 100101 113504
44203 7682 147263
7682 44203 147263
147263 7682 44203
29110 52216 117416
117416 29110 52216
52216 29110 117416
45133 75479 97405
75479 45133 97405
97405 45133 75479
122444 44884 106288
106288 44884 122444
44884 106288 122444
96472 60671 90316
60671 90316 96472
90316 60671 96472
127321 20616 138728
138728 20616 127321
20616 127321 138728
34847 21198 63843
63843 21198 34847
21198 34847 63843
119499 66935 137797
137797 66935 119499
66935 119499 137797
23646 107197 109774
109774 23646 107197
107197 23646 109774
134771 5795 92279
5795 92279 134771
92279 5795 134771
22826 74218 137726
74218 22826 137726
137726 22826 74218
119248 23662 108796
108796 23662 119248
23662 108796 119248
73791 17704 68457
68457 17704 73791
17704 68457 73791
33 38917 139731
139731 33 38917
38917 33 139731
89351 45586 125072
45586 89351 125072
125072 45586 89351
138043 84307 90200
84307 90200 138043
90200 84307 138043
118728 98440 121201
121201 98440 118728
98440 118728 121201
14496 37362 64701
64701 14496 37362
37362 14496 64701
68443 93116 113228
93116 68443 113228
113228 68443 93116
142768 48853 143381
48853 142768 143381
143381 48853 142768
121788 15495 121300
15495 121300 121788
121300 15495 121788
6096 84751 86620
84751 6096 86620
86620 6096 84751
102234 12273 72953
12273 72953 102234
72953 12273 102234
123015 81229 90108
81229 90108 123015
90108 81229 123015
131808 14300 48389
14300 48389 131808
48389 14300 131808
104023 46748 116707
46748 104023 116707
116707 46748 104023
91496 17647 61519
61519 17647 91496
17647 61519 91496
34541 65393 143482
143482 34541 65393
65393 34541 143482
143735 127985 136063
136063 127985 143735
127985 136063 143735
4313 116411 143104
116411 4313 143104
143104 4313 116411
41211 117739 120189
117739 41211 120189
120189 41211 117739
139875 69414 100438
69414 100438 139875
100438 69414 139875
96785 38108 149890
38108 96785 149890
149890 38108 96785
116193 6643 68729
68729 6643 116193
6643 68729 116193
52775 2387 78133
78133 2387 52775
2387 52775 78133
22098 21928 27054
27054 21928 22098
21928 22098 27054
74300 4026 101675
4026 74300 101675
101675 4026 74300
146018 44378 145717
44378 145717 146018
145717 44378 146018
116229 30510 81863
30510 81863 116229
81863 30510 116229
129155 61200 105279
61200 105279 129155
105279 61200 129155
132364 9339 47605
9339 47605 132364
47605 9339 132364
51574 32972 68031
32972 51574 68031
68031 32972 51574
75194 23102 55680
23102 55680 75194
55680 23102 75194
118659 25414 128729
128729 25414 118659
25414 118659 128729
38530 9498 39053
9498 38530 39053
39053 9498 38530
134308 45107 68555
68555 45107 134308
45107 68555 134308
95692 39042 49738
49738 39042 95692
39042 49738 95692
108875 50441 106224
50441 106224 108875
106224 50441 108875
51593 46156 136929
136929 46156 51593
46156 51593 136929
14455 407 116221
116221 407 14455
407 14455 116221
117348 12983 138210
12983 117348 138210
138210 12983 117348
10052 48977 128893
128893 10052 48977
48977 10052 128893
140643 91302 108529
108529 91302 140643
91302 108529 140643
122522 29071 86280
29071 86280 122522
86280 29071 122522
31477 24367 142904
142904 24367 31477
24367 31477 142904
141534 102526 108263
102526 108263 141534
108263 102526 141534
98055 126906 136606
126906 98055 136606
136606 98055 126906
133210 74416 110663
110663 74416 133210
74416 110663 133210
90891 103701 113738
103701 90891 113738
113738 90891 103701
130782 51798 67809
67809 51798 130782
51798 67809 130782
76122 70149 73228
70149 73228 76122
73228 70149 76122
57035 27562 40556
27562 40556 57035
40556 27562 57035
137671 31268 79639
31268 79639 137671
79639 31268 137671
124413 39841 70451
39841 70451 124413
70451 39841 124413
126360 22908 85958
22908 85958 126360
85958 22908 126360
113662 15533 107378
107378 15533 113662
15533 107378 113662
146273 23911 128152
128152 23911 146273
23911 128152 146273
56808 73036 93606
93606 56808 73036
73036 56808 93606
32256 27913 125979
27913 32256 125979
125979 27913 32256
42757 3850 49912
49912 3850 42757
3850 42757 49912
64613 61380 142249
142249 61380 64613
61380 64613 142249
7007 30717 83767
30717 7007 83767
83767 7007 30717
119677 17978 28820
28820 17978 119677
17978 28820 119677
52383 64447 84478
84478 52383 64447
64447 52383 84478
91089 51249 133052
51249 91089 133052
133052 51249 91089
17300 30444 53009
30444 17300 53009
53009 17300 30444
23208 102914 117583
117583 23208 102914
102914 23208 117583
86367 12256 93533
12256 86367 93533
93533 12256 86367
36616 58865 93082
58865 36616 93082
93082 36616 58865
87039 9619 145915
9619 87039 145915
145915 9619 87039
86132 65671 134615
65671 86132 134615
134615 65671 86132
130206 109678 117243
117243 109678 130206
109678 117243 130206
109316 102338 111375
111375 102338 109316
102338 109316 111375
46362 108396 114365
108396 46362 114365
114365 46362 108396
72519 75338 119836
119836 72519 75338
75338 72519 119836
103529 44633 135456
44633 103529 135456
135456 44633 103529
118438 5802 80313
80313 5802 118438
5802 80313 118438
23449 10344 26175
26175 10344 23449
10344 23449 26175
116752 17066 46994
17066 46994 116752
46994 17066 116752
11750 63240 122112
63240 11750 122112
122112 11750 63240
89348 29635 87213
87213 29635 89348
29635 87213 89348
50654 67369 146686
67369 50654 146686
146686 50654 67369
33818 16459 16659
16659 16459 33818
16459 16659 33818
135631 78099 95420
78099 95420 135631
95420 78099 135631
99817 49654 55462
49654 55462 99817
55462 49654 99817
106406 116082 139358
116082 106406 139358
139358 106406 116082
132986 84105 104579
104579 84105 132986
84105 104579 132986
118849 80250 114442
114442 80250 118849
80250 114442 118849
47984 56559 92549
56559 47984 92549
92549 47984 56559
127771 30363 66327
66327 30363 127771
30363 66327 127771
9351 32322 102250
32322 9351 102250
102250 9351 32322
54043 75012 106926
75012 54043 106926
106926 54043 75012
46740 16666 123314
16666 46740 123314
123314 16666 46740
149204 278 71217
278 71217 149204
71217 278 149204
132768 16806 145938
16806 132768 145938
145938 16806 132768
126234 49248 122893
49248 122893 126234
122893 49248 126234
110152 72554 73232
73232 72554 110152
72554 73232 110152
73090 30842 99678
99678 30842 73090
30842 73090 99678
146359 35098 67328
67328 35098 146359
35098 67328 146359
16864 13380 56061
13380 16864 56061
56061 13380 16864
77144 113638 132500
132500 77144 113638
113638 77144 132500
138654 89183 103451
103451 89183 138654
89183 103451 138654
17323 64097 114005
64097 17323 114005
114005 17323 64097
16931 93089 117913
117913 16931 93089
93089 16931 117913
9801 42129 127174
42129 9801 127174
127174 9801 42129
21136 14110 28882
14110 21136 28882
28882 14110 21136
138597 122720 130390
122720 130390 138597
130390 122720 138597
105179 48668 104322
104322 48668 105179
48668 104322 105179
56272 35648 110631
110631 35648 56272
35648 56272 110631
69331 90654 99936
90654 69331 99936
99936 69331 90654
103205 44870 69182
69182 44870 103205
44870 69182 103205
146266 15676 102026
102026 15676 146266
15676 102026 146266
61092 64468 77446
77446 61092 64468
64468 61092 77446
102452 38703 142822
142822 38703 102452
38703 102452 142822
56427 89481 133934
89481 56427 133934
133934 56427 89481
35369 51220 143822
51220 35369 143822
143822 35369 51220
135352 21371 103927
21371 103927 135352
103927 21371 135352
52118 27654 83688
27654 52118 83688
83688 27654 52118
21711 15929 97059
15929 21711 97059
97059 15929 21711
119207 1956 104793
104793 1956 119207
1956 104793 119207
35002 4454 123930
123930 4454 35002
4454 35002 123930
119073 72826 117115
117115 72826 119073
72826 117115 119073
86735 41009 67575
41009 67575 86735
67575 41009 86735
102824 74803 126907
126907 74803 102824
74803 102824 126907
10065 22744 51038
51038 10065 22744
22744 10065 51038
29571 138578 145757
138578 29571 145757
145757 29571 138578
88335 36754 77793
36754 77793 88335
77793 36754 88335
124439 17503 43006
17503 43006 124439
43006 17503 124439
72901 6807 104313
104313 6807 72901
6807 72901 104313
106936 29629 147338
29629 106936 147338
147338 29629 106936
97054 34265 125543
125543 34265 97054
34265 97054 125543
13331 8998 33054
8998 13331 33054
33054 8998 13331
101724 7358 100515
7358 100515 101724
100515 7358 101724
145675 29654 97605
29654 97605 145675
97605 29654 145675
71953 11113 141696
11113 71953 141696
141696 11113 71953
26538 74616 143152
74616 26538 143152
143152 26538 74616
131016 80180 136032
80180 131016 136032
136032 80180 131016
130470 89745 104296
89745 104296 130470
104296 89745 130470
144810 3491 42214
42214 3491 144810
3491 42214 144810
85428 25245 42683
25245 42683 85428
42683 25245 85428
27292 14502 56922
56922 14502 27292
14502 27292 56922
38494 23002 40876
23002 38494 40876
40876 23002 38494
99442 56378 123230
123230 56378 99442
56378 99442 123230
103366 21548 46476
46476 21548 103366
21548 46476 103366
90507 45448 106535
45448 90507 106535
106535 45448 90507
76087 27455 99160
99160 27455 76087
27455 76087 99160
72815 117865 124603
117865 72815 124603
124603 72815 117865
13993 7289 95919
7289 13993 95919
95919 7289 13993
111669 44773 141933
44773 111669 141933
141933 44773 111669
135603 80108 142760
142760 80108 135603
80108 135603 142760
115943 40408 40895
40408 40895 115943
40895 40408 115943
30067 33912 80581
33912 30067 80581
80581 30067 33912
55355 52476 83753
83753 52476 55355
52476 55355 83753
7672 16650 68098
68098 7672 16650
16650 7672 68098
33162 69733 116013
116013 33162 69733
69733 33162 116013
57052 27161 66070
66070 27161 57052
27161 57052 66070
121162 27027 69808
69808 27027 121162
27027 69808 121162
52600 82928 137792
82928 52600 137792
137792 52600 82928
76704 97002 144163
97002 76704 144163
144163 76704 97002
10990 24938 47680
24938 10990 47680
47680 10990 24938
91170 112814 141374
112814 91170 141374
141374 91170 112814
7731 13063 80121
13063 7731 80121
80121 7731 13063
111124 10227 51867
10227 51867 111124
51867 10227 111124
85420 11915 50096
11915 50096 85420
50096 11915 85420
69600 37865 78616
37865 69600 78616
78616 37865 69600
11871 102013 140016
140016 11871 102013
102013 11871 140016
110213 74145 117073
74145 110213 117073
117073 74145 110213
48512 100504 132387
132387 48512 100504
100504 48512 132387
94342 30042 119307
119307 30042 94342
30042 94342 119307
147702 41146 58645
58645 41146 147702
41146 58645 147702
135990 59593 105150
105150 59593 135990
59593 105150 135990
90207 26635 57861
57861 26635 90207
26635 57861 90207
65547 78675 121001
121001 65547 78675
78675 65547 121001
24745 25470 143391
143391 24745 25470
25470 24745 143391
128350 38084 136465
38084 128350 136465
136465 38084 128350
69122 15344 89084
89084 15344 69122
15344 69122 89084
148767 42855 92153
92153 42855 148767
42855 92153 148767
51959 18751 138286
18751 51959 138286
138286 18751 51959
144392 70867 132436
132436 70867 144392
70867 132436 144392
17643 36498 132773
36498 17643 132773
132773 17643 36498
136158 76265 89879
89879 76265 136158
76265 89879 136158
8173 107338 147748
147748 8173 107338
107338 8173 147748
29724 36438 72781
72781 29724 36438
36438 29724 72781
112879 113907 123878
113907 112879 123878
123878 112879 113907
143999 104419 144613
104419 143999 144613
144613 104419 143999
128064 47222 56036
56036 47222 128064
47222 56036 128064
148395 116699 149476
149476 116699 148395
116699 148395 149476
127515 76278 110486
76278 110486 127515
110486 76278 127515
42530 32189 59691
32189 42530 59691
59691 32189 42530
141423 59842 110095
110095 59842 141423
59842 110095 141423
44399 6045 100983
100983 6045 44399
6045 44399 100983
27762 103530 133259
133259 27762 103530
103530 27762 133259
51323 66966 83365
66966 51323 83365
83365 51323 66966
15717 99597 120635
99597 15717 120635
120635 15717 99597
114822 53404 54662
53404 54662 114822
54662 53404 114822
96056 113848 129045
129045 96056 113848
113848 96056 129045
71325 79955 82813
82813 71325 79955
79955 71325 82813
11184 103870 121373
103870 11184 121373
121373 11184 103870
71331 49359 146520
146520 49359 71331
49359 71331 146520
76152 78863 115139
115139 76152 78863
78863 76152 115139
52111 106399 140047
106399 52111 140047
140047 52111 106399
56369 13763 99398
99398 13763 56369
13763 56369 99398
115915 6646 40176
6646 40176 115915
40176 6646 115915
71138 44859 123669
44859 71138 123669
123669 44859 71138
140530 15097 101663
101663 15097 140530
15097 101663 140530
92021 1518 10446
10446 1518 92021
1518 10446 92021
116764 46641 148894
148894 46641 116764
46641 116764 148894
110349 78812 83236
83236 78812 110349
78812 83236 110349
4830 88926 108557
108557 4830 88926
88926 4830 108557
50944 52011 111439
111439 50944 52011
52011 50944 111439
77328 42213 133944
42213 77328 133944
133944 42213 77328
53112 82331 108242
108242 53112 82331
82331 53112 108242
62387 92048 127097
92048 62387 127097
127097 62387 92048
101830 28438 123606
123606 28438 101830
28438 101830 123606
105508 64874 122785
122785 64874 105508
64874 105508 122785
1404 124 24155
24155 124 1404
124 1404 24155
78445 88755 126057
88755 78445 126057
126057 78445 88755
110112 20206 45660
45660 20206 110112
20206 45660 110112
6648 42604 58602
58602 6648 42604
42604 6648 58602
103061 22459 115596
115596 22459 103061
22459 103061 115596
49750 65554 90729
90729 49750 65554
65554 49750 90729
88521 607 3632
3632 607 88521
607 3632 88521
70612 29476 122030
122030 29476 70612
29476 70612 122030
8053 49262 120345
49262 8053 120345
120345 8053 49262
101601 26104 31013
26104 31013 101601
31013 26104 101601
66974 10529 72299
72299 10529 66974
10529 66974 72299
22999 59932 134049
134049 22999 59932
59932 22999 134049
141814 67972 148486
148486 67972 141814
67972 141814 148486
137171 37397 68707
37397 68707 137171
68707 37397 137171
23950 20677 35380
20677 23950 35380
35380 20677 23950
67166 67106 83187
83187 67106 67166
67106 67166 83187
136200 22333 130842
130842 22333 136200
22333 130842 136200
64625 63579 79273
63579 64625 79273
79273 63579 64625
41446 25111 88058
88058 25111 41446
25111 41446 88058
91321 81393 131299
131299 81393 91321
81393 91321 131299
130179 46196 67288
46196 67288 130179
67288 46196 130179
22508 75587 122906
122906 22508 75587
75587 22508 122906
114227 98860 142473
98860 114227 142473
142473 98860 114227
103414 109803 148421
109803 103414 148421
148421 103414 109803
24232 60448 72109
72109 24232 60448
60448 24232 72109
125729 25453 54262
25453 54262 125729
54262 25453 125729
120907 67927 132464
67927 120907 132464
132464 67927 120907
141753 46127 124633
46127 124633 141753
124633 46127 141753
32363 48390 53321
53321 32363 48390
48390 32363 53321
119296 838 13104
838 13104 119296
13104 838 119296
60463 62274 106900
62274 60463 106900
106900 60463 62274
75559 61953 71209
61953 71209 75559
71209 61953 75559
16414 53476 131398
131398 16414 53476
53476 16414 131398
54869 93866 127084
93866 54869 127084
127084 54869 93866
16767 84099 102367
84099 16767 102367
102367 16767 84099
132483 26983 29168
26983 29168 132483
29168 26983 132483
45032 77911 146618
146618 45032 77911
77911 45032 146618
113229 54305 101363
101363 54305 113229
54305 101363 113229
39836 45376 132975
132975 39836 45376
45376 39836 132975
17726 6785 27736
27736 6785 17726
6785 17726 27736
77834 141046 146234
141046 77834 146234
146234 77834 141046
21647 9433 92156
92156 9433 21647
9433 21647 92156
1230 20063 137856
20063 1230 137856
137856 1230 20063
41763 4614 74589
74589 4614 41763
4614 41763 74589
7181 61128 73993
73993 7181 61128
61128 7181 73993
88264 29577 54094
54094 29577 88264
29577 54094 88264
122726 74640 142878
74640 122726 142878
142878 74640 122726
58839 21317 128784
21317 58839 128784
128784 21317 58839
52472 99711 132079
99711 52472 132079
132079 52472 99711
18744 120717 122789
122789 18744 120717
120717 18744 122789
99644 42639 65535
42639 65535 99644
65535 42639 99644
49031 60346 69260
69260 49031 60346
60346 49031 69260
74991 88131 129039
88131 74991 129039
129039 74991 88131
58228 78859 129317
129317 58228 78859
78859 58228 129317
76976 32301 58347
58347 32301 76976
32301 58347 76976
131850 114461 123721
123721 114461 131850
114461 123721 131850
62033 56513 149194
56513 62033 149194
149194 56513 62033
86637 27432 60172
27432 60172 86637
60172 27432 86637
145946 42251 130774
42251 130774 145946
130774 42251 145946
8327 7539 138958
7539 8327 138958
138958 7539 8327
117660 121270 137037
121270 117660 137037
137037 117660 121270
137888 109841 111338
109841 111338 137888
111338 109841 137888
133020 11598 73952
11598 73952 133020
73952 11598 133020
149417 39098 78702
39098 78702 149417
78702 39098 149417
132029 72120 149490
72120 132029 149490
149490 72120 132029
110478 117634 119953
117634 110478 119953
119953 110478 117634
51435 88767 120429
120429 51435 88767
88767 51435 120429
74840 22278 149934
22278 74840 149934
149934 22278 74840
145962 82936 114889
114889 82936 145962
82936 114889 145962
96670 61343 105121
61343 96670 105121
105121 61343 96670
129347 1399 122935
1399 122935 129347
122935 1399 129347
149156 71578 84302
84302 71578 149156
71578 84302 149156
82866 64452 142290
64452 82866 142290
142290 64452 82866
72129 114811 143475
114811 72129 143475
143475 72129 114811
88904 50430 127879
50430 88904 127879
127879 50430 88904
44930 35555 139305
139305 35555 44930
35555 44930 139305
40267 28555 39396
39396 28555 40267
28555 39396 40267
46005 17634 82153
17634 46005 82153
82153 17634 46005
83227 94204 143519
94204 83227 143519
143519 83227 94204
111819 20707 43928
20707 43928 111819
43928 20707 111819
88773 35521 133491
133491 35521 88773
35521 88773 133491
26465 19904 149107
19904 26465 149107
149107 19904 26465
48511 109503 112591
112591 48511 109503
109503 48511 112591
131260 68835 112839
112839 68835 131260
68835 112839 131260
43043 95074 131819
131819 43043 95074
95074 43043 131819
49441 44383 100396
100396 44383 49441
44383 49441 100396
12633 12629 77492
12629 12633 77492
77492 12629 12633
103266 94284 117159
117159 94284 103266
94284 103266 117159
43508 24193 100723
24193 43508 100723
100723 24193 43508
134908 55573 129397
129397 55573 134908
55573 129397 134908
63567 94236 128578
128578 63567 94236
94236 63567 128578
35266 8136 33589
33589 8136 35266
8136 33589 35266
139947 113774 117082
117082 113774 139947
113774 117082 139947
28827 3893 4324
4324 3893 28827
3893 4324 28827
116919 101619 106789
106789 101619 116919
101619 106789 116919
25266 27917 36167
36167 25266 27917
27917 25266 36167
99241 4094 117076
4094 99241 117076
117076 4094 99241
19795 16099 17202
16099 17202 19795
17202 16099 19795
4184 49784 107142
49784 4184 107142
107142 4184 49784
78827 61296 73534
73534 61296 78827
61296 73534 78827
131500 14510 52864
14510 52864 131500
52864 14510 131500
108815 24523 87583
24523 87583 108815
87583 24523 108815
44608 59394 96433
59394 44608 96433
96433 44608 59394
24815 19415 136161
19415 24815 136161
136161 19415 24815
98013 112271 141778
112271 98013 141778
141778 98013 112271
22289 82204 148484
82204 22289 148484
148484 22289 82204
52206 56254 66083
66083 52206 56254
56254 52206 66083
65935 41077 136665
41077 65935 136665
136665 41077 65935
87062 76533 108280
76533 87062 108280
108280 76533 87062
120823 39876 92574
92574 39876 120823
39876 92574 120823
31063 90499 95452
95452 31063 90499
90499 31063 95452
104496 34433 146689
34433 104496 146689
146689 34433 104496
24667 89272 142448
89272 24667 142448
142448 24667 89272
103968 76055 118004
76055 103968 118004
118004 76055 103968
13823 98086 145034
98086 13823 145034
145034 13823 98086
39424 98295 142722
98295 39424 142722
142722 39424 98295
87975 3457 125540
3457 87975 125540
125540 3457 87975
31579 20960 128066
20960 31579 128066
128066 20960 31579
82217 14132 140491
140491 14132 82217
14132 82217 140491
92543 40368 80975
40368 80975 92543
80975 40368 92543
97180 57896 110679
57896 97180 110679
110679 57896 97180
113002 20921 115311
115311 20921 113002
20921 113002 115311
88360 91792 119437
119437 88360 91792
91792 88360 119437
31752 9465 103638
103638 9465 31752
9465 31752 103638
68721 142176 147302
147302 68721 142176
142176 68721 147302
23720 101659 140497
140497 23720 101659
101659 23720 140497
91632 1011 96169
1011 91632 96169
96169 1011 91632
105965 47233 142488
142488 47233 105965
47233 105965 142488
100788 7870 18018
7870 18018 100788
18018 7870 100788
123630 139012 149480
139012 123630 149480
149480 123630 139012
56449 132096 147222
147222 56449 132096
132096 56449 147222
146049 85795 121200
85795 121200 146049
121200 85795 146049
19572 34474 61628
61628 19572 34474
34474 19572 61628
149036 24357 60651
24357 60651 149036
60651 24357 149036
138158 36838 134867
134867 36838 138158
36838 134867 138158
2176 42497 103374
42497 2176 103374
103374 2176 42497
95176 6827 92561
92561 6827 95176
6827 92561 95176
109582 100085 123672
100085 109582 123672
123672 100085 109582
18762 53927 81167
53927 18762 81167
81167 18762 53927
32753 32906 42459
32906 32753 42459
42459 32753 32906
95834 128775 138203
138203 95834 128775
128775 95834 138203
62183 95794 96725
96725 62183 95794
95794 62183 96725
120905 81159 89795
81159 89795 120905
89795 81159 120905
143723 10415 90805
90805 10415 143723
10415 90805 143723
110267 25582 48629
25582 48629 110267
48629 25582 110267
48118 22222 83186
83186 22222 48118
22222 48118 83186
116044 21463 36151
36151 21463 116044
21463 36151 116044
10050 25869 131391
25869 10050 131391
131391 10050 25869
28310 127168 147357
147357 28310 127168
127168 28310 147357
103010 79189 120885
120885 79189 103010
79189 103010 120885
77719 105640 115182
105640 77719 115182
115182 77719 105640
137211 57123 68513
57123 68513 137211
68513 57123 137211
18446 1605 123039
1605 18446 123039
123039 1605 18446
128020 19103 146878
146878 19103 128020
19103 128020 146878
121464 31984 147863
147863 31984 121464
31984 121464 147863
31864 50614 101410
101410 31864 50614
50614 31864 101410
126096 1516 120994
1516 120994 126096
120994 1516 126096
105746 26537 79608
79608 26537 105746
26537 79608 105746
89422 60220 115359
60220 89422 115359
115359 60220 89422
57961 59046 71111
59046 57961 71111
71111 57961 59046
31672 4514 22746
4514 22746 31672
22746 4514 31672
64562 29400 136064
