884 12 698
12 698 884
698 12 884
1252 729 896
896 729 1252
729 896 1252
1212 377 1128
1128 377 1212
377 1128 1212
841 651 1458
651 841 1458
1458 651 841
1029 349 1243
349 1029 1243
1243 349 1029
403 55 1216
55 403 1216
1216 55 403
334 625 790
790 334 625
625 334 790
1372 1260 1331
1331 1260 1372
1260 1331 1372
1461 690 778
690 778 1461
778 690 1461
352 132 631
132 352 631
631 132 352
546 92 432
92 432 546
432 92 546
174 347 882
347 174 882
882 174 347
246 38 730
730 38 246
38 246 730
1119 540 856
540 856 1119
856 540 1119
437 319 942
942 319 437
319 437 942
1174 249 815
249 815 1174
815 249 1174
1279 795 1281
795 1279 1281
1281 795 1279
667 26 231
26 231 667
231 26 667
1237 447 592
447 592 1237
592 447 1237
287 582 810
582 287 810
810 287 582
1034 918 1076
918 1034 1076
1076 918 1034
1161 422 880
880 422 1161
422 880 1161
1417 39 921
921 39 1417
39 921 1417
1092 781 1084
1084 781 1092
781 1084 1092
758 216 858
216 758 858
858 216 758
638 731 1321
731 638 1321
1321 638 731
1381 96 252
96 252 1381
252 96 1381
1473 235 684
235 684 1473
684 235 1473
505 423 1335
423 505 1335
1335 423 505
774 373 1101
1101 373 774
373 774 1101
1357 368 392
392 368 1357
368 392 1357
677 149 994
994 149 677
149 677 994
986 596 754
596 754 986
754 596 986
965 293 1023
293 965 1023
1023 293 965
1030 808 1253
808 1030 1253
1253 808 1030
662 371 773
773 371 662
371 662 773
1163 333 472
333 472 1163
472 333 1163
749 15 801
15 749 801
801 15 749
1454 394 1392
1392 394 1454
394 1392 1454
1491 224 961
224 961 1491
961 224 1491
1419 521 547
547 521 1419
521 547 1419
1219 1028 1195
1195 1028 1219
1028 1195 1219
988 24 345
345 24 988
24 345 988
1324 834 947
947 834 1324
834 947 1324
600 897 1387
897 600 1387
1387 600 897
951 22 1477
1477 22 951
22 951 1477
195 100 1283
1283 100 195
100 195 1283
538 52 341
52 341 538
341 52 538
259 1026 1291
1291 259 1026
1026 259 1291
652 369 1079
369 652 1079
1079 369 652
289 455 736
455 289 736
736 289 455
759 434 656
656 434 759
434 656 759
872 796 813
796 813 872
813 796 872
70 113 492
113 70 492
492 70 113
478 752 1480
1480 478 752
752 478 1480
777 147 1484
1484 147 777
147 777 1484
590 563 1012
1012 563 590
563 590 1012
1350 191 490
191 490 1350
490 191 1350
581 1098 1218
1098 581 1218
1218 581 1098
499 323 442
323 442 499
442 323 499
1069 175 635
635 175 1069
175 635 1069
1004 784 1074
1074 784 1004
784 1004 1074
1058 61 875
61 875 1058
875 61 1058
485 811 1228
811 485 1228
1228 485 811
943 707 1184
707 943 1184
1184 707 943
428 33 1157
33 428 1157
1157 33 428
380 941 1177
1177 380 941
941 380 1177
1330 750 840
840 750 1330
750 840 1330
1147 445 1200
1200 445 1147
445 1147 1200
276 124 626
124 276 626
626 124 276
807 940 1008
940 807 1008
1008 807 940
532 816 913
913 532 816
816 532 913
702 848 894
894 702 848
848 702 894
1064 196 1013
196 1013 1064
1013 196 1064
902 706 1138
1138 706 902
706 902 1138
605 636 1172
636 605 1172
1172 605 636
506 553 643
643 506 553
553 506 643
57 338 624
624 57 338
338 57 624
509 251 1144
251 509 1144
1144 251 509
514 280 1113
280 514 1113
1113 280 514
89 81 978
81 89 978
978 81 89
1037 339 767
339 767 1037
767 339 1037
541 43 1095
43 541 1095
1095 43 541
1492 488 1245
1245 488 1492
488 1245 1492
328 1130 1169
1130 328 1169
1169 328 1130
686 467 622
622 467 686
467 622 686
275 713 1325
1325 275 713
713 275 1325
433 140 1489
1489 140 433
140 433 1489
679 206 462
462 206 679
206 462 679
633 158 162
162 158 633
158 162 633
836 348 452
452 348 836
348 452 836
245 402 454
402 245 454
454 245 402
1106 117 998
998 117 1106
117 998 1106
983 357 382
382 357 983
357 382 983
1096 957 1391
1391 957 1096
957 1096 1391
939 669 1406
669 939 1406
1406 669 939
701 243 975
975 243 701
243 701 975
1193 507 979
979 507 1193
507 979 1193
1181 4 587
4 587 1181
587 4 1181
154 27 471
27 154 471
471 27 154
1017 138 405
138 405 1017
405 138 1017
269 449 576
576 269 449
449 269 576
623 219 1369
219 623 1369
1369 219 623
1383 19 861
861 19 1383
19 861 1383
1006 659 1164
659 1006 1164
1164 659 1006
160 29 66
29 66 160
66 29 160
273 400 687
400 273 687
687 273 400
1052 58 1284
1284 58 1052
58 1052 1284
1336 997 1295
997 1295 1336
1295 997 1336
827 267 527
527 267 827
267 527 827
317 733 1296
733 317 1296
1296 317 733
1483 127 792
127 792 1483
792 127 1483
769 959 1097
959 769 1097
1097 769 959
389 277 461
277 389 461
461 277 389
1323 518 678
678 518 1323
518 678 1323
969 761 1409
761 969 1409
1409 761 969
513 510 1447
1447 510 513
510 513 1447
1485 395 482
395 482 1485
482 395 1485
457 1340 1486
1340 457 1486
1486 457 1340
366 59 301
301 59 366
59 301 366
1031 378 741
741 378 1031
378 741 1031
145 463 1152
1152 145 463
463 145 1152
1000 85 1376
1376 85 1000
85 1000 1376
1337 30 286
30 286 1337
286 30 1337
809 573 1412
1412 573 809
573 809 1412
1167 734 1389
1389 734 1167
734 1167 1389
618 308 682
682 308 618
308 618 682
1497 568 1178
1178 568 1497
568 1178 1497
494 828 1275
828 494 1275
1275 494 828
721 177 217
177 217 721
217 177 721
971 1057 1453
1057 971 1453
1453 971 1057
1002 469 950
469 950 1002
950 469 1002
1361 107 934
934 107 1361
107 934 1361
1280 1457 1468
1457 1280 1468
1468 1280 1457
1137 2 1367
2 1137 1367
1367 2 1137
1443 218 818
218 818 1443
818 218 1443
922 727 1435
1435 727 922
727 922 1435
1259 470 862
470 862 1259
862 470 1259
1487 846 1289
1289 846 1487
846 1289 1487
1294 1035 1396
1396 1035 1294
1035 1294 1396
1160 111 361
361 111 1160
111 361 1160
743 1229 1379
1229 743 1379
1379 743 1229
1186 1255 1359
1359 1186 1255
1255 1186 1359
106 126 906
126 106 906
906 106 126
1040 305 444
444 305 1040
305 444 1040
585 511 952
952 511 585
511 585 952
1305 255 396
255 396 1305
396 255 1305
883 793 1225
1225 793 883
793 883 1225
802 821 1087
1087 802 821
821 802 1087
817 1090 1129
1090 817 1129
1129 817 1090
408 60 332
332 60 408
60 332 408
1479 1045 1202
1045 1202 1479
1202 1045 1479
829 139 967
139 829 967
967 139 829
663 263 854
263 663 854
854 263 663
50 1048 1405
1048 50 1405
1405 50 1048
604 183 529
183 529 604
529 183 604
97 42 104
104 42 97
42 97 104
84 628 740
740 84 628
628 84 740
1240 233 579
233 579 1240
579 233 1240
292 695 1317
695 292 1317
1317 292 695
681 1003 1206
1003 681 1206
1206 681 1003
481 480 1049
1049 480 481
480 481 1049
320 717 1319
717 320 1319
1319 320 717
1251 764 1198
1198 764 1251
764 1198 1251
791 1066 1197
1197 791 1066
1066 791 1197
487 194 1011
194 487 1011
1011 194 487
1061 1327 1425
1327 1061 1425
1425 1061 1327
1390 803 1073
1073 803 1390
803 1073 1390
903 1059 1378
1059 903 1378
1378 903 1059
102 739 1329
739 102 1329
1329 102 739
74 167 642
167 74 642
642 74 167
458 980 1495
1495 458 980
980 458 1495
569 450 616
450 569 616
616 450 569
674 1146 1466
1146 674 1466
1466 674 1146
229 274 501
501 229 274
274 229 501
614 193 1444
193 614 1444
1444 193 614
1044 169 1075
1075 169 1044
169 1044 1075
37 410 588
588 37 410
410 37 588
337 188 466
466 188 337
188 337 466
1236 367 745
367 745 1236
745 367 1236
647 831 877
877 647 831
831 647 877
1100 407 904
407 904 1100
904 407 1100
429 131 1185
1185 131 429
131 429 1185
874 495 1054
495 874 1054
1054 495 874
1189 134 683
683 134 1189
134 683 1189
73 230 909
909 73 230
230 73 909
508 290 356
290 356 508
356 290 508
1476 654 724
724 654 1476
654 724 1476
1418 181 1368
1368 181 1418
181 1368 1418
1490 20 1140
1140 20 1490
20 1140 1490
1086 114 718
718 114 1086
114 718 1086
1244 329 644
644 329 1244
329 644 1244
165 991 1438
991 165 1438
1438 165 991
1478 1135 1272
1272 1135 1478
1135 1272 1478
805 1221 1277
1277 805 1221
1221 805 1277
929 79 797
797 79 929
79 797 929
531 198 1062
198 531 1062
1062 198 531
340 184 296
296 184 340
184 296 340
1151 441 1246
441 1151 1246
1246 441 1151
653 82 1194
82 653 1194
1194 82 653
711 222 476
222 476 711
476 222 711
379 697 1278
1278 379 697
697 379 1278
297 574 924
924 297 574
574 297 924
685 383 630
383 630 685
630 383 685
164 1201 1382
1382 164 1201
1201 164 1382
1374 93 1088
1088 93 1374
93 1088 1374
1481 87 1205
87 1205 1481
1205 87 1481
241 98 705
705 98 241
98 241 705
1213 899 992
992 899 1213
899 992 1213
675 640 700
640 675 700
700 640 675
1136 257 1385
257 1136 1385
1385 257 1136
863 606 1009
606 863 1009
1009 606 863
1116 935 1290
935 1116 1290
1290 935 1116
926 129 208
129 208 926
208 129 926
136 936 1261
936 136 1261
1261 136 936
873 586 889
586 873 889
889 586 873
385 1154 1345
1345 385 1154
1154 385 1345
417 742 1404
742 417 1404
1404 417 742
1060 264 1231
1231 264 1060
264 1060 1231
537 76 1470
1470 76 537
76 537 1470
48 468 1150
468 48 1150
1150 48 468
180 1467 1472
1467 180 1472
1472 180 1467
199 353 1118
1118 199 353
353 199 1118
1173 143 557
143 557 1173
557 143 1173
1436 425 1303
1303 425 1436
425 1303 1436
1362 645 1254
1254 645 1362
645 1254 1362
853 987 1249
1249 853 987
987 853 1249
892 1276 1351
1276 892 1351
1351 892 1276
747 236 560
236 560 747
560 236 747
238 446 798
446 238 798
798 238 446
968 365 847
847 365 968
365 847 968
354 228 359
228 354 359
359 228 354
794 1141 1328
1141 794 1328
1328 794 1141
619 545 963
545 619 963
963 545 619
68 254 364
254 68 364
364 68 254
699 424 1155
424 699 1155
1155 424 699
964 496 1442
496 964 1442
1442 496 964
17 5 1241
5 17 1241
1241 5 17
1115 221 989
221 989 1115
989 221 1115
1025 220 232
232 220 1025
220 232 1025
744 31 984
31 744 984
984 31 744
307 812 1153
1153 307 812
812 307 1153
1430 493 720
720 493 1430
493 720 1430
1020 311 1027
311 1020 1027
1027 311 1020
187 1302 1475
1302 187 1475
1475 187 1302
1437 204 1015
1015 204 1437
204 1015 1437
197 888 1307
1307 197 888
888 197 1307
852 542 1498
1498 542 852
542 852 1498
1428 318 1258
318 1258 1428
1258 318 1428
1386 112 927
927 112 1386
112 927 1386
315 161 306
306 161 315
161 306 315
282 69 1333
69 282 1333
1333 69 282
898 497 751
497 751 898
751 497 898
1440 71 202
202 71 1440
71 202 1440
1188 712 1263
712 1188 1263
1263 712 1188
416 900 1366
1366 416 900
900 416 1366
551 298 419
419 298 551
298 419 551
474 313 1304
1304 313 474
313 474 1304
715 1078 1208
1208 715 1078
1078 715 1208
151 722 870
870 151 722
722 151 870
826 47 303
47 303 826
303 47 826
748 13 148
148 13 748
13 148 748
990 719 1395
719 990 1395
1395 719 990
539 572 1091
572 539 1091
1091 539 572
421 210 1407
210 421 1407
1407 210 421
1187 387 1132
387 1132 1187
1132 387 1187
299 261 800
261 299 800
800 261 299
648 844 1014
1014 648 844
844 648 1014
1123 35 878
878 35 1123
35 878 1123
649 439 804
439 649 804
804 439 649
155 489 1065
489 155 1065
1065 155 489
735 110 1005
1005 110 735
110 735 1005
779 440 881
440 779 881
881 440 779
1082 190 1122
1122 190 1082
190 1082 1122
1439 1036 1196
1036 1196 1439
1196 1036 1439
1400 528 1293
528 1293 1400
1293 528 1400
344 406 914
406 344 914
914 344 406
1070 18 1452
1452 18 1070
18 1070 1452
1018 554 1180
554 1018 1180
1180 554 1018
1176 850 1222
1222 850 1176
850 1176 1222
865 200 1429
200 865 1429
1429 200 865
272 324 753
753 272 324
324 272 753
673 564 1363
564 673 1363
1363 564 673
1072 561 664
561 664 1072
664 561 1072
1050 186 594
594 186 1050
186 594 1050
1338 1207 1462
1207 1338 1462
1462 1207 1338
650 1041 1315
1315 650 1041
1041 650 1315
130 860 1292
1292 130 860
860 130 1292
917 214 1105
214 917 1105
1105 214 917
559 525 1269
525 559 1269
1269 525 559
370 142 1089
1089 142 370
142 370 1089
1286 1341 1399
1399 1286 1341
1341 1286 1399
1298 937 1434
937 1298 1434
1434 937 1298
1022 768 912
912 768 1022
768 912 1022
1159 166 555
555 166 1159
166 555 1159
916 99 426
426 99 916
99 426 916
849 209 1377
209 849 1377
1377 209 849
962 1107 1500
1107 962 1500
1500 962 1107
75 1043 1179
1043 75 1179
1179 75 1043
851 115 893
115 851 893
893 115 851
1230 783 1394
783 1230 1394
1394 783 1230
658 182 205
182 205 658
205 182 658
895 519 928
519 895 928
928 519 895
602 157 520
157 520 602
520 157 602
589 925 1039
1039 589 925
925 589 1039
868 295 1103
295 868 1103
1103 295 868
1339 1300 1326
1300 1326 1339
1326 1300 1339
172 905 960
905 172 960
960 172 905
409 49 688
49 409 688
688 49 409
776 36 1215
36 776 1215
1215 36 776
995 25 646
646 25 995
25 646 995
530 137 427
427 137 530
137 427 530
302 523 871
523 302 871
871 302 523
156 911 1265
1265 156 911
911 156 1265
456 9 1033
9 456 1033
1033 9 456
1068 351 973
351 973 1068
973 351 1068
192 610 985
610 192 985
985 192 610
309 253 763
763 253 309
253 309 763
239 703 1165
703 239 1165
1165 239 703
1410 504 1077
504 1077 1410
1077 504 1410
609 11 477
477 11 609
11 477 609
775 1469 1493
1493 775 1469
1469 775 1493
23 355 565
565 23 355
355 23 565
533 1168 1421
1168 533 1421
1421 533 1168
842 420 1001
420 842 1001
1001 420 842
806 173 1274
173 806 1274
1274 173 806
1171 972 1471
1471 972 1171
972 1171 1471
1494 291 1046
1046 291 1494
291 1046 1494
786 598 728
728 598 786
598 728 786
866 178 1099
1099 178 866
178 866 1099
120 1256 1270
1256 120 1270
1270 120 1256
770 342 1063
342 770 1063
1063 342 770
788 21 133
133 21 788
21 133 788
393 524 890
524 393 890
890 393 524
1114 824 1145
824 1114 1145
1145 824 1114
135 1024 1282
1024 135 1282
1282 135 1024
258 90 1464
1464 90 258
90 258 1464
1223 32 226
32 226 1223
226 32 1223
1316 153 1360
1360 153 1316
153 1316 1360
1403 223 1111
223 1111 1403
1111 223 1403
1313 714 772
714 772 1313
772 714 1313
578 819 1380
819 578 1380
1380 578 819
1235 415 762
762 415 1235
415 762 1235
118 570 944
570 118 944
944 118 570
451 150 1175
1175 150 451
150 451 1175
1267 331 1384
331 1267 1384
1384 331 1267
1257 95 680
680 95 1257
95 680 1257
1465 53 908
53 908 1465
908 53 1465
910 256 876
256 876 910
876 256 910
938 54 1432
1432 54 938
54 938 1432
1239 103 1133
103 1133 1239
1133 103 1239
780 101 1247
101 780 1247
1247 101 780
948 80 343
343 80 948
80 343 948
88 886 1297
886 88 1297
1297 88 886
1401 262 857
857 262 1401
262 857 1401
1448 575 953
575 953 1448
953 575 1448
931 375 756
756 375 931
375 756 931
213 159 571
571 159 213
159 213 571
933 285 1271
285 933 1271
1271 285 933
207 484 1346
484 207 1346
1346 207 484
535 1067 1191
1067 535 1191
1191 535 1067
976 691 915
691 915 976
915 691 976
737 86 708
708 86 737
86 708 737
51 386 1424
386 51 1424
1424 51 386
125 760 1420
760 125 1420
1420 125 760
1121 327 603
327 603 1121
603 327 1121
486 1322 1365
1322 486 1365
1365 486 1322
1342 1126 1320
1320 1126 1342
1126 1320 1342
1415 56 1388
56 1388 1415
1388 56 1415
977 787 869
787 869 977
869 787 977
418 785 1422
785 418 1422
1422 418 785
168 1234 1273
1234 168 1273
1273 168 1234
566 823 1311
1311 566 823
823 566 1311
1203 225 558
558 225 1203
225 558 1203
227 1308 1426
1426 227 1308
1308 227 1426
1250 526 1352
1352 526 1250
526 1250 1352
473 215 358
215 358 473
358 215 473
556 431 1108
1108 431 556
431 556 1108
996 1016 1364
1364 996 1016
1016 996 1364
1460 279 580
279 580 1460
580 279 1460
304 397 1019
397 304 1019
1019 304 397
958 1071 1450
1071 958 1450
1450 958 1071
1488 119 321
119 321 1488
321 119 1488
901 170 512
512 170 901
170 512 901
1397 1124 1285
1285 1124 1397
1124 1285 1397
44 845 1314
845 44 1314
1314 44 845
1306 372 1310
372 1306 1310
1310 372 1306
483 46 211
211 46 483
46 211 483
974 411 443
411 443 974
443 411 974
1142 16 314
16 314 1142
314 16 1142
1055 237 374
374 237 1055
237 374 1055
562 1209 1347
1347 562 1209
1209 562 1347
966 436 1354
436 966 1354
1354 436 966
668 629 1343
629 668 1343
1343 629 668
1312 657 999
657 999 1312
999 657 1312
799 72 1183
72 799 1183
1183 72 799
661 837 1053
837 661 1053
1053 661 837
1093 676 949
949 676 1093
676 949 1093
1204 591 1166
591 1166 1204
1166 591 1204
1211 189 1416
1416 189 1211
189 1211 1416
401 116 300
300 116 401
116 300 401
621 146 399
146 399 621
399 146 621
1007 346 1032
1032 346 1007
346 1007 1032
930 693 923
923 693 930
693 923 930
771 544 613
613 544 771
544 613 771
1220 179 350
179 350 1220
350 179 1220
1227 278 855
278 855 1227
855 278 1227
732 234 1125
1125 234 732
234 732 1125
1449 67 723
723 67 1449
67 723 1449
1344 288 955
955 288 1344
288 955 1344
789 41 1288
41 789 1288
1288 41 789
1110 755 1353
1353 755 1110
755 1110 1353
830 833 1373
833 830 1373
1373 830 833
64 281 552
281 64 552
552 64 281
671 8 716
8 671 716
716 8 671
907 316 1375
316 907 1375
1375 316 907
83 247 1085
247 83 1085
1085 83 247
250 294 725
294 250 725
725 250 294
1199 78 838
78 838 1199
838 78 1199
460 260 381
381 260 460
260 381 460
63 109 536
109 63 536
536 63 109
746 670 1356
1356 670 746
670 746 1356
1463 1349 1414
1414 1349 1463
1349 1414 1463
242 1370 1408
1370 242 1408
1408 242 1370
185 108 543
108 185 543
543 108 185
822 516 1156
1156 516 822
516 822 1156
704 62 694
694 62 704
62 694 704
692 244 1355
244 692 1355
1355 244 692
620 660 1423
660 620 1423
1423 620 660
515 550 607
550 515 607
607 515 550
1334 376 1411
1411 376 1334
376 1334 1411
363 887 1134
1134 363 887
887 363 1134
398 391 1348
1348 391 398
391 398 1348
430 1287 1459
1459 430 1287
1287 430 1459
163 567 1232
567 163 1232
1232 163 567
1149 1127 1499
1127 1149 1499
1499 1127 1149
268 970 1162
970 268 1162
1162 268 970
414 864 1309
864 414 1309
1309 414 864
597 782 1332
1332 597 782
782 597 1332
77 322 1170
1170 77 322
322 77 1170
384 641 885
885 384 641
641 384 885
593 212 637
637 212 593
212 593 637
1402 240 491
240 491 1402
491 240 1402
1482 121 1214
121 1214 1482
1214 121 1482
335 1038 1248
1248 335 1038
1038 335 1248
1109 835 1021
1021 835 1109
835 1021 1109
549 265 696
696 265 549
265 549 696
825 284 738
738 284 825
284 738 825
502 839 1148
839 502 1148
1148 502 839
615 122 1456
122 615 1456
1456 122 615
325 266 1102
1102 266 325
266 325 1102
475 203 548
203 475 548
548 203 475
1210 94 982
94 982 1210
982 94 1210
330 105 271
105 271 330
271 105 330
859 448 1427
1427 448 859
448 859 1427
639 595 1182
1182 595 639
595 639 1182
1371 599 1117
1117 599 1371
599 1117 1371
91 10 1264
1264 10 91
10 91 1264
954 248 326
248 326 954
326 248 954
946 522 1413
1413 522 946
522 946 1413
1042 634 1094
1094 634 1042
634 1042 1094
1446 665 1393
665 1393 1446
1393 665 1446
1358 123 1104
123 1104 1358
1104 123 1358
672 577 617
577 617 672
617 577 672
583 362 1081
362 583 1081
1081 362 583
503 1010 1120
1010 503 1120
1120 503 1010
814 867 1131
1131 814 867
867 814 1131
945 312 517
312 517 945
517 312 945
1242 655 1318
1318 655 1242
655 1242 1318
632 932 1474
1474 632 932
932 632 1474
459 390 1047
1047 390 459
390 459 1047
438 283 765
765 283 438
283 438 765
1455 453 1139
1139 453 1455
453 1139 1455
1 28 500
500 1 28
28 1 500
152 34 843
843 34 152
34 152 843
1445 3 336
3 336 1445
336 3 1445
920 435 1268
435 920 1268
1268 435 920
412 128 726
726 128 412
128 412 726
171 7 1431
7 171 1431
1431 7 171
1433 413 465
465 413 1433
413 465 1433
176 766 832
832 176 766
766 176 832
1398 45 270
270 45 1398
45 270 1398
14 1112 1158
1158 14 1112
1112 14 1158
956 65 891
891 65 956
65 891 956
479 611 919
919 479 611
611 479 919
310 534 1266
1266 310 534
534 310 1266
584 1190 1233
1190 584 1233
1233 584 1190
601 666 1217
666 601 1217
1217 601 666
820 1056 1441
1056 820 1441
1441 820 1056
464 498 1226
1226 464 498
498 464 1226
1301 608 1262
1262 608 1301
608 1262 1301
40 141 993
141 40 993
993 40 141
404 1080 1238
1080 404 1238
1238 404 1080
201 388 981
981 201 388
388 201 981
757 1224 1496
1496 757 1224
1224 757 1496
689 1083 1451
1451 689 1083
1083 689 1451
1299 360 1143
360 1143 1299
1143 360 1299
612 709 879
709 612 879
879 612 709
144 6 627
627 6 144
6 144 627
1051 710 1192
1192 710 1051
710 1051 1192
