7562 11330 12778
11330 7562 12778
12778 7562 11330
6918 14871 14879
14871 6918 14879
14879 6918 14871
13744 7094 7493
7094 7493 13744
7493 7094 13744
14926 8737 10271
8737 10271 14926
10271 8737 14926
3458 7106 12882
7106 3458 12882
12882 3458 7106
8204 1266 9855
1266 8204 9855
9855 1266 8204
9802 2209 4592
2209 4592 9802
4592 2209 9802
10925 1159 4822
1159 4822 10925
4822 1159 10925
11109 972 13742
13742 972 11109
972 11109 13742
4331 533 2113
2113 533 4331
533 2113 4331
11857 9293 14798
14798 9293 11857
9293 11857 14798
3087 3951 12586
3951 3087 12586
12586 3087 3951
1743 10627 12152
12152 1743 10627
10627 1743 12152
7219 1398 5682
1398 5682 7219
5682 1398 7219
5387 8705 10356
10356 5387 8705
8705 5387 10356
4377 2289 13563
13563 2289 4377
2289 4377 13563
301 3013 9549
9549 301 3013
3013 301 9549
9885 1215 9886
9886 1215 9885
1215 9885 9886
5580 1804 8566
8566 1804 5580
1804 5580 8566
4119 1515 13205
1515 4119 13205
13205 1515 4119
9877 2933 11503
11503 2933 9877
2933 9877 11503
716 4819 8717
8717 716 4819
4819 716 8717
13198 890 8091
8091 890 13198
890 8091 13198
9323 1280 11220
11220 1280 9323
1280 9323 11220
6610 4863 6794
6794 4863 6610
4863 6610 6794
4305 10603 12117
12117 4305 10603
10603 4305 12117
3663 310 12112
12112 310 3663
310 3663 12112
10985 7721 13730
13730 7721 10985
7721 10985 13730
7441 13407 14775
13407 7441 14775
14775 7441 13407
9948 4520 10916
10916 4520 9948
4520 9948 10916
10103 2790 9055
9055 2790 10103
2790 9055 10103
11543 2807 13968
13968 2807 11543
2807 11543 13968
14915 7030 12416
7030 12416 14915
12416 7030 14915
14641 4454 4746
4746 4454 14641
4454 4746 14641
11199 4751 12682
4751 11199 12682
12682 4751 11199
3157 3373 14819
3373 3157 14819
14819 3157 3373
7592 8366 11779
11779 7592 8366
8366 7592 11779
4547 361 10317
10317 361 4547
361 4547 10317
1861 5511 13380
5511 1861 13380
13380 1861 5511
689 13054 13523
13523 689 13054
13054 689 13523
9794 599 2269
2269 599 9794
599 2269 9794
12194 1490 12379
1490 12194 12379
12379 1490 12194
1194 9781 13571
9781 1194 13571
13571 1194 9781
7796 9664 12891
12891 7796 9664
9664 7796 12891
812 1047 4316
1047 812 4316
4316 812 1047
1197 25 3430
3430 25 1197
25 1197 3430
2027 715 2609
715 2027 2609
2609 715 2027
10221 6201 6921
6921 6201 10221
6201 6921 10221
375 3853 12173
12173 375 3853
3853 375 12173
14903 247 10084
10084 247 14903
247 10084 14903
2549 10783 11848
10783 2549 11848
11848 2549 10783
13881 3620 10885
10885 3620 13881
3620 10885 13881
7148 5062 12970
5062 7148 12970
12970 5062 7148
7900 12376 12850
12850 7900 12376
12376 7900 12850
14471 3145 6425
3145 6425 14471
6425 3145 14471
6389 4437 8969
8969 4437 6389
4437 6389 8969
8575 1182 13081
1182 8575 13081
13081 1182 8575
12375 5608 8191
8191 5608 12375
5608 8191 12375
10986 13007 13844
13007 10986 13844
13844 10986 13007
1516 6312 9469
9469 1516 6312
6312 1516 9469
9508 6971 13868
6971 9508 13868
13868 6971 9508
8521 3976 5501
3976 5501 8521
5501 3976 8521
13785 1495 14257
1495 13785 14257
14257 1495 13785
10220 9569 12326
9569 10220 12326
12326 9569 10220
1031 13099 13984
13984 1031 13099
13099 1031 13984
3712 7232 13310
7232 3712 13310
13310 3712 7232
3220 8598 11437
8598 3220 11437
11437 3220 8598
7960 4716 7129
7129 4716 7960
4716 7129 7960
8135 2092 10502
10502 2092 8135
2092 8135 10502
10890 3618 8294
3618 8294 10890
8294 3618 10890
9681 5767 11800
5767 9681 11800
11800 5767 9681
5657 833 5331
833 5331 5657
5331 833 5657
7086 3767 5696
3767 5696 7086
5696 3767 7086
13359 555 13104
555 13104 13359
13104 555 13359
3957 8449 11947
8449 3957 11947
11947 3957 8449
13033 333 8220
333 8220 13033
8220 333 13033
1306 7058 10776
7058 1306 10776
10776 1306 7058
13248 2844 8781
8781 2844 13248
2844 8781 13248
8244 7259 13024
13024 7259 8244
7259 8244 13024
1160 8320 14172
8320 1160 14172
14172 1160 8320
2110 4744 7117
4744 2110 7117
7117 2110 4744
8288 357 7138
7138 357 8288
357 7138 8288
3950 9088 10901
10901 3950 9088
9088 3950 10901
9315 1038 2442
1038 2442 9315
2442 1038 9315
1493 3859 8973
3859 1493 8973
8973 1493 3859
10677 3286 7217
7217 3286 10677
3286 7217 10677
3902 508 10322
10322 508 3902
508 3902 10322
13927 12362 14243
14243 12362 13927
12362 13927 14243
5889 2477 6232
6232 2477 5889
2477 5889 6232
9136 561 3469
561 3469 9136
3469 561 9136
12957 3155 13775
13775 3155 12957
3155 12957 13775
317 1993 10302
10302 317 1993
1993 317 10302
9338 3633 12750
12750 3633 9338
3633 9338 12750
1335 1745 13159
1745 1335 13159
13159 1335 1745
10058 2278 4906
2278 4906 10058
4906 2278 10058
3831 6529 11265
6529 3831 11265
11265 3831 6529
3532 2878 3546
2878 3532 3546
3546 2878 3532
8927 4342 7546
4342 7546 8927
7546 4342 8927
189 3041 6354
6354 189 3041
3041 189 6354
14003 10700 11331
10700 11331 14003
11331 10700 14003
9457 4995 8050
8050 4995 9457
4995 8050 9457
10497 4524 7992
7992 4524 10497
4524 7992 10497
7160 9069 14296
14296 7160 9069
9069 7160 14296
1654 773 14896
773 1654 14896
14896 773 1654
6667 3722 14886
3722 6667 14886
14886 3722 6667
6279 9320 9507
9320 6279 9507
9507 6279 9320
10134 1513 4412
4412 1513 10134
1513 4412 10134
14771 215 11160
215 11160 14771
11160 215 14771
10846 7338 7886
7886 7338 10846
7338 7886 10846
13872 13018 13935
13935 13018 13872
13018 13872 13935
3389 3686 7162
7162 3389 3686
3686 3389 7162
1085 3034 6018
3034 1085 6018
6018 1085 3034
3808 6547 7784
7784 3808 6547
6547 3808 7784
913 7677 13770
13770 913 7677
7677 913 13770
10338 5661 6834
5661 6834 10338
6834 5661 10338
268 3624 6536
6536 268 3624
3624 268 6536
14981 8469 13582
8469 13582 14981
13582 8469 14981
10247 808 9791
808 9791 10247
9791 808 10247
2398 1049 8602
8602 1049 2398
1049 2398 8602
13663 420 1009
1009 420 13663
420 1009 13663
13332 6799 14885
6799 13332 14885
14885 6799 13332
12388 3096 8628
8628 3096 12388
3096 8628 12388
6000 6307 9642
6307 6000 9642
9642 6000 6307
2310 11649 13178
11649 2310 13178
13178 2310 11649
10948 5082 12461
5082 10948 12461
12461 5082 10948
6461 5268 6086
5268 6086 6461
6086 5268 6461
7689 14374 14539
14539 7689 14374
14374 7689 14539
14295 6021 6460
6021 6460 14295
6460 6021 14295
11596 8047 11116
11116 8047 11596
8047 11116 11596
9864 12145 14733
14733 9864 12145
12145 9864 14733
12636 9205 10009
9205 10009 12636
10009 9205 12636
657 3754 12673
3754 657 12673
12673 657 3754
1128 13555 13696
13696 1128 13555
13555 1128 13696
13751 9164 13514
9164 13514 13751
13514 9164 13751
13626 2509 11490
2509 11490 13626
11490 2509 13626
11506 4326 4336
4336 4326 11506
4326 4336 11506
1957 10586 12199
10586 1957 12199
12199 1957 10586
12930 5220 8749
8749 5220 12930
5220 8749 12930
7382 2529 7089
7089 2529 7382
2529 7089 7382
14420 858 8881
8881 858 14420
858 8881 14420
12345 494 13665
494 12345 13665
13665 494 12345
1632 6611 10675
10675 1632 6611
6611 1632 10675
7316 3544 4162
4162 3544 7316
3544 4162 7316
9271 4043 11436
11436 4043 9271
4043 9271 11436
13642 198 9459
9459 198 13642
198 9459 13642
898 1078 4054
1078 898 4054
4054 898 1078
8748 5162 11473
11473 5162 8748
5162 8748 11473
12114 4146 9158
4146 9158 12114
9158 4146 12114
14153 1089 14766
14766 1089 14153
1089 14153 14766
7364 5344 14032
5344 7364 14032
14032 5344 7364
594 36 2902
2902 36 594
36 594 2902
5232 14110 14907
14907 5232 14110
14110 5232 14907
6785 13840 14119
14119 6785 13840
13840 6785 14119
13502 13377 14493
14493 13377 13502
13377 13502 14493
9970 3107 14079
3107 9970 14079
14079 3107 9970
11619 1377 9545
1377 9545 11619
9545 1377 11619
14956 2500 2764
2500 2764 14956
2764 2500 14956
4927 623 9253
623 4927 9253
9253 623 4927
14850 2713 6560
2713 6560 14850
6560 2713 14850
1845 988 10915
10915 988 1845
988 1845 10915
3724 3405 12932
3405 3724 12932
12932 3405 3724
8365 3105 13618
3105 8365 13618
13618 3105 8365
2858 11644 14695
14695 2858 11644
11644 2858 14695
9737 2468 10135
2468 9737 10135
10135 2468 9737
284 1053 14399
1053 284 14399
14399 284 1053
4135 6060 6943
6943 4135 6060
6060 4135 6943
2011 1077 3711
1077 2011 3711
3711 1077 2011
9208 1973 13856
13856 1973 9208
1973 9208 13856
13817 3310 12318
12318 3310 13817
3310 12318 13817
5320 6482 11260
11260 5320 6482
6482 5320 11260
13990 11941 13889
11941 13889 13990
13889 11941 13990
10276 307 14845
14845 307 10276
307 10276 14845
2362 4867 14476
4867 2362 14476
14476 2362 4867
12836 13482 13906
13906 12836 13482
13482 12836 13906
2809 1406 8528
1406 2809 8528
8528 1406 2809
9110 180 5752
5752 180 9110
180 5752 9110
13053 647 13542
13542 647 13053
647 13053 13542
7726 2141 7362
7362 2141 7726
2141 7362 7726
14932 298 4434
298 4434 14932
4434 298 14932
66 408 6061
408 66 6061
6061 66 408
7064 6030 12820
12820 6030 7064
6030 7064 12820
731 5238 7738
5238 731 7738
7738 731 5238
7397 12693 14245
12693 7397 14245
14245 7397 12693
11850 1995 2574
1995 2574 11850
2574 1995 11850
12503 725 9267
9267 725 12503
725 9267 12503
7603 5021 8499
5021 7603 8499
8499 5021 7603
4902 13041 14612
14612 4902 13041
13041 4902 14612
2623 194 10688
10688 194 2623
194 2623 10688
1234 8231 14174
14174 1234 8231
8231 1234 14174
7470 10448 14852
10448 7470 14852
14852 7470 10448
632 7343 13437
7343 632 13437
13437 632 7343
11872 3440 3835
3835 3440 11872
3440 3835 11872
14653 2589 11803
2589 11803 14653
11803 2589 14653
8274 12769 13408
12769 8274 13408
13408 8274 12769
10444 347 5426
5426 347 10444
347 5426 10444
9478 748 8898
8898 748 9478
748 8898 9478
3390 6704 11411
11411 3390 6704
6704 3390 11411
14824 1275 12895
12895 1275 14824
1275 12895 14824
2548 2116 4501
2116 2548 4501
4501 2116 2548
7108 4747 12520
12520 4747 7108
4747 7108 12520
60 18 11521
11521 18 60
18 60 11521
4123 3756 8467
8467 3756 4123
3756 4123 8467
13342 138 639
639 138 13342
138 639 13342
2046 82 6200
6200 82 2046
82 2046 6200
14388 921 9354
921 9354 14388
9354 921 14388
869 5156 6845
5156 869 6845
6845 869 5156
8908 8862 13543
8862 8908 13543
13543 8862 8908
6158 7674 10519
10519 6158 7674
7674 6158 10519
5768 6759 8405
6759 5768 8405
8405 5768 6759
3562 13446 14409
13446 3562 14409
14409 3562 13446
1450 6111 13267
6111 1450 13267
13267 1450 6111
13557 1503 2322
1503 2322 13557
2322 1503 13557
14638 4320 4688
4320 4688 14638
4688 4320 14638
6143 2224 7896
2224 6143 7896
7896 2224 6143
7871 559 10909
10909 559 7871
559 7871 10909
4916 5124 14349
14349 4916 5124
5124 4916 14349
5974 5746 7575
7575 5746 5974
5746 5974 7575
12099 8686 10242
8686 10242 12099
10242 8686 12099
2531 6009 14735
6009 2531 14735
14735 2531 6009
8976 1648 5211
1648 5211 8976
5211 1648 8976
12700 2268 11175
2268 11175 12700
11175 2268 12700
5445 4755 10263
4755 5445 10263
10263 4755 5445
226 1924 4835
4835 226 1924
1924 226 4835
13306 4975 13343
4975 13306 13343
13343 4975 13306
4577 14168 14416
14168 4577 14416
14416 4577 14168
6602 1967 14813
1967 6602 14813
14813 1967 6602
5640 6571 10690
6571 5640 10690
10690 5640 6571
14393 820 920
820 920 14393
920 820 14393
5474 2344 2695
2695 2344 5474
2344 2695 5474
543 10906 11059
11059 543 10906
10906 543 11059
13694 11475 13188
11475 13188 13694
13188 11475 13694
13790 4461 8147
8147 4461 13790
4461 8147 13790
11764 1064 7157
7157 1064 11764
1064 7157 11764
3513 8172 14974
14974 3513 8172
8172 3513 14974
6997 10998 12811
12811 6997 10998
10998 6997 12811
9617 10713 14925
14925 9617 10713
10713 9617 14925
14007 4362 14197
4362 14007 14197
14197 4362 14007
1704 11599 14967
11599 1704 14967
14967 1704 11599
7004 1305 1764
1305 1764 7004
1764 1305 7004
74 1714 7297
7297 74 1714
1714 74 7297
4097 4198 10754
10754 4097 4198
4198 4097 10754
3740 11650 14214
14214 3740 11650
11650 3740 14214
6193 393 1953
393 1953 6193
1953 393 6193
8495 6277 6928
6277 6928 8495
6928 6277 8495
3752 8479 11139
8479 3752 11139
11139 3752 8479
14725 866 4953
866 4953 14725
4953 866 14725
1324 875 11089
11089 875 1324
875 1324 11089
6549 5865 12034
12034 5865 6549
5865 6549 12034
5650 8336 14853
14853 5650 8336
8336 5650 14853
9181 8679 14805
14805 8679 9181
8679 9181 14805
2918 1744 13185
13185 1744 2918
1744 2918 13185
13297 4470 6272
6272 4470 13297
4470 6272 13297
934 6554 13845
13845 934 6554
6554 934 13845
1816 1325 9146
1325 1816 9146
9146 1325 1816
5307 10701 13183
13183 5307 10701
10701 5307 13183
6353 1692 11369
11369 1692 6353
1692 6353 11369
11015 4484 13230
4484 11015 13230
13230 4484 11015
11591 439 3799
3799 439 11591
439 3799 11591
2288 3815 13861
3815 2288 13861
13861 2288 3815
13684 1420 9620
1420 9620 13684
9620 1420 13684
750 12784 14270
14270 750 12784
12784 750 14270
1778 3166 11575
3166 1778 11575
11575 1778 3166
9991 1574 9030
1574 9030 9991
9030 1574 9991
12276 6233 14278
14278 6233 12276
6233 12276 14278
2150 5032 13876
5032 2150 13876
13876 2150 5032
11250 7682 10773
7682 10773 11250
10773 7682 11250
10117 13822 14865
14865 10117 13822
13822 10117 14865
7145 457 10156
457 7145 10156
10156 457 7145
9432 3771 4376
3771 4376 9432
4376 3771 9432
11395 3477 8130
8130 3477 11395
3477 8130 11395
14565 4158 8804
4158 8804 14565
8804 4158 14565
576 4441 6388
4441 576 6388
6388 576 4441
7892 1912 13308
1912 7892 13308
13308 1912 7892
1094 2935 5776
5776 1094 2935
2935 1094 5776
7342 171 5030
5030 171 7342
171 5030 7342
6287 7789 8530
7789 6287 8530
8530 6287 7789
4298 6318 6708
6708 4298 6318
6318 4298 6708
11278 3037 7165
3037 7165 11278
7165 3037 11278
4186 642 9756
642 4186 9756
9756 642 4186
6077 2082 6219
6219 2082 6077
2082 6077 6219
5053 9894 12764
12764 5053 9894
9894 5053 12764
6983 12595 12634
12595 6983 12634
12634 6983 12595
8652 3860 14938
3860 8652 14938
14938 3860 8652
7029 2784 2949
2784 2949 7029
2949 2784 7029
181 5176 9761
5176 181 9761
9761 181 5176
2663 1650 3640
3640 1650 2663
1650 2663 3640
5130 11022 14217
11022 5130 14217
14217 5130 11022
5227 8186 9717
9717 5227 8186
8186 5227 9717
14899 12238 12699
12699 12238 14899
12238 12699 14899
8547 958 9890
9890 958 8547
958 8547 9890
5938 8841 9314
8841 5938 9314
9314 5938 8841
9486 4199 14480
14480 4199 9486
4199 9486 14480
9847 5794 6410
6410 5794 9847
5794 6410 9847
4768 3687 13578
3687 4768 13578
13578 3687 4768
10957 4613 13905
13905 4613 10957
4613 10957 13905
11871 9767 13568
13568 9767 11871
9767 11871 13568
386 239 10769
10769 239 386
239 386 10769
10634 4552 8257
4552 8257 10634
8257 4552 10634
7457 2178 10881
10881 2178 7457
2178 7457 10881
7857 6866 9911
9911 6866 7857
6866 7857 9911
2594 8141 10664
10664 2594 8141
8141 2594 10664
1137 10696 11231
11231 1137 10696
10696 1137 11231
10844 9758 9961
9961 9758 10844
9758 9961 10844
12175 269 10166
269 10166 12175
10166 269 12175
1784 6619 11127
11127 1784 6619
6619 1784 11127
9977 1625 13166
1625 9977 13166
13166 1625 9977
14259 1051 4842
1051 4842 14259
4842 1051 14259
802 4488 8065
8065 802 4488
4488 802 8065
12394 7323 14935
7323 12394 14935
14935 7323 12394
9248 1827 6470
1827 6470 9248
6470 1827 9248
515 56 1081
1081 56 515
56 515 1081
8265 685 1876
1876 685 8265
685 1876 8265
14893 511 7211
511 7211 14893
7211 511 14893
1185 1701 12004
12004 1185 1701
1701 1185 12004
2628 2555 14479
14479 2555 2628
2555 2628 14479
12221 14629 14914
14914 12221 14629
14629 12221 14914
3656 8388 11482
8388 3656 11482
11482 3656 8388
7574 4997 9891
4997 7574 9891
9891 4997 7574
2691 5675 10717
5675 2691 10717
10717 2691 5675
6172 2254 7264
7264 2254 6172
2254 6172 7264
9588 9364 12324
9364 9588 12324
12324 9364 9588
7414 3093 6853
3093 6853 7414
6853 3093 7414
9943 10761 12289
12289 9943 10761
10761 9943 12289
2602 6838 14567
14567 2602 6838
6838 2602 14567
2245 8709 13615
13615 2245 8709
8709 2245 13615
13225 10951 11952
10951 11952 13225
11952 10951 13225
14543 1989 5745
5745 1989 14543
1989 5745 14543
9303 4134 4267
4134 4267 9303
4267 4134 9303
3920 6393 11533
11533 3920 6393
6393 3920 11533
9194 3191 12657
12657 3191 9194
3191 9194 12657
9523 2445 9780
9780 2445 9523
2445 9523 9780
4853 1792 12853
1792 4853 12853
12853 1792 4853
11686 2940 5261
2940 5261 11686
5261 2940 11686
276 6996 12346
12346 276 6996
6996 276 12346
1545 5828 11604
5828 1545 11604
11604 1545 5828
8021 11733 14891
11733 8021 14891
14891 8021 11733
9665 3695 12122
12122 3695 9665
3695 9665 12122
11579 3248 13975
3248 11579 13975
13975 3248 11579
2196 5441 13447
5441 2196 13447
13447 2196 5441
4560 8562 10682
8562 4560 10682
10682 4560 8562
11798 1722 2044
1722 2044 11798
2044 1722 11798
3318 8148 10441
8148 3318 10441
10441 3318 8148
6368 10532 12306
12306 6368 10532
10532 6368 12306
5173 6800 13781
6800 5173 13781
13781 5173 6800
1446 6151 11422
11422 1446 6151
6151 1446 11422
13487 6812 11322
11322 6812 13487
6812 11322 13487
12155 6758 7386
6758 7386 12155
7386 6758 12155
4269 3610 5668
3610 4269 5668
5668 3610 4269
8544 7250 13559
13559 7250 8544
7250 8544 13559
7061 364 4960
4960 364 7061
364 4960 7061
12297 1421 7883
1421 7883 12297
7883 1421 12297
3455 3543 14093
14093 3455 3543
3543 3455 14093
8216 4697 7829
4697 7829 8216
7829 4697 8216
10914 9599 10749
9599 10749 10914
10749 9599 10914
12642 683 5554
683 5554 12642
5554 683 12642
8103 9750 11995
9750 8103 11995
11995 8103 9750
14468 8887 13065
8887 13065 14468
13065 8887 14468
14418 10714 14268
14268 10714 14418
10714 14268 14418
8776 4869 12672
4869 8776 12672
12672 4869 8776
2029 3152 9114
9114 2029 3152
3152 2029 9114
1892 14258 14828
14258 1892 14828
14828 1892 14258
6031 11182 12189
11182 6031 12189
12189 6031 11182
8326 7225 11994
11994 7225 8326
7225 8326 11994
8683 1898 4045
1898 4045 8683
4045 1898 8683
4224 9955 13500
9955 4224 13500
13500 4224 9955
10254 3716 10244
3716 10244 10254
10244 3716 10254
11227 6136 13318
13318 6136 11227
6136 11227 13318
12471 6074 8384
6074 8384 12471
8384 6074 12471
1742 216 2802
2802 216 1742
216 1742 2802
4639 8292 11040
11040 4639 8292
8292 4639 11040
12427 3023 5150
3023 5150 12427
5150 3023 12427
3245 4241 13237
13237 3245 4241
4241 3245 13237
8667 1212 2893
2893 1212 8667
1212 2893 8667
11922 5263 7729
7729 5263 11922
5263 7729 11922
9343 3119 6644
3119 6644 9343
6644 3119 9343
2516 2096 4139
2096 2516 4139
4139 2096 2516
4845 10194 10526
10194 4845 10526
10526 4845 10194
11891 2247 10069
2247 10069 11891
10069 2247 11891
4729 8301 12262
8301 4729 12262
12262 4729 8301
7890 3448 13567
3448 7890 13567
13567 3448 7890
4542 930 14746
14746 930 4542
930 4542 14746
9777 1103 11439
11439 1103 9777
1103 9777 11439
10642 8435 11076
11076 8435 10642
8435 10642 11076
6282 3527 4223
3527 4223 6282
4223 3527 6282
11080 8959 13426
13426 8959 11080
8959 11080 13426
5964 2632 5295
5295 2632 5964
2632 5295 5964
1001 571 14340
571 1001 14340
14340 571 1001
13438 862 6014
6014 862 13438
862 6014 13438
13370 6216 6250
6250 6216 13370
6216 6250 13370
12926 3238 3575
3575 3238 12926
3238 3575 12926
8805 7910 8348
8348 7910 8805
7910 8348 8805
12302 5730 9241
9241 5730 12302
5730 9241 12302
4299 13503 14050
13503 4299 14050
14050 4299 13503
3882 5363 8736
5363 3882 8736
8736 3882 5363
10369 14728 14966
14966 10369 14728
14728 10369 14966
12612 2486 11896
11896 2486 12612
2486 11896 12612
10501 9668 12072
12072 9668 10501
9668 10501 12072
1940 6087 13478
13478 1940 6087
6087 1940 13478
14133 573 4346
4346 573 14133
573 4346 14133
2649 7293 12623
12623 2649 7293
7293 2649 12623
2701 10259 13943
13943 2701 10259
10259 2701 13943
6300 2794 5490
5490 2794 6300
2794 5490 6300
9932 7945 9679
7945 9679 9932
9679 7945 9932
986 2069 12205
12205 986 2069
2069 986 12205
5985 5443 12390
5443 5985 12390
12390 5443 5985
6979 1386 6167
1386 6167 6979
6167 1386 6979
13784 6673 9249
6673 9249 13784
9249 6673 13784
13290 4400 6649
6649 4400 13290
4400 6649 13290
6904 7948 8852
8852 6904 7948
7948 6904 8852
6752 4893 12418
12418 4893 6752
4893 6752 12418
12536 8005 9491
9491 8005 12536
8005 9491 12536
1981 6276 8955
6276 1981 8955
8955 1981 6276
8651 7858 10712
10712 7858 8651
7858 8651 10712
12177 1290 11299
11299 1290 12177
1290 11299 12177
1569 3462 10218
10218 1569 3462
3462 1569 10218
10723 4363 12774
12774 4363 10723
4363 10723 12774
1240 8109 13843
8109 1240 13843
13843 1240 8109
7179 236 6744
236 6744 7179
6744 236 7179
5147 1700 1909
1909 1700 5147
1700 1909 5147
4356 1971 11940
1971 4356 11940
11940 1971 4356
14499 3170 12319
3170 12319 14499
12319 3170 14499
991 1716 13869
1716 991 13869
13869 991 1716
13608 6655 13963
13963 6655 13608
6655 13608 13963
258 3062 5016
3062 258 5016
5016 258 3062
12060 9530 12495
12495 9530 12060
9530 12060 12495
5017 963 12639
963 5017 12639
12639 963 5017
12237 8909 9492
8909 9492 12237
9492 8909 12237
14787 873 12538
12538 873 14787
873 12538 14787
3190 3816 8636
3816 3190 8636
8636 3190 3816
3030 4322 8522
8522 3030 4322
4322 3030 8522
419 9853 12948
9853 419 12948
12948 419 9853
3558 1161 11692
11692 1161 3558
1161 3558 11692
5825 8819 10764
8819 5825 10764
10764 5825 8819
6475 7391 14412
7391 6475 14412
14412 6475 7391
10623 4784 6872
4784 6872 10623
6872 4784 10623
7378 4343 7489
4343 7378 7489
7489 4343 7378
6976 7383 8397
7383 6976 8397
8397 6976 7383
6851 9213 12999
12999 6851 9213
9213 6851 12999
12516 6024 6104
6104 6024 12516
6024 6104 12516
9919 5149 6139
6139 5149 9919
5149 6139 9919
14607 6951 11208
6951 11208 14607
11208 6951 14607
9584 7290 10367
7290 9584 10367
10367 7290 9584
7625 600 8375
600 7625 8375
8375 600 7625
5952 4108 10265
4108 5952 10265
10265 4108 5952
7229 1146 14635
1146 7229 14635
14635 1146 7229
2903 244 6711
244 2903 6711
6711 244 2903
6302 7076 9049
7076 6302 9049
9049 6302 7076
280 109 14584
14584 109 280
109 280 14584
12001 588 4265
4265 588 12001
588 4265 12001
12149 10140 14530
10140 12149 14530
14530 10140 12149
3304 2724 13317
13317 2724 3304
2724 3304 13317
12330 2772 12207
2772 12207 12330
12207 2772 12330
14639 9626 14051
9626 14051 14639
14051 9626 14639
8622 8340 10900
10900 8340 8622
8340 8622 10900
12250 9246 11530
9246 11530 12250
11530 9246 12250
14283 8984 9838
9838 8984 14283
8984 9838 14283
9929 2591 8077
8077 2591 9929
2591 8077 9929
10474 830 9133
9133 830 10474
830 9133 10474
2810 7666 13291
7666 2810 13291
13291 2810 7666
13264 5352 14398
5352 13264 14398
14398 5352 13264
5960 5651 6239
5651 5960 6239
6239 5651 5960
5779 14497 14984
14497 5779 14984
14984 5779 14497
1627 4423 5145
4423 1627 5145
5145 1627 4423
5066 2340 9385
2340 5066 9385
9385 2340 5066
6043 7286 9489
9489 6043 7286
7286 6043 9489
11430 8462 14144
14144 8462 11430
8462 11430 14144
7357 2095 14111
14111 2095 7357
2095 7357 14111
2236 1313 11409
1313 2236 11409
11409 1313 2236
13005 8853 14046
14046 8853 13005
8853 13005 14046
12115 5412 8771
8771 5412 12115
5412 8771 12115
10046 3130 9607
3130 9607 10046
9607 3130 10046
4658 4074 12231
12231 4074 4658
4074 4658 12231
6056 148 4986
148 4986 6056
4986 148 6056
1452 10588 12039
12039 1452 10588
10588 1452 12039
9405 3 9570
9570 3 9405
3 9405 9570
3219 3068 11266
11266 3068 3219
3068 3219 11266
4242 844 12089
844 4242 12089
12089 844 4242
10410 3665 12125
3665 10410 12125
12125 3665 10410
5999 2409 2855
2855 2409 5999
2409 2855 5999
10829 113 11831
11831 113 10829
113 10829 11831
4596 2540 14225
2540 4596 14225
14225 2540 4596
10711 6734 11421
6734 10711 11421
11421 6734 10711
6468 9889 11845
11845 6468 9889
9889 6468 11845
12922 1760 8215
1760 8215 12922
8215 1760 12922
3550 5088 14614
14614 3550 5088
5088 3550 14614
1962 7939 13089
7939 1962 13089
13089 1962 7939
11965 694 8574
8574 694 11965
694 8574 11965
5783 291 11035
11035 291 5783
291 5783 11035
5724 8728 13795
13795 5724 8728
8728 5724 13795
14994 850 9606
9606 850 14994
850 9606 14994
2883 32 6910
32 2883 6910
6910 32 2883
4607 12395 13301
13301 4607 12395
12395 4607 13301
13128 447 14709
14709 447 13128
447 13128 14709
11758 8380 14383
14383 8380 11758
8380 11758 14383
13920 6591 12329
6591 12329 13920
12329 6591 13920
4192 5832 6672
5832 4192 6672
6672 4192 5832
1072 3287 3522
3287 1072 3522
3522 1072 3287
13196 3557 13537
13537 3557 13196
3557 13196 13537
5077 4126 5968
4126 5077 5968
5968 4126 5077
11096 789 11820
789 11096 11820
11820 789 11096
13547 3694 11830
3694 11830 13547
11830 3694 13547
11964 7875 9304
9304 7875 11964
7875 9304 11964
261 1272 8364
1272 261 8364
8364 261 1272
11435 1308 7155
1308 7155 11435
7155 1308 11435
14122 2479 10905
10905 2479 14122
2479 10905 14122
6324 1547 5226
5226 1547 6324
1547 5226 6324
10133 1326 9044
9044 1326 10133
1326 9044 10133
12842 2735 9949
9949 2735 12842
2735 9949 12842
6706 2961 3350
3350 2961 6706
2961 3350 6706
4742 1922 2704
2704 1922 4742
1922 2704 4742
9012 9 6382
6382 9 9012
9 6382 9012
4609 1968 14817
1968 4609 14817
14817 1968 4609
11088 1366 9306
9306 1366 11088
1366 9306 11088
5588 6242 11585
6242 5588 11585
11585 5588 6242
6531 6435 13535
6435 6531 13535
13535 6435 6531
8045 7700 13712
13712 7700 8045
7700 8045 13712
14159 2378 10170
2378 10170 14159
10170 2378 14159
4254 1203 11792
1203 4254 11792
11792 1203 4254
12504 4591 4764
4591 4764 12504
4764 4591 12504
2470 11323 13112
11323 2470 13112
13112 2470 11323
3163 5049 14976
5049 3163 14976
14976 3163 5049
10953 1000 7795
7795 1000 10953
1000 7795 10953
6112 2274 7869
2274 6112 7869
7869 2274 6112
12570 2091 5788
5788 2091 12570
2091 5788 12570
4907 1092 6490
6490 1092 4907
1092 4907 6490
3474 2051 14337
14337 2051 3474
2051 3474 14337
4295 5302 6755
5302 4295 6755
6755 4295 5302
12401 1918 8929
8929 1918 12401
1918 8929 12401
3719 4044 5342
5342 3719 4044
4044 3719 5342
13287 7332 8773
8773 7332 13287
7332 8773 13287
10287 7124 7764
7124 7764 10287
7764 7124 10287
6240 5568 14148
5568 6240 14148
14148 5568 6240
8938 578 8671
578 8671 8938
8671 578 8938
11534 3356 4890
3356 4890 11534
4890 3356 11534
11603 3605 5920
5920 3605 11603
3605 5920 11603
13130 1658 8066
1658 8066 13130
8066 1658 13130
9590 9332 11388
9332 9590 11388
11388 9332 9590
12887 8155 10771
10771 8155 12887
8155 10771 12887
7422 2109 11776
11776 2109 7422
2109 7422 11776
11079 491 14095
14095 491 11079
491 11079 14095
13689 3997 4472
3997 4472 13689
4472 3997 13689
5383 12116 14134
14134 5383 12116
12116 5383 14134
1074 7819 10201
7819 1074 10201
10201 1074 7819
6710 4328 7937
7937 4328 6710
4328 6710 7937
5992 1575 3693
1575 3693 5992
3693 1575 5992
12589 6595 7234
6595 7234 12589
7234 6595 12589
3071 8603 8627
8627 3071 8603
8603 3071 8627
7125 2766 5609
2766 5609 7125
5609 2766 7125
2797 1177 14440
14440 1177 2797
1177 2797 14440
7740 402 1461
1461 402 7740
402 1461 7740
13668 1407 2982
1407 2982 13668
2982 1407 13668
14960 6793 10595
6793 10595 14960
10595 6793 14960
9860 5543 11244
5543 9860 11244
11244 5543 9860
10805 10324 13368
13368 10324 10805
10324 10805 13368
10870 5780 13330
5780 10870 13330
13330 5780 10870
13080 8332 8997
8997 8332 13080
8332 8997 13080
12640 3668 4028
4028 3668 12640
3668 4028 12640
11717 2203 5083
5083 2203 11717
2203 5083 11717
10266 691 6988
691 6988 10266
6988 691 10266
969 3419 5731
5731 969 3419
3419 969 5731
14776 2820 11004
11004 2820 14776
2820 11004 14776
7807 2975 8822
2975 7807 8822
8822 2975 7807
3188 3999 4005
3999 3188 4005
4005 3188 3999
13276 8792 10392
10392 8792 13276
8792 10392 13276
1147 2942 7749
2942 1147 7749
7749 1147 2942
9960 6321 7610
7610 6321 9960
6321 7610 9960
13473 8266 14895
14895 8266 13473
8266 13473 14895
11201 838 5524
5524 838 11201
838 5524 11201
96 2089 4064
2089 96 4064
4064 96 2089
9017 7114 12735
12735 7114 9017
7114 9017 12735
3228 2981 11751
2981 3228 11751
11751 2981 3228
13733 11206 12786
12786 11206 13733
11206 12786 13733
679 1460 8079
8079 679 1460
1460 679 8079
14786 1045 3681
3681 1045 14786
1045 3681 14786
4353 1815 13802
13802 1815 4353
1815 4353 13802
2583 2808 4830
4830 2583 2808
2808 2583 4830
5284 3614 6421
6421 3614 5284
3614 5284 6421
14077 9916 10183
10183 9916 14077
9916 10183 14077
1135 3531 5760
3531 1135 5760
5760 1135 3531
8069 1327 12313
12313 1327 8069
1327 8069 12313
6177 4370 10878
10878 4370 6177
4370 6177 10878
14713 2261 5959
2261 5959 14713
5959 2261 14713
9141 320 4518
4518 320 9141
320 4518 9141
12017 692 11184
11184 692 12017
692 11184 12017
740 5765 11495
5765 740 11495
11495 740 5765
8378 4344 8879
4344 8378 8879
8879 4344 8378
12363 12499 14525
14525 12363 12499
12499 12363 14525
4760 10729 13048
10729 4760 13048
13048 4760 10729
9534 5811 13885
13885 5811 9534
5811 9534 13885
5954 5775 11243
11243 5775 5954
5775 5954 11243
1030 4534 11267
4534 1030 11267
11267 1030 4534
12840 2570 10785
10785 2570 12840
2570 10785 12840
12162 2948 14761
14761 2948 12162
2948 12162 14761
3268 8383 8578
8383 3268 8578
8578 3268 8383
11590 1660 6525
6525 1660 11590
1660 6525 11590
5846 4467 10312
10312 4467 5846
4467 5846 10312
9701 5913 12129
12129 5913 9701
5913 9701 12129
12833 4548 13458
13458 4548 12833
4548 12833 13458
1418 12056 12133
12056 1418 12133
12133 1418 12056
7299 337 12065
12065 337 7299
337 7299 12065
1269 79 12805
12805 79 1269
79 1269 12805
7696 954 11517
11517 954 7696
954 7696 11517
13164 5157 12502
5157 12502 13164
12502 5157 13164
7057 3837 10078
3837 7057 10078
10078 3837 7057
836 1352 8850
8850 836 1352
1352 836 8850
1581 2967 10493
10493 1581 2967
2967 1581 10493
14209 4365 11775
11775 4365 14209
4365 11775 14209
6292 796 2084
2084 796 6292
796 2084 6292
10506 3447 8232
3447 8232 10506
8232 3447 10506
2901 528 2504
528 2504 2901
2504 528 2901
12527 2452 13186
13186 2452 12527
2452 12527 13186
11130 4643 14659
4643 11130 14659
14659 4643 11130
3814 10980 11491
10980 3814 11491
11491 3814 10980
2358 9397 9745
9745 2358 9397
9397 2358 9745
12446 2605 6658
6658 2605 12446
2605 6658 12446
1154 9360 14759
14759 1154 9360
9360 1154 14759
13746 2835 9774
2835 9774 13746
9774 2835 13746
8721 93 697
93 697 8721
697 93 8721
4923 6020 11396
6020 4923 11396
11396 4923 6020
11996 5880 13826
5880 11996 13826
13826 5880 11996
9850 1180 11734
11734 1180 9850
1180 9850 11734
9684 6975 9330
9330 6975 9684
6975 9330 9684
5875 6237 8945
8945 5875 6237
6237 5875 8945
5829 2142 12986
12986 2142 5829
2142 5829 12986
6835 5299 14241
14241 5299 6835
5299 6835 14241
2312 2746 4008
4008 2312 2746
2746 2312 4008
1244 1694 10992
10992 1244 1694
1694 1244 10992
1372 2637 14704
2637 1372 14704
14704 1372 2637
6191 514 10997
10997 514 6191
514 6191 10997
13373 4187 6477
4187 6477 13373
6477 4187 13373
563 114 13548
13548 114 563
114 563 13548
11810 123 8157
8157 123 11810
123 8157 11810
2276 2718 7579
2718 2276 7579
7579 2276 2718
5492 7999 13052
13052 5492 7999
7999 5492 13052
3789 2781 13574
2781 3789 13574
13574 2781 3789
5202 794 2324
794 2324 5202
2324 794 5202
893 1083 14063
14063 893 1083
1083 893 14063
1975 7774 8286
7774 1975 8286
8286 1975 7774
1791 6217 10528
6217 1791 10528
10528 1791 6217
12819 5034 12549
5034 12549 12819
12549 5034 12819
10614 6814 8448
8448 6814 10614
6814 8448 10614
8659 3432 13445
3432 8659 13445
13445 3432 8659
2554 5581 11982
5581 2554 11982
11982 2554 5581
9427 1167 3297
3297 1167 9427
1167 3297 9427
10678 2238 12273
2238 10678 12273
12273 2238 10678
3281 1501 8947
8947 1501 3281
1501 3281 8947
1811 4522 14236
4522 1811 14236
14236 1811 4522
8966 8489 10958
10958 8489 8966
8489 8966 10958
10402 6168 8209
8209 6168 10402
6168 8209 10402
8032 10212 12315
10212 8032 12315
12315 8032 10212
6822 847 5575
5575 847 6822
847 5575 6822
10439 14216 14293
14293 10439 14216
14216 10439 14293
14442 5881 6400
5881 6400 14442
6400 5881 14442
12564 2071 5338
5338 2071 12564
2071 5338 12564
10996 5827 13959
13959 5827 10996
5827 10996 13959
12691 7186 14314
7186 12691 14314
14314 7186 12691
7173 4329 7431
4329 7173 7431
7431 4329 7173
6348 2291 11005
11005 2291 6348
2291 6348 11005
531 12411 13396
12411 531 13396
13396 531 12411
9996 3590 4926
4926 3590 9996
3590 4926 9996
12644 13027 13279
13279 12644 13027
13027 12644 13279
8865 7438 9029
7438 8865 9029
9029 7438 8865
10525 9197 12845
9197 10525 12845
12845 9197 10525
6973 7052 12885
7052 6973 12885
12885 6973 7052
14335 8910 12599
8910 12599 14335
12599 8910 14335
10571 4659 14874
4659 10571 14874
14874 4659 10571
11839 5844 7183
7183 5844 11839
5844 7183 11839
8491 6372 7565
6372 7565 8491
7565 6372 8491
3033 1436 1867
1867 1436 3033
1436 1867 3033
1118 786 3457
3457 786 1118
786 1118 3457
2354 2986 13691
2986 2354 13691
13691 2354 2986
9098 7213 8092
7213 8092 9098
8092 7213 9098
7032 11930 12071
12071 7032 11930
11930 7032 12071
3124 12650 13414
12650 3124 13414
13414 3124 12650
9898 3807 11110
3807 9898 11110
11110 3807 9898
11169 5798 13629
5798 11169 13629
13629 5798 11169
11098 3905 5165
3905 5165 11098
5165 3905 11098
7167 3876 13835
13835 3876 7167
3876 7167 13835
13212 11438 11580
11580 11438 13212
11438 11580 13212
1497 7091 8764
7091 1497 8764
8764 1497 7091
6535 8214 11408
11408 6535 8214
8214 6535 11408
4840 1938 1944
1944 1938 4840
1938 1944 4840
540 7003 11901
7003 540 11901
11901 540 7003
10072 12622 13217
13217 10072 12622
12622 10072 13217
10666 5025 11573
5025 10666 11573
11573 5025 10666
3821 564 11628
564 3821 11628
11628 564 3821
10425 2521 11348
11348 2521 10425
2521 10425 11348
10872 274 7104
274 7104 10872
7104 274 10872
6405 699 8772
8772 699 6405
699 6405 8772
4003 3307 7676
7676 3307 4003
3307 4003 7676
11507 11611 11944
11944 11507 11611
11611 11507 11944
11884 425 13303
13303 425 11884
425 11884 13303
403 14391 14432
14391 403 14432
14432 403 14391
12731 1345 2885
1345 2885 12731
2885 1345 12731
3484 10864 11765
11765 3484 10864
10864 3484 11765
3897 3874 13590
13590 3874 3897
3874 3897 13590
7092 8963 11744
11744 7092 8963
8963 7092 11744
14305 3058 11674
3058 11674 14305
11674 3058 14305
9453 5446 12630
12630 5446 9453
5446 9453 12630
2241 1408 14859
14859 1408 2241
1408 2241 14859
2760 7730 12993
7730 2760 12993
12993 2760 7730
3501 8271 11577
11577 3501 8271
8271 3501 11577
2905 3302 11785
11785 2905 3302
3302 2905 11785
5079 6494 12907
6494 5079 12907
12907 5079 6494
7551 9094 13347
9094 7551 13347
13347 7551 9094
3982 12187 14880
12187 3982 14880
14880 3982 12187
5647 2946 14513
14513 2946 5647
2946 5647 14513
12423 3941 10026
3941 10026 12423
10026 3941 12423
2055 3729 11705
3729 2055 11705
11705 2055 3729
12954 1063 14484
1063 12954 14484
14484 1063 12954
10463 7589 14793
7589 10463 14793
14793 7589 10463
1796 1390 7943
7943 1390 1796
1390 1796 7943
2539 4712 12138
4712 2539 12138
12138 2539 4712
4829 2112 6843
6843 2112 4829
2112 4829 6843
14104 11915 12818
12818 11915 14104
11915 12818 14104
4772 2638 8490
8490 2638 4772
2638 4772 8490
7968 2625 8205
2625 7968 8205
8205 2625 7968
2624 1499 3488
1499 2624 3488
3488 1499 2624
6960 13586 14801
13586 6960 14801
14801 6960 13586
6058 1165 12924
12924 1165 6058
1165 6058 12924
11586 3379 9068
9068 3379 11586
3379 9068 11586
14143 1429 10323
10323 1429 14143
1429 10323 14143
9378 5800 14719
14719 5800 9378
5800 9378 14719
5558 1939 8001
8001 1939 5558
1939 5558 8001
13250 2990 8423
8423 2990 13250
2990 8423 13250
446 4427 5411
4427 446 5411
5411 446 4427
13432 3836 12940
12940 3836 13432
3836 12940 13432
5221 5662 14900
14900 5221 5662
5662 5221 14900
8867 7852 14836
7852 8867 14836
14836 7852 8867
14533 11332 13598
11332 13598 14533
13598 11332 14533
14519 8895 10223
10223 8895 14519
8895 10223 14519
6157 4804 6894
4804 6157 6894
6894 4804 6157
2491 1835 12738
12738 1835 2491
1835 2491 12738
8775 6147 9282
9282 6147 8775
6147 8775 9282
5197 13755 14346
14346 5197 13755
13755 5197 14346
3946 11509 14074
11509 3946 14074
14074 3946 11509
2992 10786 12530
10786 2992 12530
12530 2992 10786
14617 9337 13074
9337 13074 14617
13074 9337 14617
13707 7950 11571
11571 7950 13707
7950 11571 13707
4852 6245 8496
6245 4852 8496
8496 4852 6245
11835 894 11908
894 11835 11908
11908 894 11835
12758 5158 12424
12424 5158 12758
5158 12424 12758
4508 8051 13632
13632 4508 8051
8051 4508 13632
9572 4458 5368
5368 4458 9572
4458 5368 9572
3586 8277 10912
10912 3586 8277
8277 3586 10912
7622 8081 9972
8081 7622 9972
9972 7622 8081
5359 1183 2728
2728 1183 5359
1183 2728 5359
12670 5784 7118
7118 5784 12670
5784 7118 12670
2767 7554 8564
8564 2767 7554
7554 2767 8564
10052 3384 6826
6826 3384 10052
3384 6826 10052
12038 12578 13711
12578 12038 13711
13711 12038 12578
7820 7016 9201
9201 7016 7820
7016 7820 9201
7826 7707 13508
13508 7707 7826
7707 7826 13508
178 4611 14124
4611 178 14124
14124 178 4611
4676 8585 14097
8585 4676 14097
14097 4676 8585
7295 8093 9381
8093 7295 9381
9381 7295 8093
5067 11752 13329
13329 5067 11752
11752 5067 13329
13441 6516 7873
6516 7873 13441
7873 6516 13441
9318 6841 13195
6841 9318 13195
13195 6841 9318
3055 8699 11519
8699 3055 11519
11519 3055 8699
2151 3136 4026
4026 2151 3136
3136 2151 4026
9266 4143 14004
4143 9266 14004
14004 4143 9266
6365 6224 8979
8979 6224 6365
6224 6365 8979
5703 2455 12219
12219 2455 5703
2455 5703 12219
13208 7808 10814
7808 10814 13208
10814 7808 13208
13433 1749 2438
2438 1749 13433
1749 2438 13433
6150 6616 11807
6616 6150 11807
11807 6150 6616
8504 591 13169
591 8504 13169
13169 591 8504
9958 2301 12767
2301 9958 12767
12767 2301 9958
14033 10173 11356
10173 11356 14033
11356 10173 14033
11817 1241 11257
11257 1241 11817
1241 11257 11817
8538 3325 6777
3325 6777 8538
6777 3325 8538
13731 6786 9621
9621 6786 13731
6786 9621 13731
11774 3684 13513
3684 11774 13513
13513 3684 11774
14054 4586 10819
4586 10819 14054
10819 4586 14054
4796 5521 13221
13221 4796 5521
5521 4796 13221
6384 7792 9721
9721 6384 7792
7792 6384 9721
2550 1978 2862
1978 2550 2862
2862 1978 2550
11860 7719 11808
7719 11808 11860
11808 7719 11860
11990 9842 11334
11334 9842 11990
9842 11334 11990
14372 6782 8616
8616 6782 14372
6782 8616 14372
3452 2786 11887
2786 3452 11887
11887 2786 3452
14200 1024 2229
2229 1024 14200
1024 2229 14200
12032 4313 10759
10759 4313 12032
4313 10759 12032
13365 5296 11826
5296 11826 13365
11826 5296 13365
6907 2511 13745
2511 6907 13745
13745 2511 6907
9730 3394 9682
3394 9682 9730
9682 3394 9730
9460 10002 12977
10002 9460 12977
12977 9460 10002
13430 9698 13261
13261 9698 13430
9698 13261 13430
4357 7824 12096
7824 4357 12096
12096 4357 7824
4216 1427 1481
1427 1481 4216
1481 1427 4216
3830 1596 12535
12535 1596 3830
1596 3830 12535
923 11834 14777
14777 923 11834
11834 923 14777
182 4222 6249
6249 182 4222
4222 182 6249
2081 10038 14674
14674 2081 10038
10038 2081 14674
14118 2662 2732
2662 2732 14118
2732 2662 14118
6278 11487 12615
12615 6278 11487
11487 6278 12615
7373 9418 9555
9418 7373 9555
9555 7373 9418
4523 9593 13993
9593 4523 13993
13993 4523 9593
10042 914 4557
914 4557 10042
4557 914 10042
12452 4291 14057
14057 4291 12452
4291 12452 14057
9596 6180 12298
6180 9596 12298
12298 6180 9596
9344 2395 7799
7799 2395 9344
2395 7799 9344
10798 2185 5455
5455 2185 10798
2185 5455 10798
11745 8369 9187
9187 8369 11745
8369 9187 11745
9748 4259 8304
4259 8304 9748
8304 4259 9748
1672 728 14272
14272 728 1672
728 1672 14272
4055 11406 12662
12662 4055 11406
11406 4055 12662
7844 10867 14316
14316 7844 10867
10867 7844 14316
9236 5473 10465
10465 5473 9236
5473 9236 10465
10354 10070 12994
12994 10070 10354
10070 10354 12994
2678 2431 10524
2431 2678 10524
10524 2431 2678
14458 176 11013
176 11013 14458
11013 176 14458
10641 5056 14019
5056 10641 14019
14019 5056 10641
3176 3097 9066
9066 3097 3176
3097 3176 9066
14237 10361 14495
14495 10361 14237
10361 14237 14495
3559 10303 14862
14862 3559 10303
10303 3559 14862
3376 3942 4308
3942 3376 4308
4308 3376 3942
1570 586 8670
8670 586 1570
586 1570 8670
14965 5250 14449
14449 5250 14965
5250 14449 14965
1255 6411 14131
14131 1255 6411
6411 1255 14131
11939 3792 14685
3792 11939 14685
14685 3792 11939
6941 10822 14285
10822 6941 14285
14285 6941 10822
3347 3811 4865
3811 3347 4865
4865 3347 3811
2399 4800 6761
4800 2399 6761
6761 2399 4800
5491 3963 13899
13899 3963 5491
3963 5491 13899
10789 13423 14773
14773 10789 13423
13423 10789 14773
13749 8713 11695
11695 8713 13749
8713 11695 13749
427 6028 6496
6028 427 6496
6496 427 6028
14185 8871 10163
10163 8871 14185
8871 10163 14185
4646 9675 13566
13566 4646 9675
9675 4646 13566
14043 1597 13992
1597 13992 14043
13992 1597 14043
1668 4086 8731
4086 1668 8731
8731 1668 4086
7085 249 13036
249 7085 13036
13036 249 7085
3021 8774 13880
13880 3021 8774
8774 3021 13880
4142 7141 12028
12028 4142 7141
7141 4142 12028
2722 10820 12041
12041 2722 10820
10820 2722 12041
4981 2189 7090
7090 2189 4981
2189 4981 7090
512 2792 9204
9204 512 2792
2792 512 9204
5934 1411 5429
5429 1411 5934
1411 5429 5934
3885 2147 2788
2147 2788 3885
2788 2147 3885
6892 54 12866
54 6892 12866
12866 54 6892
10487 6942 9868
