93492 7293 27570
27570 7293 93492
7293 27570 93492
65808 63282 118525
118525 63282 65808
63282 65808 118525
135621 1403 89236
89236 1403 135621
1403 89236 135621
56569 17991 90848
90848 17991 56569
17991 56569 90848
101912 2915 113398
2915 101912 113398
113398 2915 101912
50032 119957 121972
121972 50032 119957
119957 50032 121972
128630 43588 82999
43588 82999 128630
82999 43588 128630
131437 22727 51440
22727 51440 131437
51440 22727 131437
119595 86290 125272
125272 86290 119595
86290 119595 125272
81828 7389 39829
39829 7389 81828
7389 39829 81828
4756 33862 78887
78887 4756 33862
33862 4756 78887
2691 54523 61769
61769 2691 54523
54523 2691 61769
135044 18960 21250
21250 18960 135044
18960 21250 135044
23380 3470 136579
136579 3470 23380
3470 23380 136579
82511 91178 138208
138208 82511 91178
91178 82511 138208
145413 124682 143470
124682 143470 145413
143470 124682 145413
80014 40411 130508
40411 80014 130508
130508 40411 80014
9893 78998 111150
78998 9893 111150
111150 9893 78998
149220 68292 103221
68292 103221 149220
103221 68292 149220
56771 29932 125530
125530 29932 56771
29932 56771 125530
114107 110992 119680
119680 110992 114107
110992 114107 119680
136967 90046 134435
90046 134435 136967
134435 90046 136967
33483 120596 141181
141181 33483 120596
120596 33483 141181
31764 29878 95912
29878 31764 95912
95912 29878 31764
68121 63342 107817
107817 63342 68121
63342 68121 107817
18338 42645 56967
42645 18338 56967
56967 18338 42645
118793 22189 86699
22189 86699 118793
86699 22189 118793
124568 12431 100979
12431 100979 124568
100979 12431 124568
94170 101535 105514
101535 94170 105514
105514 94170 101535
113962 69116 81050
69116 81050 113962
81050 69116 113962
143468 29991 80417
80417 29991 143468
29991 80417 143468
109783 123571 132653
123571 109783 132653
132653 109783 123571
92460 106847 148915
106847 92460 148915
148915 92460 106847
148742 72527 82385
72527 82385 148742
82385 72527 148742
23515 16684 39685
16684 23515 39685
39685 16684 23515
128817 69142 72725
69142 72725 128817
72725 69142 128817
93327 85480 144136
144136 85480 93327
85480 93327 144136
114943 9352 86531
9352 86531 114943
86531 9352 114943
52485 14693 92505
14693 52485 92505
92505 14693 52485
28223 14699 66234
66234 14699 28223
14699 28223 66234
39477 83939 138721
138721 39477 83939
83939 39477 138721
110891 118870 121594
118870 110891 121594
121594 110891 118870
125891 107131 136607
107131 125891 136607
136607 107131 125891
77553 17993 61001
17993 61001 77553
61001 17993 77553
11290 86085 101862
101862 11290 86085
86085 11290 101862
148938 105221 117107
117107 105221 148938
105221 117107 148938
13300 66778 92599
66778 13300 92599
92599 13300 66778
138308 51919 89626
51919 89626 138308
89626 51919 138308
95272 125032 126880
126880 95272 125032
125032 95272 126880
71035 20553 71462
71462 20553 71035
20553 71035 71462
74652 99765 126404
126404 74652 99765
99765 74652 126404
129718 102300 116148
116148 102300 129718
102300 116148 129718
123070 22433 142775
142775 22433 123070
22433 123070 142775
30256 125952 129004
129004 30256 125952
125952 30256 129004
50790 32757 56540
32757 50790 56540
56540 32757 50790
4211 16464 139995
139995 4211 16464
16464 4211 139995
10864 13419 62296
13419 10864 62296
62296 10864 13419
114947 63132 141306
63132 114947 141306
141306 63132 114947
102806 31594 135571
135571 31594 102806
31594 102806 135571
30410 10857 58965
58965 10857 30410
10857 30410 58965
111654 54344 133440
133440 54344 111654
54344 111654 133440
49636 44723 91667
44723 49636 91667
91667 44723 49636
16593 95766 117103
95766 16593 117103
117103 16593 95766
34297 116440 142660
116440 34297 142660
142660 34297 116440
73162 52482 83111
83111 52482 73162
52482 73162 83111
35025 38254 117311
38254 35025 117311
117311 35025 38254
6912 47260 126393
47260 6912 126393
126393 6912 47260
11110 4898 35215
4898 11110 35215
35215 4898 11110
93296 20984 67528
67528 20984 93296
20984 67528 93296
37909 36806 76436
76436 36806 37909
36806 37909 76436
23035 118000 144341
118000 23035 144341
144341 23035 118000
129086 54590 141754
54590 129086 141754
141754 54590 129086
22367 122274 149432
149432 22367 122274
122274 22367 149432
26445 14602 105029
105029 14602 26445
14602 26445 105029
122964 61091 64887
61091 64887 122964
64887 61091 122964
141850 19384 107072
107072 19384 141850
19384 107072 141850
70784 22267 51279
22267 51279 70784
51279 22267 70784
129204 90543 126110
90543 126110 129204
126110 90543 129204
61526 41924 74248
74248 41924 61526
41924 61526 74248
53073 90841 135739
90841 53073 135739
135739 53073 90841
53893 6440 9097
9097 6440 53893
6440 9097 53893
30991 29351 45952
29351 30991 45952
45952 29351 30991
27783 86709 103290
103290 27783 86709
86709 27783 103290
101934 58452 60709
60709 58452 101934
58452 60709 101934
54988 56494 105716
105716 54988 56494
56494 54988 105716
74792 6157 133487
133487 6157 74792
6157 74792 133487
20752 105296 134486
105296 20752 134486
134486 20752 105296
123287 17473 138614
138614 17473 123287
17473 123287 138614
73905 106611 143574
106611 73905 143574
143574 73905 106611
59290 25788 116862
25788 59290 116862
116862 25788 59290
73880 79734 88058
88058 73880 79734
79734 73880 88058
119013 30826 52631
30826 52631 119013
52631 30826 119013
71257 79909 80326
80326 71257 79909
79909 71257 80326
20246 64855 81845
81845 20246 64855
64855 20246 81845
50783 10527 141122
10527 50783 141122
141122 10527 50783
105474 16627 25180
16627 25180 105474
25180 16627 105474
99378 58243 70530
58243 70530 99378
70530 58243 99378
29013 7751 71345
7751 29013 71345
71345 7751 29013
15 27618 77207
77207 15 27618
27618 15 77207
50266 73171 95375
73171 50266 95375
95375 50266 73171
94923 70282 80673
80673 70282 94923
70282 80673 94923
74582 11785 56106
11785 56106 74582
56106 11785 74582
81751 64273 91486
91486 64273 81751
64273 81751 91486
134513 121070 132684
132684 121070 134513
121070 132684 134513
13648 34107 139549
139549 13648 34107
34107 13648 139549
124085 81383 112196
112196 81383 124085
81383 112196 124085
54034 25829 56458
25829 54034 56458
56458 25829 54034
71548 15948 44640
44640 15948 71548
15948 44640 71548
97211 95842 144812
144812 95842 97211
95842 97211 144812
39935 91573 101036
91573 39935 101036
101036 39935 91573
45865 61160 106274
106274 45865 61160
61160 45865 106274
79615 912 99468
99468 912 79615
912 79615 99468
96856 10236 43370
10236 43370 96856
43370 10236 96856
98162 88250 89042
89042 88250 98162
88250 89042 98162
36636 1176 139316
1176 36636 139316
139316 1176 36636
72464 55124 65058
55124 65058 72464
65058 55124 72464
74219 28690 30744
28690 30744 74219
30744 28690 74219
8793 112249 139284
139284 8793 112249
112249 8793 139284
84845 97566 145700
97566 84845 145700
145700 84845 97566
99222 31653 83557
83557 31653 99222
31653 83557 99222
54713 47696 134682
134682 47696 54713
47696 54713 134682
58652 1139 9581
1139 9581 58652
9581 1139 58652
47359 55138 65329
55138 47359 65329
65329 47359 55138
121970 31271 75946
31271 75946 121970
75946 31271 121970
68863 7998 117102
117102 7998 68863
7998 68863 117102
115219 13250 67606
13250 67606 115219
67606 13250 115219
69474 23269 100610
100610 23269 69474
23269 69474 100610
104318 112303 145685
112303 104318 145685
145685 104318 112303
51040 25524 80311
25524 51040 80311
80311 25524 51040
78446 83828 122254
122254 78446 83828
83828 78446 122254
103942 56135 128942
128942 56135 103942
56135 103942 128942
47189 72242 97544
97544 47189 72242
72242 47189 97544
48841 14884 97828
97828 14884 48841
14884 48841 97828
32352 133386 145175
133386 32352 145175
145175 32352 133386
2764 136295 145170
145170 2764 136295
136295 2764 145170
10486 69449 143951
143951 10486 69449
69449 10486 143951
40047 4359 62720
4359 40047 62720
62720 4359 40047
75105 31237 110601
31237 75105 110601
110601 31237 75105
73247 46729 106106
106106 46729 73247
46729 73247 106106
42169 81744 135355
135355 42169 81744
81744 42169 135355
107220 16394 142723
16394 107220 142723
142723 16394 107220
149563 17228 65371
17228 65371 149563
65371 17228 149563
27777 18475 60598
18475 27777 60598
60598 18475 27777
103725 50820 86565
50820 86565 103725
86565 50820 103725
90614 35820 144199
35820 90614 144199
144199 35820 90614
114012 24107 143893
143893 24107 114012
24107 114012 143893
65348 16151 126264
126264 16151 65348
16151 65348 126264
61108 7530 89836
89836 7530 61108
7530 61108 89836
137444 50825 114700
50825 114700 137444
114700 50825 137444
137331 37186 37753
37186 37753 137331
37753 37186 137331
144815 8910 31422
8910 31422 144815
31422 8910 144815
116346 63649 98997
98997 63649 116346
63649 98997 116346
104044 4647 78212
78212 4647 104044
4647 78212 104044
798 68279 130577
68279 798 130577
130577 798 68279
109464 106146 139241
106146 109464 139241
139241 106146 109464
49472 555 97195
555 49472 97195
97195 555 49472
96316 22643 32543
22643 32543 96316
32543 22643 96316
103081 75196 110254
75196 103081 110254
110254 75196 103081
17953 21053 57809
21053 17953 57809
57809 17953 21053
98564 67741 122768
67741 98564 122768
122768 67741 98564
29163 31968 82877
82877 29163 31968
31968 29163 82877
88456 76100 126856
76100 88456 126856
126856 76100 88456
112998 68008 133085
68008 112998 133085
133085 68008 112998
52015 41465 45640
41465 45640 52015
45640 41465 52015
42339 19705 51827
51827 19705 42339
19705 42339 51827
120556 32160 142422
32160 120556 142422
142422 32160 120556
77069 55551 123931
55551 77069 123931
123931 55551 77069
29887 16407 62887
62887 16407 29887
16407 29887 62887
49202 10399 70035
10399 49202 70035
70035 10399 49202
24286 28714 137253
137253 24286 28714
28714 24286 137253
110682 10213 130028
10213 110682 130028
130028 10213 110682
76663 67115 103152
103152 67115 76663
67115 76663 103152
2635 47857 82068
82068 2635 47857
47857 2635 82068
90986 42616 148559
148559 42616 90986
42616 90986 148559
83120 123062 140527
140527 83120 123062
123062 83120 140527
94645 36788 77989
77989 36788 94645
36788 77989 94645
62085 68657 89864
89864 62085 68657
68657 62085 89864
72235 19444 109293
19444 72235 109293
109293 19444 72235
440 63339 144827
63339 440 144827
144827 440 63339
121404 42239 55926
42239 55926 121404
55926 42239 121404
19517 5628 145832
5628 19517 145832
145832 5628 19517
38932 84364 91595
91595 38932 84364
84364 38932 91595
2632 101548 113761
101548 2632 113761
113761 2632 101548
16901 5780 14788
5780 14788 16901
14788 5780 16901
64747 85504 110096
110096 64747 85504
85504 64747 110096
124992 96385 138561
96385 124992 138561
138561 96385 124992
104829 42 61563
42 61563 104829
61563 42 104829
81976 106526 110844
110844 81976 106526
106526 81976 110844
119834 106559 145506
106559 119834 145506
145506 106559 119834
133458 84259 123166
123166 84259 133458
84259 123166 133458
33248 60815 136699
60815 33248 136699
136699 33248 60815
93415 16353 16724
16353 16724 93415
16724 16353 93415
116280 52005 137650
137650 52005 116280
52005 116280 137650
57008 27745 134863
27745 57008 134863
134863 27745 57008
70872 23551 80385
23551 70872 80385
80385 23551 70872
48624 104898 118531
104898 48624 118531
118531 48624 104898
10536 32799 49962
32799 10536 49962
49962 10536 32799
16105 85945 125116
125116 16105 85945
85945 16105 125116
130109 56615 64948
56615 64948 130109
64948 56615 130109
65262 81789 103253
103253 65262 81789
81789 65262 103253
6587 116115 128363
116115 6587 128363
128363 6587 116115
22520 73513 147256
147256 22520 73513
73513 22520 147256
77071 59681 61050
59681 61050 77071
61050 59681 77071
13256 112996 133926
112996 13256 133926
133926 13256 112996
28938 102199 138369
138369 28938 102199
102199 28938 138369
120782 9235 100993
9235 100993 120782
100993 9235 120782
146866 21054 33269
33269 21054 146866
21054 33269 146866
43037 18976 114371
114371 18976 43037
18976 43037 114371
102571 42902 86355
86355 42902 102571
42902 86355 102571
53475 84515 130078
130078 53475 84515
84515 53475 130078
89441 6308 121757
6308 89441 121757
121757 6308 89441
137825 108301 135122
108301 135122 137825
135122 108301 137825
40355 13037 70367
13037 40355 70367
70367 13037 40355
60005 87320 138909
87320 60005 138909
138909 60005 87320
2143 29058 131747
29058 2143 131747
131747 2143 29058
145392 67000 112287
67000 112287 145392
112287 67000 145392
41010 20345 67427
67427 20345 41010
20345 41010 67427
65479 67462 134349
134349 65479 67462
67462 65479 134349
117528 92304 145121
145121 92304 117528
92304 117528 145121
55187 7085 58184
7085 55187 58184
58184 7085 55187
147070 136679 142380
142380 136679 147070
136679 142380 147070
42076 62014 90056
90056 42076 62014
62014 42076 90056
32645 1221 148251
1221 32645 148251
148251 1221 32645
148903 13808 29795
29795 13808 148903
13808 29795 148903
39809 96716 104531
96716 39809 104531
104531 39809 96716
4229 3398 148971
148971 3398 4229
3398 4229 148971
50009 40830 128910
40830 50009 128910
128910 40830 50009
67554 122447 131560
131560 67554 122447
122447 67554 131560
127501 11834 88261
88261 11834 127501
11834 88261 127501
109727 23299 89737
23299 89737 109727
89737 23299 109727
19350 38929 98728
98728 19350 38929
38929 19350 98728
28473 52156 91245
91245 28473 52156
52156 28473 91245
10104 61222 128053
128053 10104 61222
61222 10104 128053
136501 29942 88868
88868 29942 136501
29942 88868 136501
86590 58596 138944
58596 86590 138944
138944 58596 86590
18423 38290 85723
38290 18423 85723
85723 18423 38290
113599 119522 129318
119522 113599 129318
129318 113599 119522
19634 18644 47224
18644 19634 47224
47224 18644 19634
62739 7403 45219
7403 45219 62739
45219 7403 62739
60149 52690 83982
52690 60149 83982
83982 52690 60149
75373 50729 70543
50729 70543 75373
70543 50729 75373
128378 81378 112306
81378 112306 128378
112306 81378 128378
146749 24621 118823
118823 24621 146749
24621 118823 146749
43618 32496 119225
32496 43618 119225
119225 32496 43618
141802 52337 146433
52337 141802 146433
146433 52337 141802
92150 54842 129085
54842 92150 129085
129085 54842 92150
82439 57044 116769
57044 82439 116769
116769 57044 82439
73412 63591 104463
63591 73412 104463
104463 63591 73412
54940 11684 118270
11684 54940 118270
118270 11684 54940
107129 67239 85410
67239 85410 107129
85410 67239 107129
86396 120162 135389
120162 86396 135389
135389 86396 120162
88986 17504 44228
17504 44228 88986
44228 17504 88986
100354 38547 61093
61093 38547 100354
38547 61093 100354
48731 130381 131530
131530 48731 130381
130381 48731 131530
74264 16068 143048
16068 74264 143048
143048 16068 74264
10214 107952 113855
107952 10214 113855
113855 10214 107952
83013 31802 138112
138112 31802 83013
31802 83013 138112
82148 29409 82633
82633 29409 82148
29409 82148 82633
695 49056 145316
49056 695 145316
145316 695 49056
22586 104993 112002
112002 22586 104993
104993 22586 112002
133395 11199 111218
111218 11199 133395
11199 111218 133395
70211 47826 105578
105578 47826 70211
47826 70211 105578
120780 37301 121212
121212 37301 120780
37301 120780 121212
130345 141384 145849
145849 130345 141384
141384 130345 145849
52264 5634 94756
5634 52264 94756
94756 5634 52264
39059 132595 137519
137519 39059 132595
132595 39059 137519
149971 103489 129546
129546 103489 149971
103489 129546 149971
53368 101568 109733
101568 53368 109733
109733 53368 101568
75986 64096 121988
121988 64096 75986
64096 75986 121988
54409 60192 96032
96032 54409 60192
60192 54409 96032
40502 65549 143479
143479 40502 65549
65549 40502 143479
112347 2475 39145
39145 2475 112347
2475 39145 112347
140126 11883 140035
140035 11883 140126
11883 140035 140126
88598 109519 130295
109519 88598 130295
130295 88598 109519
109426 68541 126667
126667 68541 109426
68541 109426 126667
124297 56812 57059
57059 56812 124297
56812 57059 124297
50874 29969 90086
29969 50874 90086
90086 29969 50874
96178 61644 124327
61644 96178 124327
124327 61644 96178
124156 532 143485
143485 532 124156
532 124156 143485
17050 67147 137576
137576 17050 67147
67147 17050 137576
110132 127880 136217
136217 110132 127880
127880 110132 136217
6311 24346 83074
24346 6311 83074
83074 6311 24346
5044 75771 100313
100313 5044 75771
75771 5044 100313
119759 98970 116615
116615 98970 119759
98970 116615 119759
128032 6417 93975
93975 6417 128032
6417 93975 128032
76862 38819 114964
38819 76862 114964
114964 38819 76862
146966 14272 55162
14272 55162 146966
55162 14272 146966
45806 29684 48878
48878 29684 45806
29684 45806 48878
127152 4354 104621
104621 4354 127152
4354 104621 127152
133631 15474 56372
15474 56372 133631
56372 15474 133631
74390 22819 56692
56692 22819 74390
22819 56692 74390
41152 4450 7316
7316 4450 41152
4450 7316 41152
122107 75570 92808
92808 75570 122107
75570 92808 122107
74019 50712 132575
132575 50712 74019
50712 74019 132575
108348 68781 80695
80695 68781 108348
68781 80695 108348
26918 47429 74801
74801 26918 47429
47429 26918 74801
9874 24104 43448
43448 9874 24104
24104 9874 43448
89398 16358 140972
140972 16358 89398
16358 89398 140972
4327 86046 133978
133978 4327 86046
86046 4327 133978
135806 59007 102753
59007 102753 135806
102753 59007 135806
44904 98861 126815
98861 44904 126815
126815 44904 98861
101980 19126 70039
70039 19126 101980
19126 70039 101980
135489 19216 101533
19216 101533 135489
101533 19216 135489
6567 133649 136134
133649 6567 136134
136134 6567 133649
44655 125790 131355
125790 44655 131355
131355 44655 125790
28681 2124 68580
2124 28681 68580
68580 2124 28681
114566 98309 115185
98309 114566 115185
115185 98309 114566
22295 75352 144269
75352 22295 144269
144269 22295 75352
29075 33554 130799
130799 29075 33554
33554 29075 130799
109424 25960 127402
127402 25960 109424
25960 109424 127402
43287 58055 68495
58055 43287 68495
68495 43287 58055
125658 85982 143880
143880 85982 125658
85982 125658 143880
59411 3595 99666
3595 59411 99666
99666 3595 59411
21380 54158 117825
117825 21380 54158
54158 21380 117825
149902 114854 123125
114854 123125 149902
123125 114854 149902
15106 28987 145672
145672 15106 28987
28987 15106 145672
81972 42793 95761
42793 81972 95761
95761 42793 81972
29658 48724 117635
48724 29658 117635
117635 29658 48724
84341 71609 75454
71609 75454 84341
75454 71609 84341
118933 10398 104743
104743 10398 118933
10398 104743 118933
77128 45850 78755
78755 45850 77128
45850 77128 78755
15916 96041 125565
125565 15916 96041
96041 15916 125565
109689 97285 110930
97285 109689 110930
110930 97285 109689
18680 54688 94885
54688 18680 94885
94885 18680 54688
11399 35797 96280
35797 11399 96280
96280 11399 35797
107158 39640 76678
39640 76678 107158
76678 39640 107158
60086 40870 43005
40870 43005 60086
43005 40870 60086
99709 84742 119609
119609 84742 99709
84742 99709 119609
72006 49598 146762
146762 49598 72006
49598 72006 146762
148933 59925 59993
59925 59993 148933
59993 59925 148933
55021 52017 82965
52017 55021 82965
82965 52017 55021
54524 4789 25833
4789 25833 54524
25833 4789 54524
79551 30255 40435
40435 30255 79551
30255 40435 79551
11510 50311 72028
50311 11510 72028
72028 11510 50311
66843 9455 145568
145568 9455 66843
9455 66843 145568
106437 38124 105142
38124 105142 106437
105142 38124 106437
14605 39484 51143
39484 14605 51143
51143 14605 39484
100438 108547 111483
108547 100438 111483
111483 100438 108547
397 52358 122487
52358 397 122487
122487 397 52358
117733 18967 51449
51449 18967 117733
18967 51449 117733
11296 77242 111992
111992 11296 77242
77242 11296 111992
53723 25990 65748
65748 25990 53723
25990 53723 65748
35692 77040 91600
77040 35692 91600
91600 35692 77040
74739 21867 110830
21867 74739 110830
110830 21867 74739
111553 81466 108205
108205 81466 111553
81466 108205 111553
37067 49176 80086
80086 37067 49176
49176 37067 80086
53635 59037 93457
93457 53635 59037
59037 53635 93457
31 34383 57425
34383 31 57425
57425 31 34383
78397 16702 57461
57461 16702 78397
16702 57461 78397
132631 88401 126383
88401 126383 132631
126383 88401 132631
78088 100065 126713
126713 78088 100065
100065 78088 126713
22542 58207 77315
77315 22542 58207
58207 22542 77315
113829 25503 122376
25503 113829 122376
122376 25503 113829
16190 67160 108174
108174 16190 67160
67160 16190 108174
103953 3388 131108
3388 103953 131108
131108 3388 103953
70564 30556 102317
102317 30556 70564
30556 70564 102317
106405 33662 97844
33662 97844 106405
97844 33662 106405
77493 82113 128608
82113 77493 128608
128608 77493 82113
106980 11733 86874
11733 86874 106980
86874 11733 106980
83917 81342 142675
142675 81342 83917
81342 83917 142675
87398 19281 36026
36026 19281 87398
19281 36026 87398
140675 47015 99410
99410 47015 140675
47015 99410 140675
67107 47758 91477
91477 47758 67107
47758 67107 91477
126154 78182 99720
99720 78182 126154
78182 99720 126154
112380 366 133032
133032 366 112380
366 112380 133032
88155 74256 74773
74256 74773 88155
74773 74256 88155
52025 15415 114653
114653 15415 52025
15415 52025 114653
26158 28376 96300
28376 26158 96300
96300 26158 28376
127274 116198 117921
116198 117921 127274
117921 116198 127274
8142 55955 126588
126588 8142 55955
55955 8142 126588
144095 98733 127609
127609 98733 144095
98733 127609 144095
104180 59043 95106
95106 59043 104180
59043 95106 104180
139586 12921 35095
35095 12921 139586
12921 35095 139586
132507 75585 92805
75585 92805 132507
92805 75585 132507
66737 26263 80196
26263 66737 80196
80196 26263 66737
8657 16386 65272
65272 8657 16386
16386 8657 65272
67243 13198 61686
61686 13198 67243
13198 61686 67243
122749 34166 89948
34166 89948 122749
89948 34166 122749
17771 122950 136730
136730 17771 122950
122950 17771 136730
111190 28997 131967
28997 111190 131967
131967 28997 111190
2536 88565 122231
88565 2536 122231
122231 2536 88565
84175 5259 15223
5259 15223 84175
15223 5259 84175
3241 69724 81072
81072 3241 69724
69724 3241 81072
9814 111392 114138
114138 9814 111392
111392 9814 114138
133781 141303 145553
141303 133781 145553
145553 133781 141303
120105 18724 137712
137712 18724 120105
18724 120105 137712
24632 23718 99490
99490 23718 24632
23718 24632 99490
124131 31483 65592
65592 31483 124131
31483 65592 124131
107277 87596 116049
116049 87596 107277
87596 107277 116049
135346 3190 11226
3190 11226 135346
11226 3190 135346
46736 12417 130970
130970 12417 46736
12417 46736 130970
25756 40848 115287
115287 25756 40848
40848 25756 115287
100589 100994 131268
100994 100589 131268
131268 100589 100994
78336 20758 84527
20758 78336 84527
84527 20758 78336
75310 128478 149952
128478 75310 149952
149952 75310 128478
97212 131151 143827
143827 97212 131151
131151 97212 143827
8189 12519 97221
12519 8189 97221
97221 8189 12519
104604 8126 108154
108154 8126 104604
8126 104604 108154
147102 79217 120706
79217 120706 147102
120706 79217 147102
79277 78542 143903
78542 79277 143903
143903 78542 79277
145728 3493 78242
3493 78242 145728
78242 3493 145728
116640 63393 120693
63393 116640 120693
120693 63393 116640
13097 65381 81242
81242 13097 65381
65381 13097 81242
58018 75932 100069
100069 58018 75932
75932 58018 100069
57322 125768 145361
125768 57322 145361
145361 57322 125768
43534 32953 59749
32953 43534 59749
59749 32953 43534
109970 123 140028
123 109970 140028
140028 123 109970
104745 93933 109650
93933 104745 109650
109650 93933 104745
56045 95975 116926
116926 56045 95975
95975 56045 116926
127175 9220 12157
9220 12157 127175
12157 9220 127175
122255 56057 131157
131157 56057 122255
56057 122255 131157
84274 12978 42852
42852 12978 84274
12978 42852 84274
73194 120541 142884
142884 73194 120541
120541 73194 142884
103730 23630 142519
23630 103730 142519
142519 23630 103730
10105 64556 121358
64556 10105 121358
121358 10105 64556
13265 67632 99243
67632 13265 99243
99243 13265 67632
60992 23061 139299
139299 23061 60992
23061 60992 139299
81961 55646 115460
55646 81961 115460
115460 55646 81961
69822 67182 105318
67182 69822 105318
105318 67182 69822
8618 35028 76176
76176 8618 35028
35028 8618 76176
127829 126144 146970
146970 126144 127829
126144 127829 146970
23553 90438 98497
90438 23553 98497
98497 23553 90438
91835 46278 83517
83517 46278 91835
46278 83517 91835
140178 66831 102436
66831 102436 140178
102436 66831 140178
70531 111404 121367
111404 70531 121367
121367 70531 111404
65826 14380 20095
20095 14380 65826
14380 20095 65826
113312 44380 125076
44380 113312 125076
125076 44380 113312
147084 96423 135283
135283 96423 147084
96423 135283 147084
2290 22593 24452
24452 2290 22593
22593 2290 24452
41799 41408 115523
41408 41799 115523
115523 41408 41799
110644 38429 97121
38429 97121 110644
97121 38429 110644
39127 18368 94605
94605 18368 39127
18368 39127 94605
119678 80790 148897
148897 80790 119678
80790 119678 148897
113394 7836 122190
122190 7836 113394
7836 113394 122190
114228 29649 72823
72823 29649 114228
29649 72823 114228
133719 64819 84868
64819 84868 133719
84868 64819 133719
130022 46746 57489
46746 57489 130022
57489 46746 130022
75701 59879 112736
112736 59879 75701
59879 75701 112736
12117 18093 95391
95391 12117 18093
18093 12117 95391
75354 66795 75959
66795 75354 75959
75959 66795 75354
33001 11629 101029
101029 11629 33001
11629 33001 101029
48517 34652 43304
34652 43304 48517
43304 34652 48517
65199 45577 106149
106149 45577 65199
45577 65199 106149
63009 40248 101376
101376 40248 63009
40248 63009 101376
2381 36376 43366
43366 2381 36376
36376 2381 43366
97174 23327 78138
23327 78138 97174
78138 23327 97174
2288 69525 130710
69525 2288 130710
130710 2288 69525
106956 44917 49246
49246 44917 106956
44917 49246 106956
80121 21403 60069
21403 60069 80121
60069 21403 80121
86842 17979 63105
17979 63105 86842
63105 17979 86842
82618 28405 124762
28405 82618 124762
124762 28405 82618
108565 20088 85734
85734 20088 108565
20088 85734 108565
173 114237 120015
120015 173 114237
114237 173 120015
71024 60135 71929
60135 71024 71929
71929 60135 71024
21689 82105 121990
121990 21689 82105
82105 21689 121990
95451 27472 102577
27472 95451 102577
102577 27472 95451
73035 100508 136365
136365 73035 100508
100508 73035 136365
24704 45211 113820
113820 24704 45211
45211 24704 113820
73990 66881 131050
66881 73990 131050
131050 66881 73990
91851 2939 95047
95047 2939 91851
2939 91851 95047
101517 11074 82290
82290 11074 101517
11074 82290 101517
41375 727 124636
727 41375 124636
124636 727 41375
29883 8755 122111
8755 29883 122111
122111 8755 29883
28936 38077 43266
38077 28936 43266
43266 28936 38077
59218 89685 102480
89685 59218 102480
102480 59218 89685
89476 24547 97630
97630 24547 89476
24547 89476 97630
74474 104338 105640
105640 74474 104338
104338 74474 105640
91793 87950 149517
87950 91793 149517
149517 87950 91793
69620 38579 101894
101894 38579 69620
38579 69620 101894
84732 43606 134698
134698 43606 84732
43606 84732 134698
15266 112941 128860
128860 15266 112941
112941 15266 128860
119156 25760 46233
46233 25760 119156
25760 46233 119156
40915 22196 34838
34838 22196 40915
22196 34838 40915
115055 18916 27367
27367 18916 115055
18916 27367 115055
122005 38951 107856
38951 107856 122005
107856 38951 122005
88370 36538 82146
36538 82146 88370
82146 36538 88370
122538 55278 109951
109951 55278 122538
55278 109951 122538
135326 42554 48882
48882 42554 135326
42554 48882 135326
16401 19963 59961
19963 16401 59961
59961 16401 19963
12560 89712 141644
141644 12560 89712
89712 12560 141644
57741 16700 129044
16700 57741 129044
129044 16700 57741
123116 49298 145884
145884 49298 123116
49298 123116 145884
122757 36724 119151
36724 119151 122757
119151 36724 122757
115060 75265 125251
75265 115060 125251
125251 75265 115060
88490 10326 13529
13529 10326 88490
10326 13529 88490
8344 50816 149038
149038 8344 50816
50816 8344 149038
63422 51431 129316
51431 63422 129316
129316 51431 63422
109083 28724 94339
28724 94339 109083
94339 28724 109083
90708 25286 77908
25286 77908 90708
77908 25286 90708
21442 59023 104300
104300 21442 59023
59023 21442 104300
117535 2564 115188
115188 2564 117535
2564 115188 117535
20616 81166 139961
139961 20616 81166
81166 20616 139961
93149 97058 112807
97058 93149 112807
112807 93149 97058
101958 37045 112418
37045 101958 112418
112418 37045 101958
63688 40799 51787
51787 40799 63688
40799 51787 63688
30496 27577 131231
27577 30496 131231
131231 27577 30496
119093 27355 58955
27355 58955 119093
58955 27355 119093
97956 45522 97445
97445 45522 97956
45522 97445 97956
89818 15784 88035
88035 15784 89818
15784 88035 89818
27753 43058 131698
131698 27753 43058
43058 27753 131698
55780 47580 124920
124920 47580 55780
47580 55780 124920
30210 104600 125314
104600 30210 125314
125314 30210 104600
98226 51282 144547
144547 51282 98226
51282 98226 144547
11203 31465 90863
31465 11203 90863
90863 11203 31465
128775 91975 97258
97258 91975 128775
91975 97258 128775
27616 92423 132881
92423 27616 132881
132881 27616 92423
3513 14847 89377
89377 3513 14847
14847 3513 89377
122690 30341 64380
64380 30341 122690
30341 64380 122690
50026 31525 117175
117175 31525 50026
31525 50026 117175
113626 41746 49678
49678 41746 113626
41746 49678 113626
52179 31352 63842
31352 52179 63842
63842 31352 52179
97616 15354 33078
33078 15354 97616
15354 33078 97616
103890 50587 102967
102967 50587 103890
50587 102967 103890
29222 36997 96698
36997 29222 96698
96698 29222 36997
115697 36020 84455
36020 84455 115697
84455 36020 115697
135608 53894 132269
132269 53894 135608
53894 132269 135608
87056 96863 148812
96863 87056 148812
148812 87056 96863
19967 7922 87612
87612 7922 19967
7922 19967 87612
59902 46222 143150
46222 59902 143150
143150 46222 59902
45189 55779 103540
55779 45189 103540
103540 45189 55779
4424 51418 103087
103087 4424 51418
51418 4424 103087
147895 73377 109283
73377 109283 147895
109283 73377 147895
73029 110325 131093
110325 73029 131093
131093 73029 110325
40109 99903 130535
99903 40109 130535
130535 40109 99903
86485 5465 110599
110599 5465 86485
5465 86485 110599
60515 45562 149640
45562 60515 149640
149640 45562 60515
96687 33964 116216
33964 96687 116216
116216 33964 96687
3476 93881 132958
93881 3476 132958
132958 3476 93881
47839 26200 110577
26200 47839 110577
110577 26200 47839
34634 22511 113390
113390 22511 34634
22511 34634 113390
133871 16528 88403
16528 88403 133871
88403 16528 133871
50372 96029 118678
118678 50372 96029
96029 50372 118678
122034 21036 94906
94906 21036 122034
21036 94906 122034
46942 103809 134353
103809 46942 134353
134353 46942 103809
123250 95309 126431
126431 95309 123250
95309 123250 126431
10679 5716 119850
119850 5716 10679
5716 10679 119850
109755 61350 129763
61350 109755 129763
129763 61350 109755
134142 12577 18633
18633 12577 134142
12577 18633 134142
62155 14528 16213
16213 14528 62155
14528 16213 62155
16900 86845 97033
97033 16900 86845
86845 16900 97033
3453 116628 118543
116628 3453 118543
118543 3453 116628
147980 84388 125218
84388 125218 147980
125218 84388 147980
38604 57032 58275
58275 38604 57032
57032 38604 58275
12206 28076 133711
28076 12206 133711
133711 12206 28076
103297 20341 73742
20341 73742 103297
73742 20341 103297
7438 10468 35162
35162 7438 10468
10468 7438 35162
147560 93293 118660
118660 93293 147560
93293 118660 147560
54797 12451 29010
29010 12451 54797
12451 29010 54797
140253 70340 99767
70340 99767 140253
99767 70340 140253
66378 53060 131092
131092 53060 66378
53060 66378 131092
76487 92558 138267
92558 76487 138267
138267 76487 92558
8093 13340 103343
13340 8093 103343
103343 8093 13340
53140 76433 95965
95965 53140 76433
76433 53140 95965
30984 41119 134972
41119 30984 134972
134972 30984 41119
80870 91736 105850
105850 80870 91736
91736 80870 105850
67881 9022 113080
9022 67881 113080
113080 9022 67881
31649 54820 134459
134459 31649 54820
54820 31649 134459
20544 1116 9907
9907 1116 20544
1116 9907 20544
89347 8465 88541
8465 88541 89347
88541 8465 89347
130918 13347 68105
68105 13347 130918
13347 68105 130918
137164 112062 113926
113926 112062 137164
112062 113926 137164
848 25120 70550
25120 848 70550
70550 848 25120
130783 97013 116293
116293 97013 130783
97013 116293 130783
120125 6877 115780
115780 6877 120125
6877 115780 120125
145594 8497 43507
8497 43507 145594
43507 8497 145594
58438 37682 141140
141140 37682 58438
37682 58438 141140
110673 57661 80813
57661 80813 110673
80813 57661 110673
94293 56703 76855
56703 76855 94293
76855 56703 94293
115792 56918 91427
91427 56918 115792
56918 91427 115792
64322 21215 57400
57400 21215 64322
21215 57400 64322
94393 54006 71708
54006 71708 94393
71708 54006 94393
85212 4880 80663
4880 80663 85212
80663 4880 85212
133132 87808 133981
133981 87808 133132
87808 133132 133981
8231 44571 101375
44571 8231 101375
101375 8231 44571
102937 21460 58004
21460 58004 102937
58004 21460 102937
23956 44515 136191
44515 23956 136191
136191 23956 44515
126479 81057 115559
115559 81057 126479
81057 115559 126479
102641 128663 143230
128663 102641 143230
143230 102641 128663
70833 22470 77038
77038 22470 70833
22470 70833 77038
117744 20124 74087
20124 74087 117744
74087 20124 117744
102929 6509 119734
6509 102929 119734
119734 6509 102929
146062 90418 137802
137802 90418 146062
90418 137802 146062
24637 6246 88072
6246 24637 88072
88072 6246 24637
93270 68788 115586
68788 93270 115586
115586 68788 93270
102119 7900 37407
37407 7900 102119
7900 37407 102119
42720 34192 107272
34192 42720 107272
107272 34192 42720
46076 102688 115723
115723 46076 102688
102688 46076 115723
148958 44970 117023
117023 44970 148958
44970 117023 148958
109330 9129 77794
77794 9129 109330
9129 77794 109330
143989 58442 98344
58442 98344 143989
98344 58442 143989
89475 2923 137818
2923 89475 137818
137818 2923 89475
402 80072 115321
115321 402 80072
80072 402 115321
11421 123453 146574
123453 11421 146574
146574 11421 123453
2102 104436 111752
111752 2102 104436
104436 2102 111752
32772 250 101673
250 32772 101673
101673 250 32772
119641 34262 58084
34262 58084 119641
58084 34262 119641
90211 115386 135086
115386 90211 135086
135086 90211 115386
86299 55011 96358
96358 55011 86299
55011 86299 96358
99341 36452 124592
124592 36452 99341
36452 99341 124592
16254 44769 50226
44769 16254 50226
50226 16254 44769
255 16678 68114
68114 255 16678
16678 255 68114
87164 16996 50559
16996 50559 87164
50559 16996 87164
105479 16631 41559
41559 16631 105479
16631 41559 105479
66797 77106 98421
98421 66797 77106
77106 66797 98421
100348 89349 127947
89349 100348 127947
127947 89349 100348
20172 107037 109240
109240 20172 107037
107037 20172 109240
89727 49931 66938
49931 66938 89727
66938 49931 89727
144789 21191 66308
66308 21191 144789
21191 66308 144789
129939 102 113994
113994 102 129939
102 113994 129939
45804 96272 97244
97244 45804 96272
96272 45804 97244
49101 138619 142958
142958 49101 138619
138619 49101 142958
135164 93274 128324
93274 128324 135164
128324 93274 135164
147593 67 61503
61503 67 147593
67 61503 147593
2543 23599 26089
23599 2543 26089
26089 2543 23599
5167 77001 116850
116850 5167 77001
77001 5167 116850
40486 62744 135922
62744 40486 135922
135922 40486 62744
123273 29716 92329
92329 29716 123273
29716 92329 123273
40748 133291 143448
143448 40748 133291
133291 40748 143448
7075 100018 101636
101636 7075 100018
100018 7075 101636
97190 35189 95087
35189 95087 97190
95087 35189 97190
89535 16894 117165
117165 16894 89535
16894 89535 117165
81475 73139 131430
73139 81475 131430
131430 73139 81475
292 79304 136297
136297 292 79304
79304 292 136297
126071 15630 47270
47270 15630 126071
15630 47270 126071
11781 9518 127985
9518 11781 127985
127985 9518 11781
123474 88190 146947
146947 88190 123474
88190 123474 146947
19685 59863 82124
59863 19685 82124
82124 19685 59863
114726 59564 83172
59564 83172 114726
83172 59564 114726
7692 25870 38854
25870 7692 38854
38854 7692 25870
137529 69738 134463
69738 134463 137529
134463 69738 137529
17635 91333 110508
110508 17635 91333
91333 17635 110508
116509 37944 92390
92390 37944 116509
37944 92390 116509
114140 43730 90748
43730 90748 114140
90748 43730 114140
6839 33052 77468
77468 6839 33052
33052 6839 77468
81605 85078 128081
85078 81605 128081
128081 81605 85078
10632 58278 95696
58278 10632 95696
95696 10632 58278
24459 24510 89025
24510 24459 89025
89025 24459 24510
140784 13426 74268
13426 74268 140784
74268 13426 140784
138625 60495 122384
60495 122384 138625
122384 60495 138625
4558 48906 142565
48906 4558 142565
142565 4558 48906
142133 1939 88668
88668 1939 142133
1939 88668 142133
26283 74077 139791
139791 26283 74077
74077 26283 139791
24780 96438 120709
120709 24780 96438
96438 24780 120709
29100 85640 121627
85640 29100 121627
121627 29100 85640
51377 41210 146325
41210 51377 146325
146325 41210 51377
75484 9856 122824
122824 9856 75484
9856 75484 122824
55223 9148 106606
9148 55223 106606
106606 9148 55223
88704 35233 113514
113514 35233 88704
35233 88704 113514
126320 38548 88571
38548 88571 126320
88571 38548 126320
121763 88068 97687
88068 97687 121763
97687 88068 121763
122735 133 47552
47552 133 122735
133 47552 122735
139910 2227 56867
56867 2227 139910
2227 56867 139910
26931 41722 86343
86343 26931 41722
41722 26931 86343
136688 52984 105711
105711 52984 136688
52984 105711 136688
104294 57109 136577
57109 104294 136577
136577 57109 104294
3163 44903 45516
45516 3163 44903
44903 3163 45516
135754 4305 67517
4305 67517 135754
67517 4305 135754
68666 8400 47068
47068 8400 68666
8400 47068 68666
53092 79427 81346
79427 53092 81346
81346 53092 79427
42965 86096 105223
105223 42965 86096
86096 42965 105223
58925 32554 89991
89991 32554 58925
32554 58925 89991
130728 134599 137777
134599 130728 137777
137777 130728 134599
71826 24523 37173
24523 37173 71826
37173 24523 71826
64666 47807 87524
87524 47807 64666
47807 64666 87524
145595 89822 96955
96955 89822 145595
89822 96955 145595
74963 109122 124412
109122 74963 124412
124412 74963 109122
65706 9947 112417
112417 9947 65706
9947 65706 112417
60425 42762 82645
42762 60425 82645
82645 42762 60425
116609 57166 141355
141355 57166 116609
57166 116609 141355
106995 41870 58731
58731 41870 106995
41870 58731 106995
31416 97532 149829
97532 31416 149829
149829 31416 97532
119441 3118 147194
147194 3118 119441
3118 119441 147194
148590 1146 83368
83368 1146 148590
1146 83368 148590
101706 18997 73676
18997 73676 101706
73676 18997 101706
122193 65954 66520
65954 66520 122193
66520 65954 122193
16039 39253 107933
39253 16039 107933
107933 16039 39253
108505 21549 126242
21549 108505 126242
126242 21549 108505
26216 42674 112096
112096 26216 42674
42674 26216 112096
56591 105601 138518
138518 56591 105601
105601 56591 138518
139195 59368 138657
59368 138657 139195
138657 59368 139195
11054 32392 92179
32392 11054 92179
92179 11054 32392
42913 20152 133784
20152 42913 133784
133784 20152 42913
52465 68656 107156
68656 52465 107156
107156 52465 68656
6223 91636 120882
120882 6223 91636
91636 6223 120882
30811 114142 119770
119770 30811 114142
114142 30811 119770
140664 32747 80645
32747 80645 140664
80645 32747 140664
136000 95531 146078
95531 136000 146078
146078 95531 136000
33538 91615 121573
121573 33538 91615
91615 33538 121573
88983 11903 142459
11903 88983 142459
142459 11903 88983
121571 65584 110388
65584 110388 121571
110388 65584 121571
105193 64617 101631
101631 64617 105193
64617 101631 105193
142452 69566 103947
69566 103947 142452
103947 69566 142452
124429 26378 117484
117484 26378 124429
26378 117484 124429
61281 25252 95795
25252 61281 95795
95795 25252 61281
21685 64843 78560
78560 21685 64843
64843 21685 78560
66441 38935 138508
138508 38935 66441
38935 66441 138508
97847 9871 112779
9871 97847 112779
112779 9871 97847
38101 77327 87443
77327 38101 87443
87443 38101 77327
66258 39320 85386
85386 39320 66258
39320 66258 85386
7280 41100 111011
41100 7280 111011
111011 7280 41100
88293 70933 83191
83191 70933 88293
70933 83191 88293
83940 145189 147930
145189 83940 147930
147930 83940 145189
107569 66796 140941
66796 107569 140941
140941 66796 107569
112699 57574 106179
106179 57574 112699
57574 106179 112699
95654 102587 118066
118066 95654 102587
102587 95654 118066
55442 40645 149164
40645 55442 149164
149164 40645 55442
80543 15613 47042
47042 15613 80543
15613 47042 80543
44051 17732 77416
77416 17732 44051
17732 44051 77416
72853 103522 115851
103522 72853 115851
115851 72853 103522
116274 134954 135759
