76908 11171 54655
11171 54655 76908
54655 11171 76908
47304 88428 112859
88428 47304 112859
112859 47304 88428
100154 30812 64685
30812 64685 100154
64685 30812 100154
89613 23569 67092
23569 67092 89613
67092 23569 89613
86103 116824 143761
116824 86103 143761
143761 86103 116824
120260 81934 142083
81934 120260 142083
142083 81934 120260
139683 19900 132233
19900 132233 139683
132233 19900 139683
67626 43021 75068
75068 43021 67626
43021 67626 75068
1346 44976 91176
91176 1346 44976
44976 1346 91176
132254 20300 38699
38699 20300 132254
20300 38699 132254
14350 10454 69944
69944 10454 14350
10454 14350 69944
121172 30561 34782
34782 30561 121172
30561 34782 121172
127182 11882 99538
99538 11882 127182
11882 99538 127182
79998 6272 138815
138815 6272 79998
6272 79998 138815
105728 53917 78311
78311 53917 105728
53917 78311 105728
97206 19279 127399
127399 19279 97206
19279 97206 127399
7662 59289 71488
71488 7662 59289
59289 7662 71488
36274 52507 130293
52507 36274 130293
130293 36274 52507
21245 93566 112506
93566 21245 112506
112506 21245 93566
104362 65000 132785
65000 104362 132785
132785 65000 104362
128052 35869 99304
99304 35869 128052
35869 99304 128052
44600 86999 123646
86999 44600 123646
123646 44600 86999
107101 4806 19522
4806 19522 107101
19522 4806 107101
55484 24664 67021
67021 24664 55484
24664 55484 67021
20374 15952 100372
100372 15952 20374
15952 20374 100372
135309 4884 134686
134686 4884 135309
4884 134686 135309
38085 78487 116445
116445 38085 78487
78487 38085 116445
15887 86777 109860
109860 15887 86777
86777 15887 109860
75032 104809 125341
104809 75032 125341
125341 75032 104809
19120 86120 106919
86120 19120 106919
106919 19120 86120
20387 99776 120046
120046 20387 99776
99776 20387 120046
77170 101268 117431
101268 77170 117431
117431 77170 101268
92248 6766 126855
6766 92248 126855
126855 6766 92248
92905 13489 34726
13489 34726 92905
34726 13489 92905
47313 77582 79788
77582 47313 79788
79788 47313 77582
18834 110988 121748
110988 18834 121748
121748 18834 110988
33705 7061 58421
7061 33705 58421
58421 7061 33705
92348 20434 115398
115398 20434 92348
20434 92348 115398
140803 98562 109296
109296 98562 140803
98562 109296 140803
7719 80076 145187
145187 7719 80076
80076 7719 145187
134294 6421 89466
89466 6421 134294
6421 89466 134294
39709 40171 110042
40171 39709 110042
110042 39709 40171
129101 30016 147922
30016 129101 147922
147922 30016 129101
88773 33753 143752
33753 88773 143752
143752 33753 88773
88231 73762 96246
96246 73762 88231
73762 88231 96246
13790 100421 118103
118103 13790 100421
100421 13790 118103
141100 31423 70364
70364 31423 141100
31423 70364 141100
4934 34041 104316
34041 4934 104316
104316 4934 34041
140549 88857 92077
92077 88857 140549
88857 92077 140549
32264 60580 88960
60580 32264 88960
88960 32264 60580
89751 22670 63670
22670 63670 89751
63670 22670 89751
52498 28915 138932
138932 28915 52498
28915 52498 138932
85931 53872 91390
91390 53872 85931
53872 85931 91390
76426 66624 93971
93971 66624 76426
66624 76426 93971
7682 77139 111258
111258 7682 77139
77139 7682 111258
8461 43768 128828
43768 8461 128828
128828 8461 43768
12803 8516 129809
8516 12803 129809
129809 8516 12803
137146 91191 112375
112375 91191 137146
91191 112375 137146
98989 9159 19968
9159 19968 98989
19968 9159 98989
102130 73073 111778
111778 73073 102130
73073 102130 111778
148937 9168 9502
9168 9502 148937
9502 9168 148937
50365 51993 110897
110897 50365 51993
51993 50365 110897
48538 26034 106030
26034 48538 106030
106030 26034 48538
34427 70371 110352
110352 34427 70371
70371 34427 110352
68889 57184 98067
57184 68889 98067
98067 57184 68889
5660 131454 143241
143241 5660 131454
131454 5660 143241
147504 76448 139559
76448 139559 147504
139559 76448 147504
77487 24447 126367
126367 24447 77487
24447 77487 126367
58374 98588 128821
128821 58374 98588
98588 58374 128821
127113 74696 82608
82608 74696 127113
74696 82608 127113
87206 23161 143897
143897 23161 87206
23161 87206 143897
129390 17282 49816
49816 17282 129390
17282 49816 129390
79677 37119 105590
105590 37119 79677
37119 79677 105590
53228 114065 137162
137162 53228 114065
114065 53228 137162
128365 47968 148849
148849 47968 128365
47968 128365 148849
76919 1019 7256
7256 1019 76919
1019 7256 76919
59653 4180 87861
4180 59653 87861
87861 4180 59653
137230 103776 138828
103776 137230 138828
138828 103776 137230
53235 79433 132132
79433 53235 132132
132132 53235 79433
143788 13390 66237
13390 66237 143788
66237 13390 143788
35384 19288 39067
19288 35384 39067
39067 19288 35384
48856 12386 136621
12386 48856 136621
136621 12386 48856
77695 32265 107764
107764 32265 77695
32265 77695 107764
47704 68283 90924
68283 47704 90924
90924 47704 68283
62958 25420 107233
25420 62958 107233
107233 25420 62958
130069 102002 113455
102002 113455 130069
113455 102002 130069
62417 105725 138388
105725 62417 138388
138388 62417 105725
39637 72050 102485
102485 39637 72050
72050 39637 102485
42903 5665 49213
5665 42903 49213
49213 5665 42903
6286 88973 103343
88973 6286 103343
103343 6286 88973
126742 346 24922
346 24922 126742
24922 346 126742
144177 40013 99735
99735 40013 144177
40013 99735 144177
74883 14752 100565
14752 74883 100565
100565 14752 74883
6491 26961 53938
26961 6491 53938
53938 6491 26961
104373 19515 122352
122352 19515 104373
19515 104373 122352
17679 69492 74239
69492 17679 74239
74239 17679 69492
148033 51525 97483
97483 51525 148033
51525 97483 148033
128636 35780 89846
35780 89846 128636
89846 35780 128636
5595 33020 141812
141812 5595 33020
33020 5595 141812
119458 33652 132210
33652 119458 132210
132210 33652 119458
131018 7188 59176
7188 59176 131018
59176 7188 131018
120229 88366 112711
88366 112711 120229
112711 88366 120229
31413 21386 124263
124263 21386 31413
21386 31413 124263
15647 21062 33471
21062 15647 33471
33471 15647 21062
65906 37308 63990
63990 37308 65906
37308 63990 65906
115843 65460 128362
65460 115843 128362
128362 65460 115843
96413 15862 145871
15862 96413 145871
145871 15862 96413
132630 15585 28368
15585 28368 132630
28368 15585 132630
53904 57288 75398
75398 53904 57288
57288 53904 75398
57854 51308 97866
97866 51308 57854
51308 57854 97866
87851 79387 134753
79387 87851 134753
134753 79387 87851
118340 22120 42972
42972 22120 118340
22120 42972 118340
145713 34061 149772
149772 34061 145713
34061 145713 149772
12367 95138 131283
95138 12367 131283
131283 12367 95138
37315 13938 59527
59527 13938 37315
13938 37315 59527
16628 114465 131008
131008 16628 114465
114465 16628 131008
33867 76756 118765
76756 33867 118765
118765 33867 76756
43977 40777 91873
40777 43977 91873
91873 40777 43977
95227 70798 110737
70798 95227 110737
110737 70798 95227
98745 41232 133044
41232 98745 133044
133044 41232 98745
139487 52876 143600
143600 52876 139487
52876 139487 143600
92670 50267 64043
50267 64043 92670
64043 50267 92670
28959 6416 138666
6416 28959 138666
138666 6416 28959
120589 69195 121087
121087 69195 120589
69195 120589 121087
37018 48324 115593
48324 37018 115593
115593 37018 48324
34160 57207 137566
57207 34160 137566
137566 34160 57207
68507 75658 94601
94601 68507 75658
75658 68507 94601
32064 5234 94967
5234 32064 94967
94967 5234 32064
41896 140931 146529
146529 41896 140931
140931 41896 146529
33065 10668 135989
135989 10668 33065
10668 33065 135989
84752 61689 79296
79296 61689 84752
61689 79296 84752
45925 71487 120411
71487 45925 120411
120411 45925 71487
85985 61837 101357
101357 61837 85985
61837 85985 101357
61328 125314 148930
148930 61328 125314
125314 61328 148930
30435 83859 106844
106844 30435 83859
83859 30435 106844
26807 6634 43270
6634 26807 43270
43270 6634 26807
35115 62418 141029
141029 35115 62418
62418 35115 141029
67582 67343 95253
67343 67582 95253
95253 67343 67582
93145 18348 131614
18348 93145 131614
131614 18348 93145
74274 1237 137005
137005 1237 74274
1237 74274 137005
126595 34483 84373
84373 34483 126595
34483 84373 126595
133551 49734 68339
68339 49734 133551
49734 68339 133551
52420 59125 108960
108960 52420 59125
59125 52420 108960
117333 103905 133498
133498 103905 117333
103905 117333 133498
103825 30163 144986
144986 30163 103825
30163 103825 144986
58471 86850 132123
86850 58471 132123
132123 58471 86850
44750 63720 121752
63720 44750 121752
121752 44750 63720
131857 40705 76970
76970 40705 131857
40705 76970 131857
135150 59362 61931
61931 59362 135150
59362 61931 135150
21890 98224 135235
135235 21890 98224
98224 21890 135235
91278 35386 55901
55901 35386 91278
35386 55901 91278
21919 38914 82731
82731 21919 38914
38914 21919 82731
21149 55827 69707
55827 21149 69707
69707 21149 55827
103675 35975 110610
110610 35975 103675
35975 103675 110610
16634 23665 143716
143716 16634 23665
23665 16634 143716
57416 63867 124079
63867 57416 124079
124079 57416 63867
119394 2905 62370
62370 2905 119394
2905 62370 119394
140152 28554 64349
64349 28554 140152
28554 64349 140152
44572 14762 56538
56538 14762 44572
14762 44572 56538
106423 83392 106010
83392 106010 106423
106010 83392 106423
38960 22086 66622
22086 38960 66622
66622 22086 38960
84283 93698 134810
134810 84283 93698
93698 84283 134810
103951 3026 54335
54335 3026 103951
3026 54335 103951
148400 108221 113804
113804 108221 148400
108221 113804 148400
68734 59150 131080
59150 68734 131080
131080 59150 68734
52769 5119 143173
143173 5119 52769
5119 52769 143173
42900 12412 78143
78143 12412 42900
12412 42900 78143
129888 120366 130841
130841 120366 129888
120366 129888 130841
25230 36725 57188
57188 25230 36725
36725 25230 57188
24358 7562 92349
92349 7562 24358
7562 24358 92349
83839 25358 93690
25358 83839 93690
93690 25358 83839
26629 33940 87560
87560 26629 33940
33940 26629 87560
64955 25167 130257
25167 64955 130257
130257 25167 64955
132192 59101 61382
61382 59101 132192
59101 61382 132192
85937 19634 134021
134021 19634 85937
19634 85937 134021
105636 68355 130602
68355 105636 130602
130602 68355 105636
97299 90285 108452
108452 90285 97299
90285 97299 108452
76335 47254 69924
47254 69924 76335
69924 47254 76335
100630 94663 131400
131400 94663 100630
94663 100630 131400
56071 5499 76078
5499 56071 76078
76078 5499 56071
5081 19128 121554
121554 5081 19128
19128 5081 121554
108566 77928 105585
77928 105585 108566
105585 77928 108566
77480 74545 110213
74545 77480 110213
110213 74545 77480
144267 1178 42220
42220 1178 144267
1178 42220 144267
134241 55253 146042
146042 55253 134241
55253 134241 146042
21690 806 46674
46674 806 21690
806 21690 46674
127507 18884 21229
21229 18884 127507
18884 21229 127507
65903 74143 82031
74143 65903 82031
82031 65903 74143
26857 14328 55831
55831 14328 26857
14328 26857 55831
1140 2213 31183
31183 1140 2213
2213 1140 31183
59267 84441 101842
101842 59267 84441
84441 59267 101842
11377 3693 107127
107127 3693 11377
3693 11377 107127
87516 77592 86935
77592 86935 87516
86935 77592 87516
82379 76349 149584
76349 82379 149584
149584 76349 82379
148306 68441 94108
94108 68441 148306
68441 94108 148306
137647 39194 67499
67499 39194 137647
39194 67499 137647
123299 3966 7594
3966 7594 123299
7594 3966 123299
99230 75941 135054
135054 75941 99230
75941 99230 135054
32882 11472 113696
113696 11472 32882
11472 32882 113696
24565 80171 121959
121959 24565 80171
80171 24565 121959
9471 20309 99174
20309 9471 99174
99174 9471 20309
147372 48832 81036
48832 81036 147372
81036 48832 147372
31833 10980 69244
10980 31833 69244
69244 10980 31833
84061 95326 134109
134109 84061 95326
95326 84061 134109
73963 13239 93775
13239 73963 93775
93775 13239 73963
105416 20662 29477
20662 29477 105416
29477 20662 105416
71409 92881 109072
109072 71409 92881
92881 71409 109072
126282 60915 71196
71196 60915 126282
60915 71196 126282
24281 77863 99978
99978 24281 77863
77863 24281 99978
129088 117517 148603
148603 117517 129088
117517 129088 148603
65836 70484 126537
70484 65836 126537
126537 65836 70484
140662 55175 116377
55175 116377 140662
116377 55175 140662
116945 46301 84769
84769 46301 116945
46301 84769 116945
24042 4016 146652
4016 24042 146652
146652 4016 24042
5682 30159 134391
30159 5682 134391
134391 5682 30159
24033 20718 57468
20718 24033 57468
57468 20718 24033
14635 42232 114407
42232 14635 114407
114407 14635 42232
43905 74111 112151
112151 43905 74111
74111 43905 112151
112377 80048 140052
80048 112377 140052
140052 80048 112377
102600 8394 39513
39513 8394 102600
8394 39513 102600
5789 119452 148933
119452 5789 148933
148933 5789 119452
61749 63253 142262
142262 61749 63253
63253 61749 142262
6458 137101 141408
137101 6458 141408
141408 6458 137101
80573 32438 135024
135024 32438 80573
32438 80573 135024
32129 59181 101179
59181 32129 101179
101179 32129 59181
126916 67819 104038
67819 104038 126916
104038 67819 126916
114291 12948 23829
12948 23829 114291
23829 12948 114291
48707 143535 148219
148219 48707 143535
143535 48707 148219
83517 51935 60159
60159 51935 83517
51935 60159 83517
94231 6189 8196
6189 8196 94231
8196 6189 94231
61516 55448 97500
97500 55448 61516
55448 61516 97500
135584 2898 72161
2898 72161 135584
72161 2898 135584
70799 97837 138856
138856 70799 97837
97837 70799 138856
15 110500 146512
146512 15 110500
110500 15 146512
21132 96273 112108
112108 21132 96273
96273 21132 112108
109038 26913 78618
26913 78618 109038
78618 26913 109038
69724 15433 88468
15433 69724 88468
88468 15433 69724
108416 22656 60453
22656 60453 108416
60453 22656 108416
131147 24575 58656
24575 58656 131147
58656 24575 131147
109698 99506 117352
99506 109698 117352
117352 99506 109698
2955 55750 110795
55750 2955 110795
110795 2955 55750
67061 82060 92274
82060 67061 92274
92274 67061 82060
56635 73692 144142
73692 56635 144142
144142 56635 73692
5650 9452 57942
57942 5650 9452
9452 5650 57942
22762 22994 69344
69344 22762 22994
22994 22762 69344
5865 41887 113438
113438 5865 41887
41887 5865 113438
18122 27546 75102
75102 18122 27546
27546 18122 75102
138456 78397 90307
90307 78397 138456
78397 90307 138456
126191 46048 96066
96066 46048 126191
46048 96066 126191
85817 44687 103029
44687 85817 103029
103029 44687 85817
7974 3576 3604
3604 3576 7974
3576 3604 7974
89124 11886 12756
11886 12756 89124
12756 11886 89124
114886 50757 97431
50757 97431 114886
97431 50757 114886
46988 66813 133107
133107 46988 66813
66813 46988 133107
80853 80921 147755
80921 80853 147755
147755 80853 80921
62556 15880 56589
15880 56589 62556
56589 15880 62556
137735 67733 69585
69585 67733 137735
67733 69585 137735
94867 61505 116696
61505 94867 116696
116696 61505 94867
6125 5553 36676
36676 5553 6125
5553 6125 36676
143315 1247 12870
12870 1247 143315
1247 12870 143315
32086 31771 57338
31771 32086 57338
57338 31771 32086
90230 3368 113730
113730 3368 90230
3368 90230 113730
74797 11026 53140
53140 11026 74797
11026 53140 74797
33515 44823 131117
44823 33515 131117
131117 33515 44823
125009 103932 130697
130697 103932 125009
103932 125009 130697
119373 19032 96387
96387 19032 119373
19032 96387 119373
63705 47922 109454
47922 63705 109454
109454 47922 63705
125910 21034 97870
21034 97870 125910
97870 21034 125910
59960 11395 88943
11395 59960 88943
88943 11395 59960
48551 17416 131418
17416 48551 131418
131418 17416 48551
40358 27974 66756
27974 40358 66756
66756 27974 40358
64783 58905 147839
147839 58905 64783
58905 64783 147839
51820 4121 85444
85444 4121 51820
4121 51820 85444
137367 107567 149623
107567 137367 149623
149623 107567 137367
211 67409 107747
67409 211 107747
107747 211 67409
115664 65950 93649
65950 93649 115664
93649 65950 115664
139549 10460 44062
10460 44062 139549
44062 10460 139549
147567 76007 112424
76007 112424 147567
112424 76007 147567
61637 26632 143388
143388 26632 61637
26632 61637 143388
141754 6764 94900
94900 6764 141754
6764 94900 141754
22427 61038 61939
61939 22427 61038
61038 22427 61939
14780 52327 139315
52327 14780 139315
139315 14780 52327
69049 100359 104691
100359 69049 104691
104691 69049 100359
127923 45538 49925
45538 49925 127923
49925 45538 127923
75466 97744 131617
131617 75466 97744
97744 75466 131617
49986 37464 79105
79105 37464 49986
37464 49986 79105
47840 28953 78588
28953 47840 78588
78588 28953 47840
122697 29504 49209
49209 29504 122697
29504 49209 122697
133234 56008 104955
56008 104955 133234
104955 56008 133234
103090 120382 130014
120382 103090 130014
130014 103090 120382
73818 50862 103037
103037 50862 73818
50862 73818 103037
66397 70024 127148
70024 66397 127148
127148 66397 70024
95347 1722 78596
78596 1722 95347
1722 78596 95347
413 58583 64763
64763 413 58583
58583 413 64763
85127 16490 89763
16490 85127 89763
89763 16490 85127
51669 4785 70797
70797 4785 51669
4785 51669 70797
124938 100115 136331
100115 124938 136331
136331 100115 124938
16744 69173 86766
86766 16744 69173
69173 16744 86766
78567 106346 127688
127688 78567 106346
106346 78567 127688
63402 31933 51693
31933 51693 63402
51693 31933 63402
70763 39928 106259
39928 70763 106259
106259 39928 70763
90644 7111 32707
7111 32707 90644
32707 7111 90644
30630 18261 52323
18261 30630 52323
52323 18261 30630
52186 65721 91816
65721 52186 91816
91816 52186 65721
116169 67788 94596
94596 67788 116169
67788 94596 116169
98925 59574 69705
69705 59574 98925
59574 69705 98925
37726 18445 45045
45045 18445 37726
18445 37726 45045
13320 82103 128725
128725 13320 82103
82103 13320 128725
98525 54738 130004
54738 98525 130004
130004 54738 98525
84022 16600 102312
102312 16600 84022
16600 84022 102312
12054 24316 113567
24316 12054 113567
113567 12054 24316
48166 91898 102172
102172 48166 91898
91898 48166 102172
117976 42847 134505
134505 42847 117976
42847 117976 134505
57564 4210 101727
4210 57564 101727
101727 4210 57564
8217 66195 119454
66195 8217 119454
119454 8217 66195
125204 77346 144994
77346 125204 144994
144994 77346 125204
75317 61478 84471
84471 61478 75317
61478 75317 84471
115004 92921 109980
109980 92921 115004
92921 109980 115004
23924 85447 146747
146747 23924 85447
85447 23924 146747
38534 87346 135969
87346 38534 135969
135969 38534 87346
79852 18721 63625
18721 63625 79852
63625 18721 79852
139150 132899 138224
132899 138224 139150
138224 132899 139150
123680 87541 139675
139675 87541 123680
87541 123680 139675
30201 42839 131732
131732 30201 42839
42839 30201 131732
103338 77426 77747
77426 77747 103338
77747 77426 103338
87104 27295 118588
27295 87104 118588
118588 27295 87104
25255 22685 24465
24465 22685 25255
22685 24465 25255
64114 39568 141309
141309 39568 64114
39568 64114 141309
72070 58847 106500
58847 72070 106500
106500 58847 72070
3862 16879 149374
149374 3862 16879
16879 3862 149374
66850 45104 96182
96182 45104 66850
45104 66850 96182
8667 6935 48517
48517 6935 8667
6935 8667 48517
49029 92793 98752
92793 49029 98752
98752 49029 92793
149439 51069 125428
125428 51069 149439
51069 125428 149439
120682 20508 20731
20508 20731 120682
20731 20508 120682
52937 17532 134038
134038 17532 52937
17532 52937 134038
123099 29673 135872
29673 123099 135872
135872 29673 123099
51587 14582 54370
54370 14582 51587
14582 51587 54370
44433 32054 108503
32054 44433 108503
108503 32054 44433
130312 105667 144014
105667 130312 144014
144014 105667 130312
78876 113687 138283
113687 78876 138283
138283 78876 113687
26439 4843 48747
4843 26439 48747
48747 4843 26439
70701 114220 131953
131953 70701 114220
114220 70701 131953
17951 2499 78195
2499 17951 78195
78195 2499 17951
29475 39268 115580
39268 29475 115580
115580 29475 39268
58747 34031 139864
34031 58747 139864
139864 34031 58747
146813 1316 130779
1316 130779 146813
130779 1316 146813
109354 11250 118009
11250 109354 118009
118009 11250 109354
136478 120508 123509
120508 123509 136478
123509 120508 136478
65664 23674 72707
23674 65664 72707
72707 23674 65664
62600 100922 102869
100922 62600 102869
102869 62600 100922
142047 2267 81516
2267 81516 142047
81516 2267 142047
68943 38666 73609
73609 38666 68943
38666 68943 73609
23387 65830 134190
134190 23387 65830
65830 23387 134190
25651 12229 128633
128633 12229 25651
12229 25651 128633
136203 59270 99882
99882 59270 136203
59270 99882 136203
100948 49885 51419
49885 51419 100948
51419 49885 100948
38562 12022 145853
145853 12022 38562
12022 38562 145853
149633 23468 89822
89822 23468 149633
23468 89822 149633
101851 108745 117275
117275 101851 108745
108745 101851 117275
19551 77369 83237
77369 19551 83237
83237 19551 77369
131935 9409 134519
134519 9409 131935
9409 131935 134519
108487 2081 76769
76769 2081 108487
2081 76769 108487
68680 99220 121183
121183 68680 99220
99220 68680 121183
107228 105826 136171
136171 105826 107228
105826 107228 136171
83328 22113 70375
70375 22113 83328
22113 70375 83328
146421 30307 140140
30307 140140 146421
140140 30307 146421
128057 2709 88388
2709 88388 128057
88388 2709 128057
52369 14619 53982
53982 14619 52369
14619 52369 53982
112298 56543 109299
109299 56543 112298
56543 109299 112298
92929 101277 137567
137567 92929 101277
101277 92929 137567
110313 43082 120302
120302 43082 110313
43082 110313 120302
18001 44295 60996
60996 18001 44295
44295 18001 60996
115610 62727 97494
62727 97494 115610
97494 62727 115610
49133 1127 98443
1127 49133 98443
98443 1127 49133
58238 51241 118056
51241 58238 118056
118056 51241 58238
117028 9650 144063
9650 117028 144063
144063 9650 117028
102718 44792 114902
44792 102718 114902
114902 44792 102718
116774 98695 118879
98695 116774 118879
118879 98695 116774
3735 109009 122472
109009 3735 122472
122472 3735 109009
41464 84517 103453
103453 41464 84517
84517 41464 103453
32423 52595 82821
82821 32423 52595
52595 32423 82821
78052 84854 110695
110695 78052 84854
84854 78052 110695
73160 108951 148874
148874 73160 108951
108951 73160 148874
51729 38386 53329
53329 38386 51729
38386 51729 53329
16784 33452 91919
33452 16784 91919
91919 16784 33452
53271 52703 59712
59712 52703 53271
52703 53271 59712
9932 46501 107743
107743 9932 46501
46501 9932 107743
135950 98038 139829
98038 135950 139829
139829 98038 135950
117320 47665 106506
106506 47665 117320
47665 106506 117320
79308 4904 75336
4904 75336 79308
75336 4904 79308
76843 6311 76534
6311 76534 76843
76534 6311 76843
15986 34175 96352
34175 15986 96352
96352 15986 34175
139216 88815 109846
88815 109846 139216
109846 88815 139216
25583 45118 46973
46973 25583 45118
45118 25583 46973
112387 96137 105942
96137 105942 112387
105942 96137 112387
113442 41698 148913
148913 41698 113442
41698 113442 148913
142061 35333 46279
46279 35333 142061
35333 46279 142061
66903 13070 74356
13070 66903 74356
74356 13070 66903
82603 3733 38760
3733 38760 82603
38760 3733 82603
114604 114359 134311
114359 114604 134311
134311 114359 114604
54008 7270 132659
132659 7270 54008
7270 54008 132659
109132 88357 147165
147165 88357 109132
88357 109132 147165
88642 58646 110845
110845 58646 88642
58646 88642 110845
40068 25170 59931
25170 40068 59931
59931 25170 40068
115251 40866 147930
147930 40866 115251
40866 115251 147930
134133 62629 103329
62629 103329 134133
103329 62629 134133
19783 8106 118486
8106 19783 118486
118486 8106 19783
138457 56748 64888
56748 64888 138457
64888 56748 138457
104240 69106 80391
80391 69106 104240
69106 80391 104240
81867 53970 135135
135135 53970 81867
53970 81867 135135
129801 5088 143361
143361 5088 129801
5088 129801 143361
38227 25808 116025
116025 25808 38227
25808 38227 116025
33185 140026 142995
142995 33185 140026
140026 33185 142995
92609 41055 113951
41055 92609 113951
113951 41055 92609
127649 15956 43584
43584 15956 127649
15956 43584 127649
69229 13688 91554
91554 13688 69229
13688 69229 91554
146316 420 138228
138228 420 146316
420 138228 146316
145605 60300 104939
104939 60300 145605
60300 104939 145605
34770 26734 131091
131091 26734 34770
26734 34770 131091
138537 43721 54014
43721 54014 138537
54014 43721 138537
20315 70509 127490
70509 20315 127490
127490 20315 70509
47966 55278 106251
106251 47966 55278
55278 47966 106251
148828 115411 132783
132783 115411 148828
115411 132783 148828
115245 8219 90268
90268 8219 115245
8219 90268 115245
72712 92944 104313
104313 72712 92944
92944 72712 104313
58723 87840 111530
111530 58723 87840
87840 58723 111530
103715 12507 61299
61299 12507 103715
12507 61299 103715
135732 47834 58800
58800 47834 135732
47834 58800 135732
29588 78151 126903
78151 29588 126903
126903 29588 78151
28641 62572 134625
134625 28641 62572
62572 28641 134625
13574 57527 105533
105533 13574 57527
57527 13574 105533
136037 114643 130512
130512 114643 136037
114643 130512 136037
10257 31329 123670
31329 10257 123670
123670 10257 31329
60824 53592 83504
83504 53592 60824
53592 60824 83504
145546 42496 64326
64326 42496 145546
42496 64326 145546
112462 20488 27944
20488 27944 112462
27944 20488 112462
119659 73685 88001
88001 73685 119659
73685 88001 119659
120158 56427 138821
56427 120158 138821
138821 56427 120158
89190 61014 143122
61014 89190 143122
143122 61014 89190
142687 21393 24007
21393 24007 142687
24007 21393 142687
114844 53510 80117
53510 80117 114844
80117 53510 114844
142543 28056 29612
29612 28056 142543
28056 29612 142543
100880 94237 95850
94237 95850 100880
95850 94237 100880
114369 597 130362
597 114369 130362
130362 597 114369
124210 1557 41627
41627 1557 124210
1557 41627 124210
139059 57474 127913
57474 127913 139059
127913 57474 139059
114907 20362 136868
20362 114907 136868
136868 20362 114907
79938 42201 96526
42201 79938 96526
96526 42201 79938
123087 9800 132730
132730 9800 123087
9800 123087 132730
14355 6343 125302
6343 14355 125302
125302 6343 14355
134256 50965 140193
140193 50965 134256
50965 134256 140193
65216 23292 112806
23292 65216 112806
112806 23292 65216
101451 80037 128264
128264 80037 101451
80037 101451 128264
40816 15612 61769
15612 40816 61769
61769 15612 40816
69317 60678 118308
118308 60678 69317
60678 69317 118308
46534 3580 118543
118543 3580 46534
3580 46534 118543
5629 6263 130575
6263 5629 130575
130575 5629 6263
72726 25602 31953
31953 25602 72726
25602 31953 72726
89518 13003 78374
13003 78374 89518
78374 13003 89518
60404 12622 86426
86426 12622 60404
12622 60404 86426
98511 21794 29344
21794 29344 98511
29344 21794 98511
85425 55580 109290
55580 85425 109290
109290 55580 85425
100687 8732 121637
121637 8732 100687
8732 100687 121637
58447 53009 68594
53009 58447 68594
68594 53009 58447
66838 53863 96276
96276 53863 66838
53863 66838 96276
127764 35337 47701
47701 35337 127764
35337 47701 127764
47224 3991 39915
3991 39915 47224
39915 3991 47224
123552 63342 76196
76196 63342 123552
63342 76196 123552
133348 127796 133507
133507 127796 133348
127796 133348 133507
119397 15261 128044
15261 119397 128044
128044 15261 119397
96378 78803 86125
78803 86125 96378
86125 78803 96378
129062 89538 143873
143873 89538 129062
89538 129062 143873
31385 8886 97941
8886 31385 97941
97941 8886 31385
127635 18790 146844
18790 127635 146844
146844 18790 127635
10028 54108 61385
54108 10028 61385
61385 10028 54108
134341 9246 72744
72744 9246 134341
9246 72744 134341
131318 95010 123697
123697 95010 131318
95010 123697 131318
79099 79196 134662
134662 79099 79196
79196 79099 134662
109496 60186 124143
124143 60186 109496
60186 109496 124143
61449 100086 125822
100086 61449 125822
125822 61449 100086
107652 8730 61204
8730 61204 107652
61204 8730 107652
60532 77208 127019
127019 60532 77208
77208 60532 127019
85832 19844 71014
19844 71014 85832
71014 19844 85832
12121 61474 83996
83996 12121 61474
61474 12121 83996
102659 94859 142960
142960 94859 102659
94859 102659 142960
88360 36870 109694
36870 88360 109694
109694 36870 88360
37948 57446 124115
124115 37948 57446
57446 37948 124115
76690 23855 81885
81885 23855 76690
23855 76690 81885
10469 65452 113023
113023 10469 65452
65452 10469 113023
35089 44395 88704
88704 35089 44395
44395 35089 88704
12969 85837 98371
85837 12969 98371
98371 12969 85837
33095 120714 129973
120714 33095 129973
129973 33095 120714
118767 28979 138467
28979 118767 138467
138467 28979 118767
107175 21281 38654
21281 38654 107175
38654 21281 107175
108351 113620 122111
113620 108351 122111
122111 108351 113620
149284 20610 34269
34269 20610 149284
20610 34269 149284
25070 83383 106267
106267 25070 83383
83383 25070 106267
85898 50121 80863
80863 50121 85898
50121 80863 85898
19411 36734 63980
63980 19411 36734
36734 19411 63980
138585 54185 149743
54185 138585 149743
149743 54185 138585
103218 13844 111099
111099 13844 103218
13844 103218 111099
111867 39685 111802
39685 111802 111867
111802 39685 111867
144023 17426 139659
17426 139659 144023
139659 17426 144023
37778 43391 120638
120638 37778 43391
43391 37778 120638
88913 75790 105124
75790 88913 105124
105124 75790 88913
127511 65960 69395
69395 65960 127511
65960 69395 127511
33019 72005 98323
72005 33019 98323
98323 33019 72005
58267 61932 145816
61932 58267 145816
145816 58267 61932
101173 558 56702
56702 558 101173
558 56702 101173
9870 28960 125511
125511 9870 28960
28960 9870 125511
38867 118005 144347
144347 38867 118005
118005 38867 144347
51407 138210 147405
138210 51407 147405
147405 51407 138210
81703 59558 124490
124490 59558 81703
59558 81703 124490
29678 69859 131901
131901 29678 69859
69859 29678 131901
8650 93410 132062
93410 8650 132062
132062 8650 93410
128609 15145 20014
15145 20014 128609
20014 15145 128609
60322 80665 115046
115046 60322 80665
80665 60322 115046
13316 44432 78565
78565 13316 44432
44432 13316 78565
8914 96358 146670
96358 8914 146670
146670 8914 96358
45646 79714 136863
136863 45646 79714
79714 45646 136863
26594 14896 96581
96581 14896 26594
14896 26594 96581
80341 70081 97547
97547 70081 80341
70081 80341 97547
93363 35883 146163
35883 93363 146163
146163 35883 93363
90589 13799 139045
13799 90589 139045
139045 13799 90589
13405 34001 85175
85175 13405 34001
34001 13405 85175
114290 2070 132149
132149 2070 114290
2070 114290 132149
71878 37975 120923
37975 71878 120923
120923 37975 71878
112088 26174 144000
144000 26174 112088
26174 112088 144000
46575 97398 145616
97398 46575 145616
145616 46575 97398
131579 121689 148506
148506 121689 131579
121689 131579 148506
39292 76892 78294
76892 39292 78294
78294 39292 76892
14594 32094 120888
120888 14594 32094
32094 14594 120888
101424 53560 134228
134228 53560 101424
53560 101424 134228
54221 3315 125708
3315 54221 125708
125708 3315 54221
64061 74535 100294
74535 64061 100294
100294 64061 74535
16379 17843 83443
17843 16379 83443
83443 16379 17843
139554 22705 146685
22705 139554 146685
146685 22705 139554
51270 8725 23531
8725 23531 51270
23531 8725 51270
100355 48355 146399
146399 48355 100355
48355 100355 146399
14581 15020 107774
107774 14581 15020
15020 14581 107774
24920 16164 96662
96662 16164 24920
16164 24920 96662
18038 52579 62801
52579 18038 62801
62801 18038 52579
45687 26385 93569
26385 45687 93569
93569 26385 45687
145962 83696 111068
111068 83696 145962
83696 111068 145962
47458 65400 82615
65400 47458 82615
82615 47458 65400
111409 72754 107718
107718 72754 111409
72754 107718 111409
107446 90031 141352
141352 90031 107446
90031 107446 141352
100720 27880 61455
27880 61455 100720
61455 27880 100720
39441 16900 57322
57322 16900 39441
16900 39441 57322
14271 116603 145290
116603 14271 145290
145290 14271 116603
15675 144279 149909
144279 15675 149909
149909 15675 144279
37226 128039 141487
128039 37226 141487
141487 37226 128039
36964 2055 120012
120012 2055 36964
2055 36964 120012
63514 73903 133849
73903 63514 133849
133849 63514 73903
39505 64684 105677
64684 39505 105677
105677 39505 64684
127814 40515 81920
40515 81920 127814
81920 40515 127814
20595 34051 133740
34051 20595 133740
133740 20595 34051
61666 62605 149373
62605 61666 149373
149373 61666 62605
27299 22862 54437
22862 27299 54437
54437 22862 27299
1736 39124 82039
39124 1736 82039
82039 1736 39124
77758 33928 138497
138497 33928 77758
33928 77758 138497
43178 80852 93423
80852 43178 93423
93423 43178 80852
107479 16024 94260
16024 94260 107479
94260 16024 107479
131480 123126 133192
133192 123126 131480
123126 131480 133192
54672 8873 21828
21828 8873 54672
8873 21828 54672
87894 14432 40124
14432 40124 87894
40124 14432 87894
125659 37809 48731
48731 37809 125659
37809 48731 125659
143977 12248 48894
12248 48894 143977
48894 12248 143977
131633 41414 85744
85744 41414 131633
41414 85744 131633
88947 42228 137984
137984 42228 88947
42228 88947 137984
123892 73 102236
102236 73 123892
73 102236 123892
109686 104461 148868
148868 104461 109686
104461 109686 148868
106676 71405 84415
71405 84415 106676
84415 71405 106676
44492 126862 143142
143142 44492 126862
126862 44492 143142
61707 136542 145875
136542 61707 145875
145875 61707 136542
122242 70922 107341
70922 107341 122242
107341 70922 122242
49056 84470 108455
84470 49056 108455
108455 49056 84470
149591 49090 119614
119614 49090 149591
49090 119614 149591
45405 48809 89785
89785 45405 48809
48809 45405 89785
33844 4119 45785
45785 4119 33844
4119 33844 45785
148070 8623 10682
10682 8623 148070
8623 10682 148070
143978 36601 82277
82277 36601 143978
36601 82277 143978
75782 73861 75798
73861 75782 75798
75798 73861 75782
118023 127964 132599
127964 118023 132599
132599 118023 127964
5509 82676 87219
87219 5509 82676
82676 5509 87219
136769 70476 99923
99923 70476 136769
70476 99923 136769
85409 21425 113021
21425 85409 113021
113021 21425 85409
27548 31522 36794
36794 27548 31522
31522 27548 36794
25840 77018 104287
77018 25840 104287
104287 25840 77018
8857 137027 140254
140254 8857 137027
137027 8857 140254
84783 52508 123582
123582 52508 84783
52508 84783 123582
99061 72068 145961
145961 72068 99061
72068 99061 145961
120754 1058 52570
52570 1058 120754
1058 52570 120754
104167 11739 104278
104278 11739 104167
11739 104167 104278
118697 98521 134668
98521 118697 134668
134668 98521 118697
711 5875 116530
5875 711 116530
116530 711 5875
147252 47361 131940
47361 131940 147252
131940 47361 147252
114511 13447 51319
13447 51319 114511
51319 13447 114511
39417 56404 128641
56404 39417 128641
128641 39417 56404
35874 29963 70949
29963 35874 70949
70949 29963 35874
125803 10360 138347
10360 125803 138347
138347 10360 125803
69057 86272 117165
86272 69057 117165
117165 69057 86272
33734 13473 58490
13473 33734 58490
58490 13473 33734
69392 96837 113461
113461 69392 96837
96837 69392 113461
85951 12145 144193
12145 85951 144193
144193 12145 85951
61515 22144 92532
22144 61515 92532
92532 22144 61515
5905 14297 36959
14297 5905 36959
36959 5905 14297
147343 47883 107016
107016 47883 147343
47883 107016 147343
55606 101699 113377
101699 55606 113377
113377 55606 101699
29571 13875 120167
120167 13875 29571
13875 29571 120167
82075 87713 97724
87713 82075 97724
97724 82075 87713
126654 43656 93399
43656 93399 126654
93399 43656 126654
137186 9686 34892
9686 34892 137186
34892 9686 137186
6711 3032 15762
15762 3032 6711
3032 6711 15762
45829 2344 126325
2344 45829 126325
126325 2344 45829
98273 135693 137008
137008 98273 135693
135693 98273 137008
60375 54193 149820
54193 60375 149820
149820 54193 60375
65797 704 101408
704 65797 101408
101408 704 65797
67150 26706 69527
69527 26706 67150
26706 67150 69527
116832 22181 127221
127221 22181 116832
22181 116832 127221
65020 41368 132637
41368 65020 132637
132637 41368 65020
4238 20368 85427
20368 4238 85427
85427 4238 20368
41847 47493 90316
47493 41847 90316
90316 41847 47493
22138 115167 127338
115167 22138 127338
127338 22138 115167
29241 733 34447
34447 733 29241
733 29241 34447
27988 34698 77896
77896 27988 34698
34698 27988 77896
59260 83461 91597
83461 59260 91597
91597 59260 83461
36137 42445 73233
42445 36137 73233
73233 36137 42445
38850 10612 95555
10612 38850 95555
95555 10612 38850
106645 89542 89730
89730 89542 106645
89542 89730 106645
135410 41243 119810
119810 41243 135410
41243 119810 135410
83329 62150 116981
116981 62150 83329
62150 83329 116981
50523 12396 48607
48607 12396 50523
12396 48607 50523
114093 27269 106881
106881 27269 114093
27269 106881 114093
111552 72024 106442
106442 72024 111552
72024 106442 111552
4729 52211 115391
115391 4729 52211
52211 4729 115391
147897 67824 98641
98641 67824 147897
67824 98641 147897
43471 77926 122786
77926 43471 122786
122786 43471 77926
149329 80006 131741
80006 131741 149329
131741 80006 149329
18642 37389 108818
37389 18642 108818
108818 18642 37389
20198 14956 91619
91619 14956 20198
14956 20198 91619
136204 28843 29990
29990 28843 136204
28843 29990 136204
23839 44708 149025
44708 23839 149025
149025 23839 44708
146050 14744 145904
14744 145904 146050
145904 14744 146050
40190 41987 50029
50029 40190 41987
41987 40190 50029
42731 21807 72722
21807 42731 72722
72722 21807 42731
8433 8797 133669
133669 8433 8797
8797 8433 133669
141206 107684 130545
130545 107684 141206
107684 130545 141206
34819 41225 85723
41225 34819 85723
85723 34819 41225
147298 6489 93602
6489 93602 147298
93602 6489 147298
139973 67135 104217
104217 67135 139973
67135 104217 139973
77785 100386 119951
119951 77785 100386
100386 77785 119951
70791 93575 118838
93575 70791 118838
118838 70791 93575
26428 38109 78318
78318 26428 38109
38109 26428 78318
102447 4269 122936
4269 102447 122936
122936 4269 102447
96964 40181 42896
42896 40181 96964
40181 42896 96964
33842 45652 52131
45652 33842 52131
52131 33842 45652
93166 6461 30125
30125 6461 93166
6461 30125 93166
39168 78378 146058
78378 39168 146058
146058 39168 78378
20996 4855 144609
144609 4855 20996
4855 20996 144609
65454 95171 121070
121070 65454 95171
95171 65454 121070
116168 12280 83970
83970 12280 116168
12280 83970 116168
132241 34429 127595
34429 127595 132241
127595 34429 132241
111124 55111 88782
88782 55111 111124
55111 88782 111124
44793 24578 90587
24578 44793 90587
90587 24578 44793
21238 22524 23030
22524 21238 23030
23030 21238 22524
142651 3682 7760
3682 7760 142651
7760 3682 142651
35448 94792 96312
96312 35448 94792
94792 35448 96312
84501 80604 94745
94745 80604 84501
80604 84501 94745
133002 75883 127771
127771 75883 133002
75883 127771 133002
10540 24571 140222
24571 10540 140222
140222 10540 24571
29261 66506 144816
144816 29261 66506
66506 29261 144816
41442 14588 97492
14588 41442 97492
97492 14588 41442
55698 53438 103885
103885 53438 55698
53438 55698 103885
130847 73330 142977
142977 73330 130847
73330 130847 142977
92997 65697 125953
125953 65697 92997
65697 92997 125953
106967 20242 30523
30523 20242 106967
20242 30523 106967
75643 83500 127866
83500 75643 127866
127866 75643 83500
61957 97089 126044
97089 61957 126044
126044 61957 97089
30188 62907 114512
114512 30188 62907
62907 30188 114512
128001 1429 78435
1429 78435 128001
78435 1429 128001
132968 59602 145465
145465 59602 132968
59602 132968 145465
62704 21772 134495
134495 21772 62704
21772 62704 134495
90462 61157 104802
61157 90462 104802
104802 61157 90462
147408 2735 115435
2735 115435 147408
115435 2735 147408
76439 33203 96690
96690 33203 76439
33203 76439 96690
115657 42175 117531
117531 42175 115657
42175 115657 117531
142323 26649 85488
85488 26649 142323
26649 85488 142323
72705 23561 63914
63914 23561 72705
23561 63914 72705
2602 53467 149709
149709 2602 53467
53467 2602 149709
88073 84896 148802
148802 84896 88073
84896 88073 148802
99802 24294 73970
73970 24294 99802
24294 73970 99802
52090 28657 37642
28657 37642 52090
37642 28657 52090
66005 11989 50590
50590 11989 66005
11989 50590 66005
50791 54973 87380
54973 50791 87380
87380 50791 54973
119668 17858 33827
33827 17858 119668
17858 33827 119668
110181 4309 117941
4309 110181 117941
117941 4309 110181
84720 103567 117508
103567 84720 117508
117508 84720 103567
28793 36942 145690
145690 28793 36942
36942 28793 145690
137556 125860 137433
125860 137433 137556
137433 125860 137556
59999 28533 119167
119167 28533 59999
28533 59999 119167
114694 125046 126644
126644 114694 125046
125046 114694 126644
123912 34877 68089
34877 68089 123912
68089 34877 123912
28866 70829 90156
90156 28866 70829
70829 28866 90156
34774 123754 128327
123754 34774 128327
128327 34774 123754
88244 11416 144082
144082 11416 88244
11416 88244 144082
134181 62514 137478
62514 134181 137478
137478 62514 134181
3516 37341 86383
86383 3516 37341
37341 3516 86383
14040 46754 82213
82213 14040 46754
46754 14040 82213
