32901 32879 134690
32879 32901 134690
134690 32879 32901
78005 74709 141513
74709 78005 141513
141513 74709 78005
68607 56168 144612
144612 56168 68607
56168 68607 144612
39790 15739 75660
15739 39790 75660
75660 15739 39790
1153 19172 112031
19172 1153 112031
112031 1153 19172
16678 23658 108946
23658 16678 108946
108946 16678 23658
38419 23788 58024
58024 23788 38419
23788 38419 58024
136186 18749 65243
18749 65243 136186
65243 18749 136186
123338 1563 22022
22022 1563 123338
1563 22022 123338
54212 3601 84093
3601 54212 84093
84093 3601 54212
106291 32999 101153
32999 101153 106291
101153 32999 106291
94886 27452 88510
88510 27452 94886
27452 88510 94886
38489 58092 139947
139947 38489 58092
58092 38489 139947
26375 15830 126760
126760 15830 26375
15830 26375 126760
70200 56775 59293
59293 56775 70200
56775 59293 70200
18966 24112 92941
92941 18966 24112
24112 18966 92941
32409 70748 135675
70748 32409 135675
135675 32409 70748
79531 26184 34265
34265 26184 79531
26184 34265 79531
136757 90696 121527
90696 121527 136757
121527 90696 136757
682 63705 98758
63705 682 98758
98758 682 63705
86392 27741 126584
126584 27741 86392
27741 86392 126584
106352 124448 132170
124448 106352 132170
132170 106352 124448
86506 8983 43862
8983 43862 86506
43862 8983 86506
143660 56601 73406
56601 73406 143660
73406 56601 143660
40890 131218 149185
131218 40890 149185
149185 40890 131218
45283 27644 125880
125880 27644 45283
27644 45283 125880
89097 85137 145892
145892 85137 89097
85137 89097 145892
42168 53787 145511
145511 42168 53787
53787 42168 145511
145582 10757 25627
10757 25627 145582
25627 10757 145582
39289 52540 120189
120189 39289 52540
52540 39289 120189
60376 95972 106741
106741 60376 95972
95972 60376 106741
71932 60947 74570
60947 71932 74570
74570 60947 71932
131307 40433 65856
65856 40433 131307
40433 65856 131307
59873 109204 142970
142970 59873 109204
109204 59873 142970
137248 107569 140578
140578 107569 137248
107569 137248 140578
118772 130230 147976
130230 118772 147976
147976 118772 130230
118710 44658 76919
76919 44658 118710
44658 76919 118710
103377 12732 38985
38985 12732 103377
12732 38985 103377
6903 68474 125975
125975 6903 68474
68474 6903 125975
117188 70449 109601
109601 70449 117188
70449 109601 117188
130547 91909 101815
91909 101815 130547
101815 91909 130547
108774 65294 91483
91483 65294 108774
65294 91483 108774
39792 35786 115564
115564 35786 39792
35786 39792 115564
115914 57019 71257
71257 57019 115914
57019 71257 115914
68085 42049 109850
109850 42049 68085
42049 68085 109850
48778 1529 31824
31824 1529 48778
1529 31824 48778
112466 5165 29942
5165 29942 112466
29942 5165 112466
52059 60147 81481
81481 52059 60147
60147 52059 81481
96168 69914 85200
69914 85200 96168
85200 69914 96168
113769 22715 89714
22715 89714 113769
89714 22715 113769
41531 27019 135361
27019 41531 135361
135361 27019 41531
34639 4107 47824
4107 34639 47824
47824 4107 34639
43857 48463 93130
93130 43857 48463
48463 43857 93130
136899 82723 115686
115686 82723 136899
82723 115686 136899
92842 63806 99583
99583 63806 92842
63806 92842 99583
140026 61708 140966
140966 61708 140026
61708 140026 140966
78045 7716 109902
109902 7716 78045
7716 78045 109902
89461 93362 132487
132487 89461 93362
93362 89461 132487
63597 5213 119653
119653 5213 63597
5213 63597 119653
55685 46607 53425
53425 46607 55685
46607 53425 55685
84967 8307 101096
101096 8307 84967
8307 84967 101096
51768 8084 84683
84683 8084 51768
8084 51768 84683
97782 7550 22204
22204 7550 97782
7550 22204 97782
33442 91319 110030
91319 33442 110030
110030 33442 91319
145798 41328 132017
132017 41328 145798
41328 132017 145798
43297 35763 43021
35763 43021 43297
43021 35763 43297
123897 45420 46200
46200 45420 123897
45420 46200 123897
135018 31996 75247
75247 31996 135018
31996 75247 135018
18119 12221 109774
109774 12221 18119
12221 18119 109774
116837 102381 106676
106676 102381 116837
102381 106676 116837
5468 19337 76408
76408 5468 19337
19337 5468 76408
36993 2606 61589
61589 2606 36993
2606 36993 61589
15081 53486 136439
53486 15081 136439
136439 15081 53486
39026 23811 104182
23811 39026 104182
104182 23811 39026
96995 73854 134347
73854 96995 134347
134347 73854 96995
143367 10055 76751
10055 76751 143367
76751 10055 143367
101906 30296 62019
62019 30296 101906
30296 62019 101906
103888 81908 94407
94407 81908 103888
81908 94407 103888
89360 29780 52001
52001 29780 89360
29780 52001 89360
133353 118278 145156
118278 133353 145156
145156 118278 133353
70923 15427 80097
80097 15427 70923
15427 70923 80097
53887 7511 31740
31740 7511 53887
7511 31740 53887
96679 40625 82189
82189 40625 96679
40625 82189 96679
79092 11279 127063
11279 79092 127063
127063 11279 79092
85507 9551 43594
9551 43594 85507
43594 9551 85507
93455 23756 119627
23756 93455 119627
119627 23756 93455
99669 16163 79457
16163 79457 99669
79457 16163 99669
131342 25487 109086
25487 109086 131342
109086 25487 131342
70174 97979 108534
108534 70174 97979
97979 70174 108534
69804 17023 54108
17023 54108 69804
54108 17023 69804
36294 29506 30583
30583 29506 36294
29506 30583 36294
53031 38178 109092
109092 38178 53031
38178 53031 109092
116507 83028 85933
85933 83028 116507
83028 85933 116507
51186 105183 127806
127806 51186 105183
105183 51186 127806
122600 11994 78844
11994 78844 122600
78844 11994 122600
13221 1816 83148
83148 1816 13221
1816 13221 83148
20299 71751 79284
79284 20299 71751
71751 20299 79284
96700 5148 28389
5148 28389 96700
28389 5148 96700
55842 135513 142358
142358 55842 135513
135513 55842 142358
114517 53692 80861
53692 80861 114517
80861 53692 114517
6084 3840 25824
3840 6084 25824
25824 3840 6084
97459 46785 68567
68567 46785 97459
46785 68567 97459
53834 29616 144394
144394 29616 53834
29616 53834 144394
38966 1640 14970
14970 1640 38966
1640 14970 38966
9146 58131 132845
58131 9146 132845
132845 9146 58131
16319 39114 128965
128965 16319 39114
39114 16319 128965
36730 107912 122299
107912 36730 122299
122299 36730 107912
135707 85816 95828
95828 85816 135707
85816 95828 135707
23518 113974 121010
113974 23518 121010
121010 23518 113974
14131 13595 86809
13595 14131 86809
86809 13595 14131
144047 83547 100537
100537 83547 144047
83547 100537 144047
70336 11403 128610
11403 70336 128610
128610 11403 70336
125439 92139 121610
121610 92139 125439
92139 121610 125439
147937 133890 142814
142814 133890 147937
133890 142814 147937
114255 118325 121880
121880 114255 118325
118325 114255 121880
93374 86889 117735
86889 93374 117735
117735 86889 93374
92253 12149 87879
12149 87879 92253
87879 12149 92253
24756 92489 116632
116632 24756 92489
92489 24756 116632
115612 56745 61334
61334 56745 115612
56745 61334 115612
3797 21840 28545
28545 3797 21840
21840 3797 28545
103215 145 118727
145 103215 118727
118727 145 103215
112399 51660 124457
51660 112399 124457
124457 51660 112399
41803 32039 41360
32039 41360 41803
41360 32039 41803
137575 48149 120905
48149 120905 137575
120905 48149 137575
145873 27334 66493
27334 66493 145873
66493 27334 145873
142782 91939 100406
100406 91939 142782
91939 100406 142782
105411 67758 139400
67758 105411 139400
139400 67758 105411
48169 79078 106120
106120 48169 79078
79078 48169 106120
2215 16328 103490
103490 2215 16328
16328 2215 103490
61712 6910 11562
11562 6910 61712
6910 11562 61712
33617 15115 91486
15115 33617 91486
91486 15115 33617
72057 52207 80189
52207 72057 80189
80189 52207 72057
51982 107943 117338
117338 51982 107943
107943 51982 117338
64269 85959 121591
85959 64269 121591
121591 64269 85959
38734 18974 62188
62188 18974 38734
18974 38734 62188
78115 31537 73903
73903 31537 78115
31537 73903 78115
13280 45989 131561
131561 13280 45989
45989 13280 131561
75055 3653 135576
135576 3653 75055
3653 75055 135576
74756 3624 8260
8260 3624 74756
3624 8260 74756
113941 16674 74740
16674 74740 113941
74740 16674 113941
86208 13070 132922
13070 86208 132922
132922 13070 86208
125851 11443 87222
87222 11443 125851
11443 87222 125851
19197 15343 48254
15343 19197 48254
48254 15343 19197
100195 8076 111636
8076 100195 111636
111636 8076 100195
48971 75139 120101
120101 48971 75139
75139 48971 120101
120170 70273 88507
88507 70273 120170
70273 88507 120170
117610 41212 65213
41212 65213 117610
65213 41212 117610
23023 10267 129366
10267 23023 129366
129366 10267 23023
39804 122887 134846
134846 39804 122887
122887 39804 134846
128425 24550 39938
39938 24550 128425
24550 39938 128425
138780 23080 47767
23080 47767 138780
47767 23080 138780
94316 57490 99632
99632 57490 94316
57490 94316 99632
130214 30876 37420
30876 37420 130214
37420 30876 130214
76867 142215 142562
142562 76867 142215
142215 76867 142562
28217 65646 133438
65646 28217 133438
133438 28217 65646
101450 62178 138209
138209 62178 101450
62178 101450 138209
3741 4033 40881
4033 3741 40881
40881 3741 4033
73564 41629 140888
140888 41629 73564
41629 73564 140888
26434 19489 96308
19489 26434 96308
96308 19489 26434
119202 37361 124661
124661 37361 119202
37361 119202 124661
133380 62273 83168
83168 62273 133380
62273 83168 133380
39372 77149 138364
138364 39372 77149
77149 39372 138364
66058 33905 142293
33905 66058 142293
142293 33905 66058
28797 49987 126538
49987 28797 126538
126538 28797 49987
136746 37844 130868
130868 37844 136746
37844 130868 136746
80020 88246 113976
88246 80020 113976
113976 80020 88246
104993 27595 105770
105770 27595 104993
27595 104993 105770
114412 124394 125359
124394 114412 125359
125359 114412 124394
145557 23200 131496
23200 131496 145557
131496 23200 145557
20715 3417 31331
3417 20715 31331
31331 3417 20715
43404 80970 94190
94190 43404 80970
80970 43404 94190
63702 69908 84043
84043 63702 69908
69908 63702 84043
80284 126193 128598
126193 80284 128598
128598 80284 126193
58892 23962 123495
123495 23962 58892
23962 58892 123495
50524 23758 141507
141507 23758 50524
23758 50524 141507
107158 6345 41013
41013 6345 107158
6345 41013 107158
66295 7054 113348
113348 7054 66295
7054 66295 113348
137108 9593 140535
9593 137108 140535
140535 9593 137108
47313 111790 114008
114008 47313 111790
111790 47313 114008
26049 30578 37160
37160 26049 30578
30578 26049 37160
96956 6117 100539
6117 96956 100539
100539 6117 96956
134567 32641 146916
146916 32641 134567
32641 134567 146916
110389 64546 87055
64546 87055 110389
87055 64546 110389
84696 78024 95742
95742 78024 84696
78024 84696 95742
62864 107891 135533
135533 62864 107891
107891 62864 135533
112479 81069 136363
81069 112479 136363
136363 81069 112479
140012 8296 90545
8296 90545 140012
90545 8296 140012
92892 104970 110845
110845 92892 104970
104970 92892 110845
81684 12347 115229
12347 81684 115229
115229 12347 81684
125080 764 102162
764 102162 125080
102162 764 125080
81915 50447 112318
50447 81915 112318
112318 50447 81915
71453 25281 86133
25281 71453 86133
86133 25281 71453
5044 42976 89273
42976 5044 89273
89273 5044 42976
100422 6266 45483
6266 45483 100422
45483 6266 100422
75680 119245 125556
119245 75680 125556
125556 75680 119245
127833 27063 78723
78723 27063 127833
27063 78723 127833
97942 37534 141531
37534 97942 141531
141531 37534 97942
130874 64136 128355
128355 64136 130874
64136 128355 130874
8295 27399 27665
27399 8295 27665
27665 8295 27399
38919 34273 109361
109361 34273 38919
34273 38919 109361
126945 58077 81266
58077 81266 126945
81266 58077 126945
43465 81938 85961
81938 43465 85961
85961 43465 81938
127302 25094 83669
25094 83669 127302
83669 25094 127302
93863 8528 106132
8528 93863 106132
106132 8528 93863
59113 127417 134794
127417 59113 134794
134794 59113 127417
37328 86620 114518
86620 37328 114518
114518 37328 86620
65405 19477 142233
142233 19477 65405
19477 65405 142233
24366 98147 139004
98147 24366 139004
139004 24366 98147
136255 88714 101919
101919 88714 136255
88714 101919 136255
80765 34939 141145
141145 34939 80765
34939 80765 141145
109851 80329 123459
80329 109851 123459
123459 80329 109851
76052 42416 73792
73792 42416 76052
42416 73792 76052
121362 94974 135550
135550 94974 121362
94974 121362 135550
87612 14409 43820
14409 43820 87612
43820 14409 87612
68256 33476 92693
92693 33476 68256
33476 68256 92693
109195 122207 134738
122207 109195 134738
134738 109195 122207
1993 52939 90115
90115 1993 52939
52939 1993 90115
16408 31833 124537
124537 16408 31833
31833 16408 124537
115185 106873 144322
106873 115185 144322
144322 106873 115185
77809 53127 126164
126164 53127 77809
53127 77809 126164
93886 24857 146036
24857 93886 146036
146036 24857 93886
90922 74320 135086
74320 90922 135086
135086 74320 90922
130188 68045 140594
68045 130188 140594
140594 68045 130188
39864 67804 132614
132614 39864 67804
67804 39864 132614
74610 37825 106517
37825 74610 106517
106517 37825 74610
91331 73354 75014
75014 73354 91331
73354 75014 91331
44640 23169 46621
23169 44640 46621
46621 23169 44640
26649 48756 104059
104059 26649 48756
48756 26649 104059
41438 121690 144015
144015 41438 121690
121690 41438 144015
45103 32150 55421
55421 32150 45103
32150 45103 55421
124493 79477 141387
141387 79477 124493
79477 124493 141387
37815 11905 84851
84851 11905 37815
11905 37815 84851
131098 18105 76803
76803 18105 131098
18105 76803 131098
118815 41015 134991
134991 41015 118815
41015 118815 134991
10024 26095 117355
26095 10024 117355
117355 10024 26095
145594 19602 20550
19602 20550 145594
20550 19602 145594
39934 36173 90587
36173 39934 90587
90587 36173 39934
137858 81076 123288
81076 123288 137858
123288 81076 137858
121597 40415 45085
40415 45085 121597
45085 40415 121597
79247 98870 134146
98870 79247 134146
134146 79247 98870
42236 72142 77055
77055 42236 72142
72142 42236 77055
5428 52869 148272
52869 5428 148272
148272 5428 52869
20013 41020 96872
41020 20013 96872
96872 20013 41020
61198 36601 73280
73280 36601 61198
36601 61198 73280
44836 46801 99305
46801 44836 99305
99305 44836 46801
97291 1142 29705
29705 1142 97291
1142 29705 97291
6659 18163 45325
45325 6659 18163
18163 6659 45325
52520 30346 81081
30346 52520 81081
81081 30346 52520
134488 61224 139161
139161 61224 134488
61224 134488 139161
80892 55441 69964
55441 69964 80892
69964 55441 80892
18661 19907 28543
28543 18661 19907
19907 18661 28543
70533 32420 36394
32420 36394 70533
36394 32420 70533
75239 78560 102470
78560 75239 102470
102470 75239 78560
133153 36101 44460
44460 36101 133153
36101 44460 133153
108587 25237 29466
25237 29466 108587
29466 25237 108587
78061 62047 124185
124185 62047 78061
62047 78061 124185
22062 92238 99251
92238 22062 99251
99251 22062 92238
132076 54781 128170
54781 128170 132076
128170 54781 132076
35122 34437 50290
34437 35122 50290
50290 34437 35122
11932 97457 121528
97457 11932 121528
121528 11932 97457
112100 9385 111715
111715 9385 112100
9385 111715 112100
63825 13565 145445
145445 13565 63825
13565 63825 145445
54548 26081 81649
26081 54548 81649
81649 26081 54548
9997 100831 109656
109656 9997 100831
100831 9997 109656
51706 69029 131985
131985 51706 69029
69029 51706 131985
117790 88873 132255
132255 88873 117790
88873 117790 132255
84455 84010 133842
84010 84455 133842
133842 84010 84455
57379 8990 25431
8990 25431 57379
25431 8990 57379
103063 118052 125522
125522 103063 118052
118052 103063 125522
11464 14341 27297
14341 11464 27297
27297 11464 14341
98309 75121 148879
75121 98309 148879
148879 75121 98309
121602 139045 143909
139045 121602 143909
143909 121602 139045
44126 415 147427
147427 415 44126
415 44126 147427
77880 18641 110141
110141 18641 77880
18641 77880 110141
3244 4724 29581
29581 3244 4724
4724 3244 29581
103801 132701 140079
140079 103801 132701
132701 103801 140079
68561 34600 96965
34600 68561 96965
96965 34600 68561
69632 34734 101060
34734 69632 101060
101060 34734 69632
81295 123281 142301
142301 81295 123281
123281 81295 142301
133246 118763 133202
118763 133202 133246
133202 118763 133246
149233 84062 108326
108326 84062 149233
84062 108326 149233
83187 70079 124452
124452 70079 83187
70079 83187 124452
42179 45804 69789
45804 42179 69789
69789 42179 45804
77025 62695 135961
135961 62695 77025
62695 77025 135961
90626 58848 65326
65326 58848 90626
58848 65326 90626
75799 42878 108055
42878 75799 108055
108055 42878 75799
78300 57820 131162
57820 78300 131162
131162 57820 78300
131213 32667 50898
50898 32667 131213
32667 50898 131213
85028 2464 67339
2464 67339 85028
67339 2464 85028
83118 126382 147730
126382 83118 147730
147730 83118 126382
28790 7039 104790
104790 7039 28790
7039 28790 104790
70805 79792 120660
120660 70805 79792
79792 70805 120660
55878 45208 123105
123105 45208 55878
45208 55878 123105
63753 51626 142291
142291 51626 63753
51626 63753 142291
147703 15532 107911
107911 15532 147703
15532 107911 147703
54341 61241 128834
61241 54341 128834
128834 54341 61241
104784 94724 132819
132819 94724 104784
94724 104784 132819
65489 1126 68910
1126 65489 68910
68910 1126 65489
23815 10942 62134
62134 10942 23815
10942 23815 62134
130241 2478 144484
2478 130241 144484
144484 2478 130241
2443 60570 73942
60570 2443 73942
73942 2443 60570
27993 63284 101920
101920 27993 63284
63284 27993 101920
4381 2006 127830
2006 4381 127830
127830 2006 4381
7291 21189 33173
21189 7291 33173
33173 7291 21189
113474 55065 121749
121749 55065 113474
55065 113474 121749
98834 23122 95271
23122 95271 98834
95271 23122 98834
74522 5778 96448
5778 74522 96448
96448 5778 74522
136549 36436 120099
120099 36436 136549
36436 120099 136549
14191 92803 146206
146206 14191 92803
92803 14191 146206
36480 6501 128541
128541 6501 36480
6501 36480 128541
112638 108291 131534
108291 112638 131534
131534 108291 112638
42102 31506 47912
31506 42102 47912
47912 31506 42102
44191 86326 92343
92343 44191 86326
86326 44191 92343
38071 104146 139488
104146 38071 139488
139488 38071 104146
74551 86224 93657
93657 74551 86224
86224 74551 93657
128362 60991 88632
88632 60991 128362
60991 88632 128362
61145 18136 66452
18136 61145 66452
66452 18136 61145
65832 14862 147400
14862 65832 147400
147400 14862 65832
34337 81050 127085
127085 34337 81050
81050 34337 127085
37301 33076 67532
33076 37301 67532
67532 33076 37301
88922 1233 14127
14127 1233 88922
1233 14127 88922
54284 122621 135273
122621 54284 135273
135273 54284 122621
77375 26875 121531
121531 26875 77375
26875 77375 121531
23007 33817 58136
33817 23007 58136
58136 23007 33817
76606 64773 143311
64773 76606 143311
143311 64773 76606
146391 116224 120980
116224 120980 146391
120980 116224 146391
107570 27780 94344
94344 27780 107570
27780 94344 107570
96335 94831 132622
94831 96335 132622
132622 94831 96335
115500 101897 136619
136619 101897 115500
101897 115500 136619
86996 24479 87963
87963 24479 86996
24479 86996 87963
47791 47417 50536
50536 47417 47791
47417 47791 50536
62591 40075 87767
87767 40075 62591
40075 62591 87767
88816 87472 129556
87472 88816 129556
129556 87472 88816
108076 32990 80388
32990 80388 108076
80388 32990 108076
88942 49165 91714
91714 49165 88942
49165 88942 91714
99434 3600 22829
22829 3600 99434
3600 22829 99434
96719 41075 80002
80002 41075 96719
41075 80002 96719
6293 66802 126866
126866 6293 66802
66802 6293 126866
20921 15066 80183
15066 20921 80183
80183 15066 20921
124323 46562 96590
46562 96590 124323
96590 46562 124323
147234 49892 81482
81482 49892 147234
49892 81482 147234
70248 53656 72368
53656 70248 72368
72368 53656 70248
102534 106817 124724
106817 102534 124724
124724 102534 106817
129403 49981 141418
141418 49981 129403
49981 129403 141418
128878 90127 125825
90127 125825 128878
125825 90127 128878
62969 6404 107179
6404 62969 107179
107179 6404 62969
86017 72569 142049
72569 86017 142049
142049 72569 86017
47871 25737 84131
25737 47871 84131
84131 25737 47871
13267 34583 91307
34583 13267 91307
91307 13267 34583
646 15846 23431
23431 646 15846
15846 646 23431
11297 4613 17615
4613 11297 17615
17615 4613 11297
21499 28358 137605
28358 21499 137605
137605 21499 28358
4380 10291 112221
10291 4380 112221
112221 4380 10291
120246 55788 102371
102371 55788 120246
55788 102371 120246
59823 67141 83222
83222 59823 67141
67141 59823 83222
96450 63646 70662
70662 63646 96450
63646 70662 96450
5546 34736 62334
34736 5546 62334
62334 5546 34736
13932 21620 68693
21620 13932 68693
68693 13932 21620
136014 82128 148111
148111 82128 136014
82128 136014 148111
61311 99135 132005
99135 61311 132005
132005 61311 99135
97948 49448 74687
74687 49448 97948
49448 74687 97948
143658 78641 100956
78641 100956 143658
100956 78641 143658
787 3608 31276
31276 787 3608
3608 787 31276
142310 45163 146836
146836 45163 142310
45163 142310 146836
74063 23289 121791
121791 23289 74063
23289 74063 121791
68305 63624 133998
133998 63624 68305
63624 68305 133998
9771 28554 148473
148473 9771 28554
28554 9771 148473
93168 54310 142929
142929 54310 93168
54310 93168 142929
11473 18143 109526
18143 11473 109526
109526 11473 18143
23735 44872 130958
130958 23735 44872
44872 23735 130958
127193 71140 125100
125100 71140 127193
71140 125100 127193
62806 85927 115938
85927 62806 115938
115938 62806 85927
106861 66670 93869
66670 93869 106861
93869 66670 106861
13432 57897 81628
57897 13432 81628
81628 13432 57897
44389 64222 135726
135726 44389 64222
64222 44389 135726
142963 85920 128322
85920 128322 142963
128322 85920 142963
14798 46421 142483
46421 14798 142483
142483 14798 46421
48428 98853 144236
144236 48428 98853
98853 48428 144236
33135 35000 49492
49492 33135 35000
35000 33135 49492
53191 56379 62961
56379 53191 62961
62961 53191 56379
112519 83656 132379
132379 83656 112519
83656 112519 132379
4094 17750 68302
17750 4094 68302
68302 4094 17750
10427 76814 129034
129034 10427 76814
76814 10427 129034
6396 12351 59857
59857 6396 12351
12351 6396 59857
78272 20050 75700
75700 20050 78272
20050 75700 78272
99189 85871 86883
85871 86883 99189
86883 85871 99189
54307 40420 144574
144574 40420 54307
40420 54307 144574
42744 141845 147004
147004 42744 141845
141845 42744 147004
134197 110061 130646
110061 130646 134197
130646 110061 134197
95378 102258 140005
140005 95378 102258
102258 95378 140005
86131 31098 65653
65653 31098 86131
31098 65653 86131
141828 12680 118982
118982 12680 141828
12680 118982 141828
140465 133074 148334
148334 133074 140465
133074 140465 148334
15290 93539 134756
134756 15290 93539
93539 15290 134756
136122 61187 120496
61187 120496 136122
120496 61187 136122
18100 45605 140158
140158 18100 45605
45605 18100 140158
18515 120506 147145
120506 18515 147145
147145 18515 120506
97986 32476 115197
115197 32476 97986
32476 97986 115197
6738 25800 74157
25800 6738 74157
74157 6738 25800
52412 39262 123023
123023 39262 52412
39262 52412 123023
39829 116459 126314
116459 39829 126314
126314 39829 116459
134313 115574 128984
115574 128984 134313
128984 115574 134313
3263 18980 110939
18980 3263 110939
110939 3263 18980
38741 10656 95501
95501 10656 38741
10656 38741 95501
38864 33648 114188
114188 33648 38864
33648 38864 114188
103873 32141 147739
147739 32141 103873
32141 103873 147739
49056 59119 125531
125531 49056 59119
59119 49056 125531
117616 50513 72003
50513 72003 117616
72003 50513 117616
50195 27362 109777
109777 27362 50195
27362 50195 109777
98785 54189 147088
147088 54189 98785
54189 98785 147088
115689 11744 90342
11744 90342 115689
90342 11744 115689
74345 75140 121254
121254 74345 75140
75140 74345 121254
116000 10448 129701
10448 116000 129701
129701 10448 116000
74056 46129 60841
46129 60841 74056
60841 46129 74056
79410 28763 89596
89596 28763 79410
28763 79410 89596
104499 87212 92356
87212 92356 104499
92356 87212 104499
121439 32785 66215
66215 32785 121439
32785 66215 121439
29654 81080 143505
81080 29654 143505
143505 29654 81080
119961 1027 62642
62642 1027 119961
1027 62642 119961
111638 114236 115144
115144 111638 114236
114236 111638 115144
140485 124214 143247
143247 124214 140485
124214 140485 143247
128367 27338 120188
120188 27338 128367
27338 120188 128367
142035 31125 117190
31125 117190 142035
117190 31125 142035
6929 69145 76634
76634 6929 69145
69145 6929 76634
33633 40182 108421
40182 33633 108421
108421 33633 40182
107935 16828 21138
16828 21138 107935
21138 16828 107935
112568 42441 49203
49203 42441 112568
42441 49203 112568
65767 10814 87038
87038 10814 65767
10814 65767 87038
62292 2642 53248
2642 53248 62292
53248 2642 62292
61843 10808 26158
10808 26158 61843
26158 10808 61843
28262 25743 109670
109670 25743 28262
25743 28262 109670
79418 118635 130647
118635 79418 130647
130647 79418 118635
92434 14784 20815
20815 14784 92434
14784 20815 92434
96445 64218 73806
64218 73806 96445
73806 64218 96445
138367 56980 137140
137140 56980 138367
56980 137140 138367
96641 93517 129511
129511 93517 96641
93517 96641 129511
44584 4761 27072
4761 27072 44584
27072 4761 44584
107847 51617 134302
51617 107847 134302
134302 51617 107847
50299 26913 80551
80551 26913 50299
26913 50299 80551
103766 60408 73614
60408 73614 103766
73614 60408 103766
80582 54316 61452
54316 61452 80582
61452 54316 80582
110109 11645 63088
11645 63088 110109
63088 11645 110109
94573 72433 136807
136807 72433 94573
72433 94573 136807
106199 6311 55576
55576 6311 106199
6311 55576 106199
34765 5614 52614
52614 5614 34765
5614 34765 52614
32252 11026 41795
11026 32252 41795
41795 11026 32252
59994 112877 114662
112877 59994 114662
114662 59994 112877
143563 15836 45287
45287 15836 143563
15836 45287 143563
113064 3593 93919
93919 3593 113064
3593 93919 113064
52215 3763 80323
3763 52215 80323
80323 3763 52215
95199 28900 94564
94564 28900 95199
28900 94564 95199
48547 67359 86581
86581 48547 67359
67359 48547 86581
42893 42161 74079
74079 42161 42893
42161 42893 74079
33936 26195 54771
26195 33936 54771
54771 26195 33936
131711 64623 129405
129405 64623 131711
64623 129405 131711
116160 65363 123374
123374 65363 116160
65363 116160 123374
148948 43837 106604
43837 106604 148948
106604 43837 148948
117243 27386 42410
27386 42410 117243
42410 27386 117243
89638 9623 26368
9623 26368 89638
26368 9623 89638
67864 134802 135333
135333 67864 134802
134802 67864 135333
67005 47737 99511
47737 67005 99511
99511 47737 67005
66175 126566 138513
138513 66175 126566
126566 66175 138513
125027 10228 107016
107016 10228 125027
10228 107016 125027
104381 10998 43590
43590 10998 104381
10998 43590 104381
83913 82698 147772
147772 82698 83913
82698 83913 147772
2351 56298 89809
56298 2351 89809
89809 2351 56298
141169 22478 93026
93026 22478 141169
22478 93026 141169
120590 14748 133762
133762 14748 120590
14748 120590 133762
124919 58222 98636
98636 58222 124919
58222 98636 124919
109877 4698 20421
20421 4698 109877
4698 20421 109877
72501 90379 123059
123059 72501 90379
90379 72501 123059
80475 46439 116798
116798 46439 80475
46439 80475 116798
75710 74262 125434
125434 74262 75710
74262 75710 125434
7641 100198 126680
126680 7641 100198
100198 7641 126680
19465 79523 116704
79523 19465 116704
116704 19465 79523
35868 94437 140850
140850 35868 94437
94437 35868 140850
56824 26768 95980
95980 26768 56824
26768 56824 95980
15219 29635 42757
29635 15219 42757
42757 15219 29635
96654 75927 91193
91193 75927 96654
75927 91193 96654
140799 79691 125385
79691 125385 140799
125385 79691 140799
34082 9812 63364
9812 34082 63364
63364 9812 34082
108956 60731 90816
90816 60731 108956
60731 90816 108956
98522 42715 77305
42715 77305 98522
77305 42715 98522
11007 21903 40557
21903 11007 40557
40557 11007 21903
47497 52605 102975
102975 47497 52605
52605 47497 102975
138376 119666 136860
119666 136860 138376
136860 119666 138376
6600 62524 69390
69390 6600 62524
62524 6600 69390
114562 11157 95327
95327 11157 114562
11157 95327 114562
55412 1182 121096
121096 1182 55412
1182 55412 121096
36566 73945 87784
87784 36566 73945
73945 36566 87784
144325 41749 77385
77385 41749 144325
41749 77385 144325
113063 100998 105833
105833 100998 113063
100998 105833 113063
149940 10506 34636
34636 10506 149940
10506 34636 149940
35226 132430 134495
132430 35226 134495
134495 35226 132430
61141 641 80652
80652 641 61141
641 61141 80652
142397 47874 77413
47874 77413 142397
77413 47874 142397
47052 120790 144179
144179 47052 120790
120790 47052 144179
3710 6703 64996
64996 3710 6703
6703 3710 64996
36053 14159 141908
141908 14159 36053
14159 36053 141908
117171 136563 139681
139681 117171 136563
136563 117171 139681
37298 83145 87304
87304 37298 83145
83145 37298 87304
48330 39551 100250
39551 48330 100250
100250 39551 48330
142204 88584 126248
126248 88584 142204
88584 126248 142204
41558 46405 120608
120608 41558 46405
46405 41558 120608
31500 45034 148507
148507 31500 45034
45034 31500 148507
137545 130430 140564
140564 130430 137545
130430 137545 140564
126384 16933 129319
129319 16933 126384
16933 126384 129319
128437 10887 94083
10887 94083 128437
94083 10887 128437
79152 101227 144220
144220 79152 101227
101227 79152 144220
63675 63313 125072
63313 63675 125072
125072 63313 63675
43211 109442 113015
109442 43211 113015
113015 43211 109442
77435 58032 127390
127390 58032 77435
58032 77435 127390
142421 89253 104113
104113 89253 142421
89253 104113 142421
38956 26617 140172
26617 38956 140172
140172 26617 38956
137073 38480 115371
38480 115371 137073
115371 38480 137073
59142 57015 137381
137381 57015 59142
57015 59142 137381
370 67198 126563
126563 370 67198
67198 370 126563
136131 56808 80031
80031 56808 136131
56808 80031 136131
8955 51446 82714
82714 8955 51446
51446 8955 82714
110620 94600 96734
96734 94600 110620
94600 96734 110620
132886 79153 95796
79153 95796 132886
95796 79153 132886
103050 5389 24954
5389 24954 103050
24954 5389 103050
136576 100398 146310
146310 100398 136576
100398 136576 146310
99683 81691 100274
81691 99683 100274
100274 81691 99683
50959 7239 143894
7239 50959 143894
143894 7239 50959
27490 56814 125933
125933 27490 56814
56814 27490 125933
91271 58188 109225
58188 91271 109225
109225 58188 91271
105917 81406 94330
94330 81406 105917
81406 94330 105917
120753 2424 8407
2424 8407 120753
8407 2424 120753
12189 92873 98580
92873 12189 98580
98580 12189 92873
144561 16364 97510
97510 16364 144561
16364 97510 144561
75468 75108 112895
75108 75468 112895
112895 75108 75468
98336 88950 118783
118783 88950 98336
88950 98336 118783
91516 105843 123531
123531 91516 105843
105843 91516 123531
60688 67991 148723
67991 60688 148723
148723 60688 67991
117953 23151 71111
71111 23151 117953
23151 71111 117953
16037 2644 32381
2644 16037 32381
32381 2644 16037
120445 8285 72164
8285 72164 120445
72164 8285 120445
51427 7184 40645
7184 40645 51427
40645 7184 51427
59725 96221 100071
100071 59725 96221
96221 59725 100071
70766 85671 88013
88013 70766 85671
85671 70766 88013
63199 25003 50975
50975 25003 63199
25003 50975 63199
117971 15623 144696
15623 117971 144696
144696 15623 117971
10297 48171 125828
48171 10297 125828
125828 10297 48171
141057 1497 146083
146083 1497 141057
1497 141057 146083
91636 46334 120783
46334 91636 120783
120783 46334 91636
97740 64090 70456
64090 70456 97740
70456 64090 97740
80579 7491 83821
7491 80579 83821
83821 7491 80579
28475 31111 38784
38784 28475 31111
31111 28475 38784
85926 35274 77541
77541 35274 85926
35274 77541 85926
119989 21262 149373
149373 21262 119989
21262 119989 149373
559 86140 138118
86140 559 138118
138118 559 86140
101117 12817 36570
12817 36570 101117
36570 12817 101117
6706 2357 34446
34446 2357 6706
2357 6706 34446
107006 69944 130163
130163 69944 107006
69944 107006 130163
130455 93453 126811
126811 93453 130455
93453 126811 130455
118091 36354 103355
36354 103355 118091
103355 36354 118091
115272 32515 108872
108872 32515 115272
32515 108872 115272
44455 2638 97749
97749 2638 44455
2638 44455 97749
90808 89845 109862
89845 90808 109862
109862 89845 90808
51803 24222 146158
24222 51803 146158
146158 24222 51803
74777 68309 104868
68309 74777 104868
104868 68309 74777
79858 51254 90880
90880 51254 79858
51254 79858 90880
105621 145021 148000
148000 105621 145021
145021 105621 148000
12374 36725 90038
36725 12374 90038
90038 12374 36725
141092 532 81090
532 81090 141092
81090 532 141092
19472 89041 148883
89041 19472 148883
148883 19472 89041
108302 83574 134655
134655 83574 108302
83574 108302 134655
40100 4540 81544
81544 4540 40100
4540 40100 81544
116037 88996 117573
117573 88996 116037
88996 116037 117573
82590 79854 116750
116750 79854 82590
79854 82590 116750
122643 46561 142788
142788 46561 122643
46561 122643 142788
40097 18526 91502
18526 40097 91502
91502 18526 40097
96561 20229 120123
120123 20229 96561
20229 96561 120123
87526 75532 121904
75532 87526 121904
121904 75532 87526
127727 92183 95968
92183 95968 127727
95968 92183 127727
733 4886 110062
110062 733 4886
4886 733 110062
70137 5866 40598
5866 40598 70137
40598 5866 70137
131931 27047 123214
123214 27047 131931
27047 123214 131931
117230 83303 140188
140188 83303 117230
83303 117230 140188
80972 54450 86300
54450 80972 86300
86300 54450 80972
95347 50820 66822
66822 50820 95347
50820 66822 95347
42743 44303 68364
68364 42743 44303
44303 42743 68364
85279 32445 136237
136237 32445 85279
32445 85279 136237
125616 111540 127803
127803 111540 125616
111540 125616 127803
145738 15478 76614
15478 76614 145738
76614 15478 145738
4598 113618 138760
138760 4598 113618
113618 4598 138760
61785 123533 130571
123533 61785 130571
130571 61785 123533
5445 6742 53042
53042 5445 6742
6742 5445 53042
39236 9503 59900
59900 9503 39236
9503 39236 59900
53270 66338 129668
129668 53270 66338
66338 53270 129668
42567 76510 128416
76510 42567 128416
128416 42567 76510
31075 49260 120854
49260 31075 120854
120854 31075 49260
71865 98971 108927
98971 71865 108927
108927 71865 98971
72036 14297 47280
14297 47280 72036
47280 14297 72036
94660 85265 145712
145712 85265 94660
85265 94660 145712
21163 36226 136235
36226 21163 136235
136235 21163 36226
108058 40596 105254
40596 105254 108058
105254 40596 108058
47153 33501 66335
33501 47153 66335
66335 33501 47153
124597 23171 147386
23171 124597 147386
147386 23171 124597
123401 14450 141614
14450 123401 141614
141614 14450 123401
33713 72116 147921
72116 33713 147921
147921 33713 72116
77613 1429 111201
111201 1429 77613
1429 77613 111201
133958 61202 116952
116952 61202 133958
61202 116952 133958
37104 78058 138782
78058 37104 138782
138782 37104 78058
38121 99324 121354
121354 38121 99324
99324 38121 121354
32417 124007 138257
124007 32417 138257
138257 32417 124007
79594 64281 140024
140024 64281 79594
64281 79594 140024
132203 94504 114225
94504 114225 132203
114225 94504 132203
134870 24471 28319
28319 24471 134870
24471 28319 134870
143959 76180 143573
143573 76180 143959
76180 143573 143959
104429 132087 145112
132087 104429 145112
145112 104429 132087
108833 20793 53527
53527 20793 108833
20793 53527 108833
2887 35038 92068
35038 2887 92068
92068 2887 35038
1407 98193 145776
98193 1407 145776
145776 1407 98193
69264 71201 96570
71201 69264 96570
96570 69264 71201
80096 21718 22575
22575 21718 80096
21718 22575 80096
5925 18514 96139
18514 5925 96139
96139 5925 18514
74733 18251 41159
18251 41159 74733
41159 18251 74733
139286 6281 50495
50495 6281 139286
6281 50495 139286
27041 4253 125502
125502 4253 27041
4253 27041 125502
149905 8849 86658
86658 8849 149905
8849 86658 149905
2509 45365 49591
49591 2509 45365
45365 2509 49591
109830 64324 113726
113726 64324 109830
64324 109830 113726
109626 29806 100655
100655 29806 109626
29806 100655 109626
147294 40586 59514
40586 59514 147294
59514 40586 147294
97631 100212 128855
100212 97631 128855
128855 97631 100212
96996 28723 83861
83861 28723 96996
28723 83861 96996
87785 37408 101811
101811 37408 87785
37408 87785 101811
8434 72382 148035
148035 8434 72382
72382 8434 148035
55966 74481 118326
118326 55966 74481
74481 55966 118326
26479 22647 26107
22647 26107 26479
26107 22647 26479
133343 10981 31907
31907 10981 133343
10981 31907 133343
47544 68467 148856
148856 47544 68467
68467 47544 148856
81861 48900 132411
132411 48900 81861
48900 81861 132411
133632 1250 22058
1250 22058 133632
22058 1250 133632
36032 72572 83334
72572 36032 83334
83334 36032 72572
63269 39375 113164
39375 63269 113164
113164 39375 63269
8326 22996 96916
96916 8326 22996
22996 8326 96916
114298 13666 45545
13666 45545 114298
45545 13666 114298
78069 12145 85078
12145 78069 85078
85078 12145 78069
85567 20736 41840
41840 20736 85567
20736 41840 85567
126361 31431 147574
147574 31431 126361
31431 126361 147574
40147 42037 128075
128075 40147 42037
42037 40147 128075
44922 55151 55223
55223 44922 55151
55151 44922 55223
11090 2447 65910
2447 11090 65910
65910 2447 11090
108411 134500 149289
149289 108411 134500
134500 108411 149289
144753 62776 122685
122685 62776 144753
62776 122685 144753
59130 29936 67934
67934 29936 59130
29936 59130 67934
22773 32137 93530
32137 22773 93530
93530 22773 32137
91333 61100 80814
80814 61100 91333
61100 80814 91333
116637 32450 102699
102699 32450 116637
32450 102699 116637
130145 32025 114097
32025 114097 130145
114097 32025 130145
50177 33559 86752
33559 50177 86752
86752 33559 50177
120990 96360 97647
97647 96360 120990
96360 97647 120990
125333 28463 95550
95550 28463 125333
28463 95550 125333
144976 64 72460
72460 64 144976
64 72460 144976
86203 73197 113109
73197 86203 113109
113109 73197 86203
797 13289 98505
13289 797 98505
98505 797 13289
7306 46338 72445
72445 7306 46338
46338 7306 72445
55620 13962 143040
143040 13962 55620
13962 55620 143040
68529 62167 146901
62167 68529 146901
146901 62167 68529
29196 58814 60592
58814 29196 60592
60592 29196 58814
129300 45054 100346
100346 45054 129300
45054 100346 129300
22541 14019 112090
112090 14019 22541
14019 22541 112090
36620 18567 63007
18567 36620 63007
63007 18567 36620
119377 13167 116074
116074 13167 119377
13167 116074 119377
131572 3316 73490
73490 3316 131572
3316 73490 131572
102831 4895 131226
131226 4895 102831
4895 102831 131226
23355 23088 49901
49901 23088 23355
23088 23355 49901
98702 18713 122277
122277 18713 98702
18713 98702 122277
36814 4409 148662
148662 4409 36814
4409 36814 148662
109528 9594 49287
9594 49287 109528
49287 9594 109528
18977 34798 69761
34798 18977 69761
69761 18977 34798
115810 37995 88888
88888 37995 115810
37995 88888 115810
57498 17671 40681
40681 17671 57498
17671 40681 57498
149161 59307 111523
111523 59307 149161
59307 111523 149161
73413 24208 149059
24208 73413 149059
149059 24208 73413
93643 70406 149114
149114 70406 93643
70406 93643 149114
132859 15402 41381
15402 41381 132859
41381 15402 132859
69197 57034 60859
60859 57034 69197
57034 60859 69197
147440 7760 35107
35107 7760 147440
7760 35107 147440
32421 3798 18068
3798 18068 32421
18068 3798 32421
6168 50992 125240
50992 6168 125240
125240 6168 50992
45983 53892 86737
86737 45983 53892
53892 45983 86737
1283 122045 140117
122045 1283 140117
140117 1283 122045
11601 118883 128697
128697 11601 118883
118883 11601 128697
46958 60475 112016
112016 46958 60475
60475 46958 112016
40403 51390 80563
51390 40403 80563
80563 40403 51390
108699 87365 107814
107814 87365 108699
87365 107814 108699
25759 11753 25707
25707 11753 25759
11753 25707 25759
35320 21442 41493
21442 35320 41493
41493 21442 35320
55455 94408 129849
129849 55455 94408
94408 55455 129849
1143 82525 99533
82525 1143 99533
99533 1143 82525
108232 52806 70911
70911 52806 108232
52806 70911 108232
4348 38268 66282
38268 4348 66282
66282 4348 38268
138807 23091 40438
23091 40438 138807
40438 23091 138807
59044 65383 92958
65383 59044 92958
92958 59044 65383
92381 48514 66003
48514 66003 92381
66003 48514 92381
46393 71653 139196
71653 46393 139196
139196 46393 71653
57932 52470 73290
73290 52470 57932
52470 57932 73290
98627 23863 46044
23863 46044 98627
46044 23863 98627
99327 93860 109412
109412 93860 99327
93860 99327 109412
16151 84539 95520
84539 16151 95520
95520 16151 84539
45209 144883 149016
149016 45209 144883
144883 45209 149016
110329 140171 142412
140171 110329 142412
142412 110329 140171
28052 52202 77457
77457 28052 52202
52202 28052 77457
51781 92392 106906
92392 51781 106906
106906 51781 92392
98407 84901 117902
84901 98407 117902
117902 84901 98407
37191 79308 81918
81918 37191 79308
79308 37191 81918
69861 59608 88267
59608 69861 88267
88267 59608 69861
