138834 27269 81022
27269 81022 138834
81022 27269 138834
85194 19369 36039
36039 19369 85194
19369 36039 85194
23836 47033 135724
135724 23836 47033
47033 23836 135724
97449 59581 109072
109072 59581 97449
59581 97449 109072
58546 11828 66088
11828 58546 66088
66088 11828 58546
103347 53374 129983
53374 103347 129983
129983 53374 103347
143448 42112 89970
89970 42112 143448
42112 89970 143448
24395 104089 121766
121766 24395 104089
104089 24395 121766
88515 44165 57234
44165 57234 88515
57234 44165 88515
35550 63915 68848
63915 35550 68848
68848 35550 63915
3916 26182 46510
26182 3916 46510
46510 3916 26182
101363 9392 88600
88600 9392 101363
9392 88600 101363
10025 33924 100428
100428 10025 33924
33924 10025 100428
90965 7254 86382
7254 86382 90965
86382 7254 90965
117698 24637 119871
24637 117698 119871
119871 24637 117698
107640 24862 84229
24862 84229 107640
84229 24862 107640
83844 8310 145774
8310 83844 145774
145774 8310 83844
44070 68815 92943
68815 44070 92943
92943 44070 68815
20432 41706 105369
105369 20432 41706
41706 20432 105369
95149 9086 27488
9086 27488 95149
27488 9086 95149
19131 28781 85925
28781 19131 85925
85925 19131 28781
41747 53158 133116
133116 41747 53158
53158 41747 133116
73049 14445 92696
14445 73049 92696
92696 14445 73049
139297 43773 129323
43773 129323 139297
129323 43773 139297
143023 54478 130137
130137 54478 143023
54478 130137 143023
3811 65744 80894
65744 3811 80894
80894 3811 65744
67671 30371 93442
93442 30371 67671
30371 67671 93442
11845 76989 143087
76989 11845 143087
143087 11845 76989
87588 18293 100103
100103 18293 87588
18293 87588 100103
17307 51600 103634
103634 17307 51600
51600 17307 103634
38931 25198 133114
133114 25198 38931
25198 38931 133114
86782 47783 118875
118875 47783 86782
47783 86782 118875
68610 52815 105257
52815 68610 105257
105257 52815 68610
148860 64059 96904
96904 64059 148860
64059 96904 148860
109887 33464 42970
42970 33464 109887
33464 42970 109887
24640 60934 149112
149112 24640 60934
60934 24640 149112
126955 20887 114105
20887 114105 126955
114105 20887 126955
34646 34320 99066
34320 34646 99066
99066 34320 34646
23248 125498 129070
129070 23248 125498
125498 23248 129070
118264 125835 149120
149120 118264 125835
125835 118264 149120
112127 33839 103653
103653 33839 112127
33839 103653 112127
2386 10363 18838
18838 2386 10363
10363 2386 18838
46513 125553 147473
147473 46513 125553
125553 46513 147473
116222 11780 14171
11780 14171 116222
14171 11780 116222
131417 9567 86581
9567 86581 131417
86581 9567 131417
64168 34451 99626
99626 34451 64168
34451 64168 99626
97889 5447 22900
5447 22900 97889
22900 5447 97889
118201 27482 72883
27482 72883 118201
72883 27482 118201
18956 29820 56012
29820 18956 56012
56012 18956 29820
144161 35681 89780
35681 89780 144161
89780 35681 144161
81020 83270 92858
92858 81020 83270
83270 81020 92858
129242 70540 102591
70540 102591 129242
102591 70540 129242
45714 115123 148425
148425 45714 115123
115123 45714 148425
48299 4626 73586
4626 48299 73586
73586 4626 48299
102766 71377 118544
71377 102766 118544
118544 71377 102766
5819 43992 110227
110227 5819 43992
43992 5819 110227
116919 33070 68686
33070 68686 116919
68686 33070 116919
144565 70577 86594
70577 86594 144565
86594 70577 144565
87141 24140 53135
53135 24140 87141
24140 53135 87141
25311 9336 142731
142731 9336 25311
9336 25311 142731
72074 40784 79850
40784 72074 79850
79850 40784 72074
6109 14129 120788
14129 6109 120788
120788 6109 14129
6494 74555 81666
74555 6494 81666
81666 6494 74555
20422 47362 82880
82880 20422 47362
47362 20422 82880
124383 96371 110651
110651 96371 124383
96371 110651 124383
87807 91989 104938
91989 87807 104938
104938 87807 91989
419 106088 133987
106088 419 133987
133987 419 106088
53054 76496 117820
117820 53054 76496
76496 53054 117820
140877 3293 131647
131647 3293 140877
3293 131647 140877
144884 73441 110482
110482 73441 144884
73441 110482 144884
136783 104142 113481
104142 113481 136783
113481 104142 136783
33236 28314 111402
111402 28314 33236
28314 33236 111402
85217 117978 118666
118666 85217 117978
117978 85217 118666
88129 109306 129459
129459 88129 109306
109306 88129 129459
102787 93576 123857
123857 93576 102787
93576 102787 123857
141254 11953 42160
11953 42160 141254
42160 11953 141254
17041 11298 83957
83957 11298 17041
11298 17041 83957
63075 52646 115362
52646 63075 115362
115362 52646 63075
56172 15030 82060
15030 56172 82060
82060 15030 56172
36549 46053 89507
89507 36549 46053
46053 36549 89507
127018 55348 67974
55348 67974 127018
67974 55348 127018
145808 2851 8917
8917 2851 145808
2851 8917 145808
95571 114709 126637
114709 95571 126637
126637 95571 114709
133123 46580 125462
125462 46580 133123
46580 125462 133123
127232 37608 59580
59580 37608 127232
37608 59580 127232
40787 119895 135945
135945 40787 119895
119895 40787 135945
106701 4064 130733
4064 106701 130733
130733 4064 106701
34356 696 41895
41895 696 34356
696 34356 41895
123577 22821 118315
118315 22821 123577
22821 118315 123577
19410 43335 107215
43335 19410 107215
107215 19410 43335
12095 75627 105037
75627 12095 105037
105037 12095 75627
90209 17110 26950
26950 17110 90209
17110 26950 90209
3835 13461 17612
17612 3835 13461
13461 3835 17612
50268 11421 93394
93394 11421 50268
11421 50268 93394
143772 58915 92522
92522 58915 143772
58915 92522 143772
123616 94758 137290
94758 123616 137290
137290 94758 123616
46372 126487 128471
126487 46372 128471
128471 46372 126487
132745 64146 132032
132032 64146 132745
64146 132032 132745
19886 8158 33910
33910 8158 19886
8158 19886 33910
25593 85798 135852
85798 25593 135852
135852 25593 85798
67545 38647 149768
38647 67545 149768
149768 38647 67545
147529 26794 37582
26794 37582 147529
37582 26794 147529
45827 17981 77178
17981 45827 77178
77178 17981 45827
80065 42792 147433
147433 42792 80065
42792 80065 147433
70526 35378 95100
35378 70526 95100
95100 35378 70526
39196 48028 95122
95122 39196 48028
48028 39196 95122
104651 81141 97652
97652 81141 104651
81141 97652 104651
39400 51033 114454
114454 39400 51033
51033 39400 114454
115732 70751 99325
70751 99325 115732
99325 70751 115732
85853 1118 38302
38302 1118 85853
1118 38302 85853
26774 12595 24096
12595 24096 26774
24096 12595 26774
96108 103549 140763
103549 96108 140763
140763 96108 103549
17185 41600 67925
41600 17185 67925
67925 17185 41600
17443 33592 81841
33592 17443 81841
81841 17443 33592
54709 138777 145045
138777 54709 145045
145045 54709 138777
3512 99024 140360
140360 3512 99024
99024 3512 140360
139311 88383 129606
129606 88383 139311
88383 129606 139311
148652 29986 77731
77731 29986 148652
29986 77731 148652
4768 19757 51867
51867 4768 19757
19757 4768 51867
123102 30880 84129
30880 84129 123102
84129 30880 123102
127047 10712 43983
43983 10712 127047
10712 43983 127047
25294 119069 125374
125374 25294 119069
119069 25294 125374
73073 3649 146666
3649 73073 146666
146666 3649 73073
8986 35214 136968
136968 8986 35214
35214 8986 136968
147376 38627 114670
114670 38627 147376
38627 114670 147376
115331 36386 76781
76781 36386 115331
36386 76781 115331
124899 41282 73498
41282 73498 124899
73498 41282 124899
105974 32393 119435
119435 32393 105974
32393 105974 119435
93024 68721 105904
68721 93024 105904
105904 68721 93024
76613 62905 149239
62905 76613 149239
149239 62905 76613
100733 53322 77729
77729 53322 100733
53322 77729 100733
107055 4529 105748
105748 4529 107055
4529 105748 107055
70106 24158 75905
24158 70106 75905
75905 24158 70106
86763 29022 123737
29022 86763 123737
123737 29022 86763
101657 34775 91315
91315 34775 101657
34775 91315 101657
56039 5966 89646
5966 56039 89646
89646 5966 56039
3486 39132 84153
39132 3486 84153
84153 3486 39132
109943 2688 105338
105338 2688 109943
2688 105338 109943
27231 55458 64832
64832 27231 55458
55458 27231 64832
127730 114558 115465
115465 114558 127730
114558 115465 127730
5335 1271 53361
53361 1271 5335
1271 5335 53361
42535 36686 142566
142566 36686 42535
36686 42535 142566
39064 12707 59394
59394 12707 39064
12707 39064 59394
129743 9638 122562
122562 9638 129743
9638 122562 129743
125822 18890 137773
18890 125822 137773
137773 18890 125822
142413 38458 46608
46608 38458 142413
38458 46608 142413
86445 123014 125009
123014 86445 125009
125009 86445 123014
54000 12355 49485
49485 12355 54000
12355 49485 54000
146184 40213 144632
40213 144632 146184
144632 40213 146184
10996 61960 97554
97554 10996 61960
61960 10996 97554
147691 32333 42798
42798 32333 147691
32333 42798 147691
67215 57830 108210
57830 67215 108210
108210 57830 67215
76 25990 131497
131497 76 25990
25990 76 131497
93613 4258 75021
75021 4258 93613
4258 75021 93613
112826 63902 125502
125502 63902 112826
63902 112826 125502
6702 8280 117630
117630 6702 8280
8280 6702 117630
26512 70872 113878
113878 26512 70872
70872 26512 113878
145095 128903 144372
144372 128903 145095
128903 144372 145095
24739 108800 132356
132356 24739 108800
108800 24739 132356
73398 120872 143631
120872 73398 143631
143631 73398 120872
20794 43192 49633
49633 20794 43192
43192 20794 49633
22433 9010 132093
9010 22433 132093
132093 9010 22433
12251 106244 108912
106244 12251 108912
108912 12251 106244
23104 17606 138884
138884 17606 23104
17606 23104 138884
92424 77634 141322
77634 92424 141322
141322 77634 92424
78650 14133 143411
14133 78650 143411
143411 14133 78650
83976 86032 140146
140146 83976 86032
86032 83976 140146
146108 63550 101019
63550 101019 146108
101019 63550 146108
98931 97303 118343
118343 97303 98931
97303 98931 118343
16553 42075 142963
142963 16553 42075
42075 16553 142963
132086 23249 144869
23249 132086 144869
144869 23249 132086
81189 60653 65995
65995 60653 81189
60653 65995 81189
71930 115605 117736
117736 71930 115605
115605 71930 117736
137476 39816 84793
39816 84793 137476
84793 39816 137476
118548 87543 124136
124136 87543 118548
87543 118548 124136
29933 44409 55886
44409 29933 55886
55886 29933 44409
81777 81785 105730
81785 81777 105730
105730 81777 81785
37951 41715 44669
44669 37951 41715
41715 37951 44669
1832 17799 141759
141759 1832 17799
17799 1832 141759
140849 25765 40712
40712 25765 140849
25765 40712 140849
63845 86016 123283
86016 63845 123283
123283 63845 86016
94143 17873 23235
23235 17873 94143
17873 23235 94143
10079 47642 75133
75133 10079 47642
47642 10079 75133
13799 33604 44166
33604 13799 44166
44166 13799 33604
67067 30730 31217
30730 31217 67067
31217 30730 67067
145926 105268 149504
149504 105268 145926
105268 145926 149504
57265 25480 67296
25480 57265 67296
67296 25480 57265
43371 112720 137398
137398 43371 112720
112720 43371 137398
74273 48075 87783
48075 74273 87783
87783 48075 74273
72294 66635 114994
66635 72294 114994
114994 66635 72294
117596 87534 121266
121266 87534 117596
87534 117596 121266
120148 101999 149502
101999 120148 149502
149502 101999 120148
3529 88108 115334
115334 3529 88108
88108 3529 115334
49405 62817 148443
62817 49405 148443
148443 49405 62817
138576 71028 118880
118880 71028 138576
71028 118880 138576
142015 68513 88400
88400 68513 142015
68513 88400 142015
74526 19412 80749
19412 74526 80749
80749 19412 74526
80970 21781 137604
137604 21781 80970
21781 80970 137604
7761 22336 90860
90860 7761 22336
22336 7761 90860
52975 58943 82875
82875 52975 58943
58943 52975 82875
62860 47892 51286
51286 47892 62860
47892 51286 62860
146514 96388 143690
143690 96388 146514
96388 143690 146514
75626 41348 113005
41348 75626 113005
113005 41348 75626
34376 60222 126322
60222 34376 126322
126322 34376 60222
70888 11877 82235
11877 70888 82235
82235 11877 70888
76205 73969 133686
133686 73969 76205
73969 76205 133686
145583 10233 55302
10233 55302 145583
55302 10233 145583
70733 25286 33181
33181 25286 70733
25286 33181 70733
45226 68 134204
68 45226 134204
134204 68 45226
65536 22041 44271
44271 22041 65536
22041 44271 65536
67081 96804 111104
111104 67081 96804
96804 67081 111104
14815 5541 126829
5541 14815 126829
126829 5541 14815
112320 115657 141861
141861 112320 115657
115657 112320 141861
142688 20883 130065
20883 130065 142688
130065 20883 142688
91263 116909 124103
116909 91263 124103
124103 91263 116909
106677 86582 121410
86582 106677 121410
121410 86582 106677
27476 93552 99682
93552 27476 99682
99682 27476 93552
24005 127961 128984
128984 24005 127961
127961 24005 128984
134679 10686 106658
106658 10686 134679
10686 106658 134679
35076 18333 119982
119982 18333 35076
18333 35076 119982
146662 18591 60917
60917 18591 146662
18591 60917 146662
122293 53934 113732
53934 113732 122293
113732 53934 122293
147620 53002 87191
87191 53002 147620
53002 87191 147620
141520 81905 129217
81905 129217 141520
129217 81905 141520
23651 86985 120859
86985 23651 120859
120859 23651 86985
146967 539 85402
85402 539 146967
539 85402 146967
7646 125685 137082
137082 7646 125685
125685 7646 137082
135028 74367 146991
146991 74367 135028
74367 135028 146991
115859 5672 36087
36087 5672 115859
5672 36087 115859
104062 21626 130266
130266 21626 104062
21626 104062 130266
74552 95682 128736
128736 74552 95682
95682 74552 128736
106117 95322 103538
95322 103538 106117
103538 95322 106117
2811 2601 27749
27749 2601 2811
2601 2811 27749
142595 35710 72008
35710 72008 142595
72008 35710 142595
91431 97620 144286
97620 91431 144286
144286 91431 97620
42454 82452 133951
82452 42454 133951
133951 42454 82452
72226 108708 134555
134555 72226 108708
108708 72226 134555
93350 93034 118902
118902 93034 93350
93034 93350 118902
15770 40238 147358
40238 15770 147358
147358 15770 40238
134279 36139 92098
36139 92098 134279
92098 36139 134279
39904 11757 74328
11757 39904 74328
74328 11757 39904
70019 84622 149734
84622 70019 149734
149734 70019 84622
127054 12635 129200
129200 12635 127054
12635 127054 129200
15414 141533 147885
147885 15414 141533
141533 15414 147885
131621 14848 117752
117752 14848 131621
14848 117752 131621
132836 24541 60791
60791 24541 132836
24541 60791 132836
96037 132246 141245
141245 96037 132246
132246 96037 141245
6685 49531 92292
49531 6685 92292
92292 6685 49531
116184 13316 66321
66321 13316 116184
13316 66321 116184
110574 73226 137316
73226 110574 137316
137316 73226 110574
65207 1529 86083
86083 1529 65207
1529 65207 86083
13511 29982 60068
60068 13511 29982
29982 13511 60068
149010 25029 108303
25029 108303 149010
108303 25029 149010
82512 16607 128860
16607 82512 128860
128860 16607 82512
53341 6452 43864
43864 6452 53341
6452 43864 53341
57356 10082 43462
10082 43462 57356
43462 10082 57356
89824 22157 34340
34340 22157 89824
22157 34340 89824
49209 42186 59880
59880 42186 49209
42186 49209 59880
109077 57009 78555
57009 78555 109077
78555 57009 109077
122412 47693 130410
47693 122412 130410
130410 47693 122412
142889 35562 106913
35562 106913 142889
106913 35562 142889
122538 44680 118754
118754 44680 122538
44680 118754 122538
51113 70639 125805
125805 51113 70639
70639 51113 125805
111529 41070 138484
138484 41070 111529
41070 111529 138484
46667 42144 95068
95068 42144 46667
42144 46667 95068
53427 6289 69295
69295 6289 53427
6289 53427 69295
34921 57178 82562
82562 34921 57178
57178 34921 82562
77908 25634 94179
25634 77908 94179
94179 25634 77908
118481 86931 138663
86931 118481 138663
138663 86931 118481
146269 129412 148412
148412 129412 146269
129412 146269 148412
139843 58166 97500
58166 97500 139843
97500 58166 139843
121812 109806 145623
109806 121812 145623
145623 109806 121812
24100 19316 130290
130290 19316 24100
19316 24100 130290
129239 24895 148837
148837 24895 129239
24895 129239 148837
86786 99371 133048
133048 86786 99371
99371 86786 133048
6764 101689 102161
102161 6764 101689
101689 6764 102161
143330 27961 73781
27961 73781 143330
73781 27961 143330
146438 35183 113228
113228 35183 146438
35183 113228 146438
142164 3149 87260
3149 87260 142164
87260 3149 142164
51310 30315 50068
30315 50068 51310
50068 30315 51310
108918 6656 63570
6656 63570 108918
63570 6656 108918
112098 12834 148846
148846 12834 112098
12834 112098 148846
97970 44773 113726
113726 44773 97970
44773 97970 113726
12393 21443 131772
21443 12393 131772
131772 12393 21443
23116 62403 129279
129279 23116 62403
62403 23116 129279
26914 52201 67570
52201 26914 67570
67570 26914 52201
7084 23162 81711
81711 7084 23162
23162 7084 81711
104956 78207 94759
78207 94759 104956
94759 78207 104956
69502 20527 32227
32227 20527 69502
20527 32227 69502
59393 57681 128417
128417 57681 59393
57681 59393 128417
73827 76706 116255
76706 73827 116255
116255 73827 76706
61148 9490 80276
9490 61148 80276
80276 9490 61148
139919 20648 60504
20648 60504 139919
60504 20648 139919
46280 15611 28224
15611 28224 46280
28224 15611 46280
2626 43669 66050
43669 2626 66050
66050 2626 43669
32666 39630 91172
39630 32666 91172
91172 32666 39630
90956 120685 128159
120685 90956 128159
128159 90956 120685
24152 687 57858
687 24152 57858
57858 687 24152
17931 44196 99071
99071 17931 44196
44196 17931 99071
91255 86559 111213
86559 91255 111213
111213 86559 91255
39633 93019 112294
112294 39633 93019
93019 39633 112294
27334 6318 103669
6318 27334 103669
103669 6318 27334
86613 76207 124538
124538 76207 86613
76207 86613 124538
121475 69716 139057
139057 69716 121475
69716 121475 139057
15053 49527 112379
112379 15053 49527
49527 15053 112379
66243 38709 61059
61059 38709 66243
38709 61059 66243
71624 59800 126305
126305 59800 71624
59800 71624 126305
51754 10013 17883
17883 10013 51754
10013 17883 51754
122585 5795 114606
5795 114606 122585
114606 5795 122585
24474 16443 32377
16443 24474 32377
32377 16443 24474
146234 102846 129337
102846 129337 146234
129337 102846 146234
91015 36098 97619
97619 36098 91015
36098 91015 97619
72134 44281 45424
45424 44281 72134
44281 45424 72134
63579 63577 69893
69893 63577 63579
63577 63579 69893
130200 53338 143810
143810 53338 130200
53338 130200 143810
49341 6551 128712
6551 49341 128712
128712 6551 49341
73208 61838 139331
61838 73208 139331
139331 61838 73208
27103 50768 130861
50768 27103 130861
130861 27103 50768
124726 53061 135472
53061 124726 135472
135472 53061 124726
91327 39487 45568
45568 39487 91327
39487 45568 91327
111772 24618 132603
132603 24618 111772
24618 111772 132603
104797 117283 131389
131389 104797 117283
117283 104797 131389
84384 68295 86187
86187 68295 84384
68295 84384 86187
82950 178 82279
178 82279 82950
82279 178 82950
102117 36877 120415
120415 36877 102117
36877 102117 120415
10818 25395 26370
26370 10818 25395
25395 10818 26370
147671 81816 142532
81816 142532 147671
142532 81816 147671
110325 65030 94502
94502 65030 110325
65030 94502 110325
118825 79347 90843
90843 79347 118825
79347 90843 118825
26326 51311 126092
51311 26326 126092
126092 26326 51311
59917 6720 88453
88453 6720 59917
6720 59917 88453
39980 11204 108882
11204 39980 108882
108882 11204 39980
78911 47211 96156
47211 78911 96156
96156 47211 78911
102322 34126 104337
34126 102322 104337
104337 34126 102322
58359 45388 119992
45388 58359 119992
119992 45388 58359
69509 112583 126918
126918 69509 112583
112583 69509 126918
50501 26738 100127
26738 50501 100127
100127 26738 50501
132872 93348 149395
93348 132872 149395
149395 93348 132872
131349 60632 127982
60632 127982 131349
127982 60632 131349
4128 23945 56136
23945 4128 56136
56136 4128 23945
119102 110789 144649
110789 119102 144649
144649 110789 119102
65270 61398 79668
79668 61398 65270
61398 65270 79668
44149 39188 63750
39188 44149 63750
63750 39188 44149
97418 32903 145898
145898 32903 97418
32903 97418 145898
119961 57918 147991
147991 57918 119961
57918 119961 147991
26495 73185 110636
73185 26495 110636
110636 26495 73185
102957 43006 146098
146098 43006 102957
43006 102957 146098
141626 135526 136923
135526 136923 141626
136923 135526 141626
102267 114400 137774
137774 102267 114400
114400 102267 137774
106030 27101 43029
43029 27101 106030
27101 43029 106030
13292 7622 97264
7622 13292 97264
97264 7622 13292
65472 51811 52117
51811 52117 65472
52117 51811 65472
65758 69356 94757
94757 65758 69356
69356 65758 94757
52957 54660 83857
83857 52957 54660
54660 52957 83857
14154 26693 87795
26693 14154 87795
87795 14154 26693
114280 118753 141858
141858 114280 118753
118753 114280 141858
18121 17789 67878
17789 18121 67878
67878 17789 18121
142064 13729 27819
27819 13729 142064
13729 27819 142064
111525 100989 140966
100989 111525 140966
140966 100989 111525
96563 23989 141600
141600 23989 96563
23989 96563 141600
8482 100533 139525
100533 8482 139525
139525 8482 100533
13098 97097 114079
97097 13098 114079
114079 13098 97097
44595 51324 110923
110923 44595 51324
51324 44595 110923
87363 43083 147642
147642 43083 87363
43083 87363 147642
144847 66625 68683
66625 68683 144847
68683 66625 144847
99750 91921 134113
91921 99750 134113
134113 91921 99750
112423 63547 77093
63547 77093 112423
77093 63547 112423
141098 10875 103575
103575 10875 141098
10875 103575 141098
145091 71184 125593
71184 125593 145091
125593 71184 145091
50354 95223 128717
95223 50354 128717
128717 50354 95223
48108 3618 147546
147546 3618 48108
3618 48108 147546
103053 88806 91527
91527 88806 103053
88806 91527 103053
116758 61304 97955
97955 61304 116758
61304 97955 116758
36976 43362 147598
43362 36976 147598
147598 36976 43362
37755 41473 131108
131108 37755 41473
41473 37755 131108
65627 29390 104677
104677 29390 65627
29390 65627 104677
51419 85945 112721
85945 51419 112721
112721 51419 85945
2617 6182 29487
29487 2617 6182
6182 2617 29487
39352 84340 135119
135119 39352 84340
84340 39352 135119
27311 66712 105288
105288 27311 66712
66712 27311 105288
107153 106937 117995
106937 107153 117995
117995 106937 107153
126981 8887 98323
98323 8887 126981
8887 98323 126981
132296 41313 57041
41313 57041 132296
57041 41313 132296
92013 27232 137071
137071 27232 92013
27232 92013 137071
146170 29865 39765
29865 39765 146170
39765 29865 146170
29298 60807 73914
73914 29298 60807
60807 29298 73914
11576 14219 136924
136924 11576 14219
14219 11576 136924
96151 28261 32662
28261 32662 96151
32662 28261 96151
121693 14576 141500
14576 121693 141500
141500 14576 121693
114298 45261 136654
45261 114298 136654
136654 45261 114298
127556 97950 115162
97950 115162 127556
115162 97950 127556
49153 68137 116834
116834 49153 68137
68137 49153 116834
145458 10786 136603
136603 10786 145458
10786 136603 145458
137649 56649 86275
56649 86275 137649
86275 56649 137649
55462 59131 135291
135291 55462 59131
59131 55462 135291
79815 68406 131219
68406 79815 131219
131219 68406 79815
147164 47632 111243
47632 111243 147164
111243 47632 147164
20449 36371 54092
54092 20449 36371
36371 20449 54092
56653 69205 107687
69205 56653 107687
107687 56653 69205
106747 30381 107859
30381 106747 107859
107859 30381 106747
88006 59537 61133
59537 61133 88006
61133 59537 88006
87642 2863 90491
90491 2863 87642
2863 87642 90491
41308 56118 146282
56118 41308 146282
146282 41308 56118
25546 19876 31388
19876 25546 31388
31388 19876 25546
84267 109052 137187
109052 84267 137187
137187 84267 109052
80198 31229 41880
31229 41880 80198
41880 31229 80198
122225 16274 128372
16274 122225 128372
128372 16274 122225
47703 20987 78261
78261 20987 47703
20987 47703 78261
131814 39067 147047
147047 39067 131814
39067 131814 147047
69361 80247 104231
80247 69361 104231
104231 69361 80247
122593 9961 94695
94695 9961 122593
9961 94695 122593
6376 81419 128576
81419 6376 128576
128576 6376 81419
81134 43037 97676
43037 81134 97676
97676 43037 81134
14103 70883 102592
102592 14103 70883
70883 14103 102592
128162 5369 57290
57290 5369 128162
5369 57290 128162
9905 37310 144963
37310 9905 144963
144963 9905 37310
138596 19952 47235
47235 19952 138596
19952 47235 138596
66938 99406 144908
144908 66938 99406
99406 66938 144908
91750 42096 69391
42096 69391 91750
69391 42096 91750
54724 20990 27891
20990 27891 54724
27891 20990 54724
61977 38280 119284
119284 38280 61977
38280 61977 119284
92952 71909 124860
124860 71909 92952
71909 92952 124860
61308 26899 66924
26899 61308 66924
66924 26899 61308
101104 113680 141956
113680 101104 141956
141956 101104 113680
42782 79096 125917
79096 42782 125917
125917 42782 79096
58990 2339 89711
89711 2339 58990
2339 58990 89711
110388 54079 78451
54079 78451 110388
78451 54079 110388
19129 68037 119626
119626 19129 68037
68037 19129 119626
96686 46814 87938
46814 87938 96686
87938 46814 96686
104810 75544 83255
83255 75544 104810
75544 83255 104810
94728 111198 128644
111198 94728 128644
128644 94728 111198
127725 76078 131580
131580 76078 127725
76078 127725 131580
60664 15981 62496
62496 15981 60664
15981 60664 62496
103154 18858 141488
18858 103154 141488
141488 18858 103154
112343 40817 43637
43637 40817 112343
40817 43637 112343
63916 35647 51048
51048 35647 63916
35647 51048 63916
115998 10729 107345
10729 107345 115998
107345 10729 115998
128802 5712 136650
5712 128802 136650
136650 5712 128802
91621 62428 117615
62428 91621 117615
117615 62428 91621
144062 89873 116784
89873 116784 144062
116784 89873 144062
62446 62097 122378
122378 62097 62446
62097 62446 122378
65782 5563 126126
126126 5563 65782
5563 65782 126126
57012 99390 141711
141711 57012 99390
99390 57012 141711
70044 43868 87428
43868 70044 87428
87428 43868 70044
68480 71327 111327
111327 68480 71327
71327 68480 111327
30187 23779 146022
146022 23779 30187
23779 30187 146022
5658 2268 25077
25077 2268 5658
2268 5658 25077
100243 75388 105403
105403 75388 100243
75388 100243 105403
24568 12670 124845
124845 12670 24568
12670 24568 124845
96979 9569 131598
131598 9569 96979
9569 96979 131598
56685 37545 63653
37545 56685 63653
63653 37545 56685
78689 15483 117770
117770 15483 78689
15483 78689 117770
37080 20599 128722
20599 37080 128722
128722 20599 37080
114304 41567 51223
51223 41567 114304
41567 51223 114304
7127 104952 127107
127107 7127 104952
104952 7127 127107
55187 24752 115282
115282 24752 55187
24752 55187 115282
136843 34398 139185
139185 34398 136843
34398 136843 139185
67120 5188 94170
5188 67120 94170
94170 5188 67120
119347 26711 71518
26711 71518 119347
71518 26711 119347
75789 29484 117499
117499 29484 75789
29484 75789 117499
136403 22596 123446
22596 123446 136403
123446 22596 136403
77679 44401 114154
114154 44401 77679
44401 77679 114154
15406 1856 129653
129653 1856 15406
1856 15406 129653
108012 55793 111470
55793 108012 111470
111470 55793 108012
105512 44931 94920
44931 94920 105512
94920 44931 105512
78895 54216 136812
136812 54216 78895
54216 78895 136812
41707 56869 68982
68982 41707 56869
56869 41707 68982
55947 41950 110049
41950 55947 110049
110049 41950 55947
15282 8258 33415
33415 8258 15282
8258 15282 33415
11957 82247 84349
82247 11957 84349
84349 11957 82247
83168 106920 135621
135621 83168 106920
106920 83168 135621
84710 15510 92414
92414 15510 84710
15510 84710 92414
118511 15796 23386
15796 23386 118511
23386 15796 118511
20607 46699 73407
46699 20607 73407
73407 20607 46699
135805 51643 55081
51643 55081 135805
55081 51643 135805
139852 37807 63985
37807 63985 139852
63985 37807 139852
129007 64766 65592
64766 65592 129007
65592 64766 129007
47031 120300 136366
136366 47031 120300
120300 47031 136366
99202 43585 146771
43585 99202 146771
146771 43585 99202
69877 47614 133849
47614 69877 133849
133849 47614 69877
114800 31486 108396
108396 31486 114800
31486 108396 114800
136027 94238 110944
94238 110944 136027
110944 94238 136027
131821 52947 131378
131378 52947 131821
52947 131378 131821
22298 25805 50589
25805 22298 50589
50589 22298 25805
94431 68878 110961
110961 68878 94431
68878 94431 110961
44440 30096 34799
30096 34799 44440
34799 30096 44440
164 30815 45005
45005 164 30815
30815 164 45005
103740 57267 120086
120086 57267 103740
57267 103740 120086
39027 46462 68077
46462 39027 68077
68077 39027 46462
107592 17035 93372
93372 17035 107592
17035 93372 107592
11950 67223 127290
127290 11950 67223
67223 11950 127290
44224 23591 121613
23591 44224 121613
121613 23591 44224
47518 76351 130183
130183 47518 76351
76351 47518 130183
34062 6410 119873
6410 34062 119873
119873 6410 34062
108269 4122 57733
4122 57733 108269
57733 4122 108269
29664 10012 19887
10012 19887 29664
19887 10012 29664
106127 15727 73034
15727 73034 106127
73034 15727 106127
117967 67880 78652
67880 78652 117967
78652 67880 117967
102616 142599 147168
142599 102616 147168
147168 102616 142599
33892 103739 144736
144736 33892 103739
103739 33892 144736
11772 41672 95158
41672 11772 95158
95158 11772 41672
16806 100740 110759
110759 16806 100740
100740 16806 110759
25194 118683 133814
118683 25194 133814
133814 25194 118683
53457 108526 110581
108526 53457 110581
110581 53457 108526
95000 72369 137141
72369 95000 137141
137141 72369 95000
60956 21931 141630
141630 21931 60956
21931 60956 141630
148307 80557 135141
80557 135141 148307
135141 80557 148307
24081 33047 104615
33047 24081 104615
104615 24081 33047
58947 81599 142473
81599 58947 142473
142473 58947 81599
77353 26859 114587
26859 77353 114587
114587 26859 77353
78832 20567 93739
93739 20567 78832
20567 78832 93739
136424 65033 133790
133790 65033 136424
65033 133790 136424
121052 25556 142667
25556 121052 142667
142667 25556 121052
46920 78522 103123
103123 46920 78522
78522 46920 103123
83158 25511 93643
93643 25511 83158
25511 83158 93643
18103 15878 45691
45691 15878 18103
15878 18103 45691
59560 49307 103091
49307 59560 103091
103091 49307 59560
14658 83463 86730
83463 14658 86730
86730 14658 83463
127677 59577 83865
59577 83865 127677
83865 59577 127677
66201 10455 135286
10455 66201 135286
135286 10455 66201
70248 78338 148283
148283 70248 78338
78338 70248 148283
116858 18343 111094
111094 18343 116858
18343 111094 116858
143199 133272 147077
147077 133272 143199
133272 143199 147077
58734 3338 40250
40250 3338 58734
3338 40250 58734
125251 41104 112631
112631 41104 125251
41104 112631 125251
97430 12927 20256
20256 12927 97430
12927 20256 97430
58415 32891 105380
32891 58415 105380
105380 32891 58415
54692 77645 114726
114726 54692 77645
77645 54692 114726
130357 11706 64262
11706 64262 130357
64262 11706 130357
27394 74810 87362
87362 27394 74810
74810 27394 87362
21906 2575 75883
75883 2575 21906
2575 21906 75883
145550 8478 142045
8478 142045 145550
142045 8478 145550
17496 54307 79754
54307 17496 79754
79754 17496 54307
144637 116843 135342
135342 116843 144637
116843 135342 144637
59991 16175 31347
31347 16175 59991
16175 31347 59991
85196 139 146289
146289 139 85196
139 85196 146289
80485 99804 142287
142287 80485 99804
99804 80485 142287
75054 16406 91445
16406 75054 91445
91445 16406 75054
143006 7526 112184
7526 112184 143006
112184 7526 143006
72935 98293 122756
122756 72935 98293
98293 72935 122756
10708 21528 93085
21528 10708 93085
93085 10708 21528
99524 18140 133206
133206 18140 99524
18140 99524 133206
145783 105769 126504
105769 126504 145783
126504 105769 145783
65077 43976 107383
107383 43976 65077
43976 65077 107383
9439 45709 85098
85098 9439 45709
45709 9439 85098
68098 10180 99719
10180 68098 99719
99719 10180 68098
30140 17368 141561
141561 17368 30140
17368 30140 141561
15108 12399 138672
12399 15108 138672
138672 12399 15108
147362 91517 102021
91517 102021 147362
102021 91517 147362
107326 46188 147214
46188 107326 147214
147214 46188 107326
114730 8430 31458
31458 8430 114730
8430 31458 114730
1616 96700 121698
96700 1616 121698
121698 1616 96700
94806 9264 41083
9264 41083 94806
41083 9264 94806
8312 32369 75796
75796 8312 32369
32369 8312 75796
94308 131881 146339
146339 94308 131881
131881 94308 146339
124005 66670 88662
88662 66670 124005
66670 88662 124005
18946 69749 104117
104117 18946 69749
69749 18946 104117
127419 18117 133064
18117 127419 133064
133064 18117 127419
45871 70212 110364
110364 45871 70212
70212 45871 110364
110517 68218 112047
68218 110517 112047
112047 68218 110517
82648 8128 95953
95953 8128 82648
8128 82648 95953
85170 33109 89668
89668 33109 85170
33109 85170 89668
61764 10768 130388
130388 10768 61764
10768 61764 130388
100854 15784 32181
15784 32181 100854
32181 15784 100854
45660 105813 111303
111303 45660 105813
105813 45660 111303
1526 22736 136248
22736 1526 136248
136248 1526 22736
95946 51293 98292
51293 95946 98292
98292 51293 95946
50236 56606 111037
56606 50236 111037
111037 50236 56606
39130 31752 39954
39954 31752 39130
31752 39130 39954
68634 58942 138150
138150 58942 68634
58942 68634 138150
48122 65892 68109
68109 48122 65892
65892 48122 68109
149270 109696 116193
109696 116193 149270
116193 109696 149270
137339 1748 103794
103794 1748 137339
1748 103794 137339
52196 78406 143498
143498 52196 78406
78406 52196 143498
32497 14010 103444
14010 32497 103444
103444 14010 32497
50344 50114 75156
50114 50344 75156
75156 50114 50344
6741 8860 116716
8860 6741 116716
116716 6741 8860
119082 33932 35927
35927 33932 119082
33932 35927 119082
115415 61284 61660
61660 61284 115415
61284 61660 115415
118939 3810 31114
31114 3810 118939
3810 31114 118939
131083 70987 86088
86088 70987 131083
70987 86088 131083
144794 91557 122798
91557 122798 144794
122798 91557 144794
123710 57208 83975
57208 83975 123710
83975 57208 123710
38811 36883 76447
76447 36883 38811
36883 38811 76447
38898 116824 118738
118738 38898 116824
116824 38898 118738
59149 25682 139015
139015 25682 59149
25682 59149 139015
48884 80837 115287
80837 48884 115287
115287 48884 80837
30296 11843 86319
86319 11843 30296
11843 30296 86319
139046 69563 90185
69563 90185 139046
90185 69563 139046
135863 27968 136386
27968 135863 136386
136386 27968 135863
124026 38579 40514
40514 38579 124026
38579 40514 124026
4661 82277 135634
82277 4661 135634
135634 4661 82277
42634 3642 3972
3642 3972 42634
3972 3642 42634
78085 579 145428
579 78085 145428
145428 579 78085
113986 50745 104694
50745 104694 113986
104694 50745 113986
79966 85796 107330
107330 79966 85796
85796 79966 107330
27852 96090 126135
126135 27852 96090
96090 27852 126135
10020 7993 131531
131531 7993 10020
7993 10020 131531
83504 43330 138024
138024 43330 83504
43330 83504 138024
140545 16975 31542
16975 31542 140545
31542 16975 140545
141370 10917 114802
10917 114802 141370
114802 10917 141370
18273 117152 147222
147222 18273 117152
117152 18273 147222
115457 19576 49265
19576 49265 115457
49265 19576 115457
124517 23677 61553
61553 23677 124517
23677 61553 124517
96475 40013 92386
92386 40013 96475
40013 92386 96475
27352 34837 105361
105361 27352 34837
34837 27352 105361
64504 66961 114911
114911 64504 66961
66961 64504 114911
132945 78765 94598
94598 78765 132945
78765 94598 132945
12766 14831 39606
14831 12766 39606
39606 12766 14831
38602 86518 140085
140085 38602 86518
86518 38602 140085
58470 115808 143681
115808 58470 143681
143681 58470 115808
21517 26348 120739
120739 21517 26348
26348 21517 120739
54805 77114 137520
77114 54805 137520
137520 54805 77114
1180 61106 78635
61106 1180 78635
78635 1180 61106
39065 14386 37942
37942 14386 39065
14386 37942 39065
26146 74154 82925
74154 26146 82925
82925 26146 74154
39876 5699 40050
40050 5699 39876
5699 39876 40050
59417 9849 148980
148980 9849 59417
9849 59417 148980
86231 49136 85462
49136 85462 86231
85462 49136 86231
136503 82065 95758
82065 95758 136503
95758 82065 136503
116418 85523 132092
85523 116418 132092
132092 85523 116418
98105 122953 135889
135889 98105 122953
122953 98105 135889
120536 62674 138705
138705 62674 120536
62674 120536 138705
127416 45964 54676
54676 45964 127416
45964 54676 127416
54347 44980 117843
117843 44980 54347
44980 54347 117843
44887 58745 91663
58745 44887 91663
91663 44887 58745
68014 76741 134946
134946 68014 76741
76741 68014 134946
12038 29307 66468
66468 12038 29307
29307 12038 66468
56761 62935 146440
146440 56761 62935
62935 56761 146440
128403 27435 91502
91502 27435 128403
27435 91502 128403
13499 82327 135112
82327 13499 135112
135112 13499 82327
10699 80310 85999
85999 10699 80310
80310 10699 85999
46418 14486 126814
14486 46418 126814
126814 14486 46418
115366 872 120523
120523 872 115366
872 115366 120523
2648 1044 142487
142487 1044 2648
1044 2648 142487
108563 13290 76311
13290 76311 108563
76311 13290 108563
28641 69224 111857
69224 28641 111857
111857 28641 69224
57360 97241 127150
97241 57360 127150
127150 57360 97241
58060 46478 129731
129731 46478 58060
46478 58060 129731
37762 7966 45591
45591 7966 37762
7966 37762 45591
79390 40955 75185
40955 75185 79390
75185 40955 79390
128115 97904 103176
103176 97904 128115
97904 103176 128115
59158 66385 127175
127175 59158 66385
66385 59158 127175
47191 13493 45975
45975 13493 47191
13493 45975 47191
40742 20142 86167
20142 40742 86167
86167 20142 40742
25703 79142 125620
125620 25703 79142
79142 25703 125620
51439 9485 147863
147863 9485 51439
9485 51439 147863
107010 87337 133338
133338 87337 107010
87337 107010 133338
67417 41956 75197
41956 67417 75197
75197 41956 67417
44470 547 97891
97891 547 44470
547 44470 97891
27902 33369 134351
134351 27902 33369
33369 27902 134351
87826 24974 116634
24974 87826 116634
116634 24974 87826
64336 6898 26211
6898 26211 64336
26211 6898 64336
8371 96988 124148
96988 8371 124148
124148 8371 96988
32462 16518 30835
16518 30835 32462
30835 16518 32462
52584 99488 101381
101381 52584 99488
99488 52584 101381
81316 61176 122109
122109 61176 81316
61176 81316 122109
59205 92251 143291
143291 59205 92251
92251 59205 143291
143640 30453 144039
144039 30453 143640
30453 143640 144039
125629 15487 25158
25158 15487 125629
15487 25158 125629
70350 35159 84043
35159 70350 84043
84043 35159 70350
121086 73560 148043
73560 121086 148043
148043 73560 121086
88891 129173 141366
129173 88891 141366
141366 88891 129173
104787 122787 139645
139645 104787 122787
122787 104787 139645
110637 96098 139420
96098 110637 139420
139420 96098 110637
125390 110918 114592
114592 110918 125390
110918 114592 125390
31103 61098 125539
125539 31103 61098
61098 31103 125539
12274 23535 64315
64315 12274 23535
23535 12274 64315
19645 82550 123622
123622 19645 82550
82550 19645 123622
27552 103440 123847
103440 27552 123847
123847 27552 103440
141845 56209 113537
113537 56209 141845
56209 113537 141845
59682 103757 113709
103757 59682 113709
113709 59682 103757
43845 268 65186
268 43845 65186
65186 268 43845
130530 63320 128617
128617 63320 130530
63320 128617 130530
1223 99408 106307
99408 1223 106307
106307 1223 99408
80963 1041 9936
1041 9936 80963
9936 1041 80963
33332 23589 119344
23589 33332 119344
119344 23589 33332
44257 61648 88329
88329 44257 61648
61648 44257 88329
17943 57175 122030
57175 17943 122030
122030 17943 57175
138719 68302 135711
135711 68302 138719
68302 135711 138719
116577 130618 131318
131318 116577 130618
130618 116577 131318
123375 42708 72300
72300 42708 123375
42708 72300 123375
78384 63025 86771
63025 78384 86771
86771 63025 78384
144168 14735 76047
76047 14735 144168
14735 76047 144168
87153 46172 70102
70102 46172 87153
46172 70102 87153
40980 84000 94958
84000 40980 94958
94958 40980 84000
105756 79121 141431
79121 105756 141431
141431 79121 105756
139983 114349 129205
114349 129205 139983
129205 114349 139983
72812 7670 28861
7670 28861 72812
28861 7670 72812
85171 78055 114003
78055 85171 114003
114003 78055 85171
73972 92121 105013
92121 73972 105013
105013 73972 92121
52128 18252 114207
114207 18252 52128
18252 52128 114207
17300 47452 71789
71789 17300 47452
47452 17300 71789
130682 45748 138689
138689 45748 130682
45748 130682 138689
71375 16056 88336
88336 16056 71375
16056 71375 88336
60712 59219 109985
109985 59219 60712
59219 60712 109985
39666 61358 70254
61358 39666 70254
70254 39666 61358
48586 66622 111710
66622 48586 111710
111710 48586 66622
91066 67815 117093
117093 67815 91066
67815 91066 117093
142330 93248 111660
93248 111660 142330
111660 93248 142330
123562 81222 124919
124919 81222 123562
81222 123562 124919
85605 81852 121624
121624 81852 85605
81852 85605 121624
42702 22460 97504
22460 42702 97504
97504 22460 42702
96557 122409 131456
131456 96557 122409
122409 96557 131456
7768 3090 109239
3090 7768 109239
109239 3090 7768
149629 80454 132458
132458 80454 149629
80454 132458 149629
81612 64228 83245
83245 64228 81612
64228 81612 83245
143270 64242 103745
64242 103745 143270
103745 64242 143270
