152 136 976
976 136 152
136 152 976
643 503 695
503 643 695
695 503 643
1047 1210 1355
1210 1047 1355
1355 1047 1210
108 528 918
528 108 918
918 108 528
1194 325 1192
1192 325 1194
325 1192 1194
1360 109 804
804 109 1360
109 804 1360
875 417 569
569 417 875
417 569 875
1216 1144 1232
1144 1216 1232
1232 1144 1216
1341 445 1196
1196 445 1341
445 1196 1341
1272 51 161
161 51 1272
51 161 1272
774 175 1078
1078 175 774
175 774 1078
1135 1376 1403
1403 1135 1376
1376 1135 1403
885 466 1070
1070 466 885
466 885 1070
277 761 855
855 277 761
761 277 855
437 1058 1448
1448 437 1058
1058 437 1448
439 145 1037
145 439 1037
1037 145 439
1320 214 962
962 214 1320
214 962 1320
925 574 1233
1233 574 925
574 925 1233
17 616 1162
1162 17 616
616 17 1162
481 176 653
176 481 653
653 176 481
1463 527 1188
527 1188 1463
1188 527 1463
328 157 1087
157 328 1087
1087 157 328
1460 228 1116
228 1116 1460
1116 228 1460
1141 1002 1209
1002 1141 1209
1209 1002 1141
1184 581 722
722 581 1184
581 722 1184
36 964 1269
964 36 1269
1269 36 964
1392 606 1302
606 1302 1392
1302 606 1392
79 654 1022
1022 79 654
654 79 1022
40 1055 1387
1387 40 1055
1055 40 1387
1083 223 1428
1428 223 1083
223 1083 1428
806 830 1271
1271 806 830
830 806 1271
902 404 943
404 902 943
943 404 902
388 43 398
398 43 388
43 388 398
1076 565 1177
1177 565 1076
565 1076 1177
985 84 319
84 319 985
319 84 985
541 782 1122
1122 541 782
782 541 1122
1410 235 857
235 857 1410
857 235 1410
78 239 1131
239 78 1131
1131 78 239
432 156 707
707 156 432
156 432 707
18 321 383
321 18 383
383 18 321
258 767 1279
1279 258 767
767 258 1279
118 672 986
672 118 986
986 118 672
1291 1075 1153
1153 1075 1291
1075 1153 1291
1353 710 1145
1145 710 1353
710 1145 1353
1324 59 116
59 116 1324
116 59 1324
1246 442 1359
1359 442 1246
442 1246 1359
612 265 1407
265 612 1407
1407 265 612
429 688 1222
1222 429 688
688 429 1222
1250 393 1152
393 1152 1250
1152 393 1250
148 72 1160
72 148 1160
1160 72 148
509 1092 1292
1092 509 1292
1292 509 1092
1101 68 1021
68 1021 1101
1021 68 1101
288 621 702
621 288 702
702 288 621
1256 159 359
159 359 1256
359 159 1256
255 547 1418
1418 255 547
547 255 1418
1263 115 908
908 115 1263
115 908 1263
788 1133 1431
1133 788 1431
1431 788 1133
644 81 1105
1105 81 644
81 644 1105
903 499 1282
1282 499 903
499 903 1282
760 207 749
749 207 760
207 749 760
811 1337 1411
1411 811 1337
1337 811 1411
769 971 1156
1156 769 971
971 769 1156
1434 7 748
748 7 1434
7 748 1434
245 881 1189
881 245 1189
1189 245 881
831 46 1446
46 831 1446
1446 46 831
613 96 317
96 317 613
317 96 613
1139 237 1140
237 1139 1140
1140 237 1139
880 1223 1308
1223 880 1308
1308 880 1223
110 1257 1285
1257 110 1285
1285 110 1257
1481 468 867
468 867 1481
867 468 1481
1224 899 965
899 965 1224
965 899 1224
289 197 558
558 197 289
197 289 558
1068 492 991
492 991 1068
991 492 1068
374 743 1330
1330 374 743
743 374 1330
539 735 1028
1028 539 735
735 539 1028
60 1088 1362
1362 60 1088
1088 60 1362
358 910 1433
910 358 1433
1433 358 910
164 1321 1492
1321 164 1492
1492 164 1321
89 461 1491
461 89 1491
1491 89 461
1335 121 1409
121 1335 1409
1409 121 1335
1082 158 1382
158 1082 1382
1382 158 1082
382 970 1180
970 382 1180
1180 382 970
1249 458 868
868 458 1249
458 868 1249
1090 457 1125
1125 457 1090
457 1090 1125
622 1017 1213
1213 622 1017
1017 622 1213
403 1124 1172
1124 403 1172
1172 403 1124
1310 478 1443
478 1310 1443
1443 478 1310
497 951 1074
1074 497 951
951 497 1074
797 1270 1315
1270 797 1315
1315 797 1270
423 927 1309
1309 423 927
927 423 1309
866 123 1151
123 866 1151
1151 123 866
1095 15 619
15 619 1095
619 15 1095
219 369 1161
1161 219 369
369 219 1161
1424 940 1286
1286 940 1424
940 1286 1424
281 549 1371
549 281 1371
1371 281 549
714 538 1496
538 714 1496
1496 538 714
1091 662 770
770 662 1091
662 770 1091
1032 833 1462
833 1032 1462
1462 833 1032
1136 1024 1230
1024 1136 1230
1230 1024 1136
924 922 1241
1241 922 924
922 924 1241
1168 915 1138
1138 915 1168
915 1138 1168
41 414 1298
1298 41 414
414 41 1298
64 336 518
336 64 518
518 64 336
921 610 1290
1290 610 921
610 921 1290
470 590 1121
590 470 1121
1121 470 590
680 945 1301
945 680 1301
1301 680 945
731 295 1361
295 731 1361
1361 295 731
1052 484 1071
1071 484 1052
484 1052 1071
1045 274 406
406 274 1045
274 406 1045
542 524 661
524 542 661
661 524 542
692 473 1243
1243 473 692
473 692 1243
260 693 863
693 260 863
863 260 693
1432 264 646
646 264 1432
264 646 1432
1085 282 1394
282 1085 1394
1394 282 1085
373 138 740
740 138 373
138 373 740
278 189 1281
1281 189 278
189 278 1281
1066 802 1231
1231 802 1066
802 1066 1231
301 208 517
517 208 301
208 301 517
1498 1077 1214
1214 1077 1498
1077 1214 1498
1169 1366 1458
1366 1169 1458
1458 1169 1366
837 917 1061
917 837 1061
1061 837 917
1266 272 1149
1149 272 1266
272 1149 1266
202 44 391
44 202 391
391 44 202
1254 1003 1215
1215 1003 1254
1003 1215 1254
648 386 978
386 648 978
978 386 648
772 1253 1370
1370 772 1253
1253 772 1370
835 102 1348
102 835 1348
1348 102 835
151 712 801
801 151 712
712 151 801
532 645 984
645 532 984
984 532 645
320 1198 1206
1206 320 1198
1198 320 1206
519 763 914
914 519 763
763 519 914
1489 775 950
775 950 1489
950 775 1489
625 351 491
351 491 625
491 351 625
876 668 1199
1199 668 876
668 876 1199
31 809 879
809 31 879
879 31 809
1459 234 716
716 234 1459
234 716 1459
1267 907 1400
1400 907 1267
907 1267 1400
570 307 778
778 307 570
307 570 778
800 52 1425
1425 52 800
52 800 1425
836 128 257
128 257 836
257 128 836
9 474 551
474 9 551
551 9 474
1248 698 717
717 698 1248
698 717 1248
1497 298 1255
1255 298 1497
298 1255 1497
480 263 279
263 279 480
279 263 480
1416 754 814
814 754 1416
754 814 1416
995 306 1427
1427 306 995
306 995 1427
656 1261 1384
1261 656 1384
1384 656 1261
455 23 330
23 330 455
330 23 455
822 2 73
73 2 822
2 73 822
98 253 1069
253 98 1069
1069 98 253
1477 636 1106
1106 636 1477
636 1106 1477
1365 678 1016
678 1016 1365
1016 678 1365
926 341 1182
341 926 1182
1182 341 926
1288 402 460
402 460 1288
460 402 1288
267 390 1258
390 267 1258
1258 267 390
614 1373 1420
1420 614 1373
1373 614 1420
1137 933 1060
1060 933 1137
933 1060 1137
280 459 996
459 280 996
996 280 459
1080 546 1349
546 1080 1349
1349 546 1080
1046 597 795
795 597 1046
597 795 1046
339 377 789
789 339 377
377 339 789
500 585 1318
585 500 1318
1318 500 585
47 275 413
275 47 413
413 47 275
291 101 387
101 291 387
387 101 291
1354 700 786
786 700 1354
700 786 1354
632 792 1178
792 632 1178
1178 632 792
94 752 1015
1015 94 752
752 94 1015
418 1038 1094
1094 418 1038
1038 418 1094
327 285 1108
285 327 1108
1108 285 327
86 675 853
853 86 675
675 86 853
818 21 1110
21 818 1110
1110 21 818
424 296 344
344 296 424
296 344 424
1329 3 240
240 3 1329
3 240 1329
1247 891 1020
1020 891 1247
891 1020 1247
1065 76 1155
1155 76 1065
76 1065 1155
909 628 1388
628 909 1388
1388 628 909
130 355 576
576 130 355
355 130 576
1237 32 1346
32 1237 1346
1346 32 1237
379 745 1314
745 379 1314
1314 379 745
523 201 733
733 201 523
201 523 733
1299 513 1316
513 1299 1316
1316 513 1299
26 1134 1441
1441 26 1134
1134 26 1441
1391 185 977
185 977 1391
977 185 1391
906 1048 1185
1185 906 1048
1048 906 1185
1396 849 1472
1472 849 1396
849 1396 1472
960 269 993
993 269 960
269 960 993
620 1000 1317
1317 620 1000
1000 620 1317
843 941 1453
1453 843 941
941 843 1453
567 182 1221
1221 182 567
182 567 1221
1062 266 793
793 266 1062
266 793 1062
595 854 1183
1183 595 854
854 595 1183
828 449 1265
449 828 1265
1265 449 828
956 696 1447
1447 696 956
696 956 1447
1097 104 886
104 886 1097
886 104 1097
30 691 852
852 30 691
691 30 852
66 427 1494
427 66 1494
1494 66 427
131 859 937
859 131 937
937 131 859
114 323 815
323 114 815
815 114 323
583 107 1445
1445 107 583
107 583 1445
166 292 713
292 166 713
713 166 292
199 421 1456
421 199 1456
1456 199 421
703 254 607
607 254 703
254 607 703
626 604 1234
604 626 1234
1234 604 626
244 313 501
313 244 501
501 244 313
1397 141 1195
1195 141 1397
141 1195 1397
507 512 746
746 507 512
512 507 746
483 42 271
271 42 483
42 271 483
862 443 1283
1283 443 862
443 862 1283
251 1186 1240
1240 251 1186
1186 251 1240
203 420 1375
1375 203 420
420 203 1375
1327 371 990
371 990 1327
990 371 1327
8 631 827
631 8 827
827 8 631
1347 732 1146
732 1146 1347
1146 732 1347
348 829 1073
1073 348 829
829 348 1073
69 352 1030
1030 69 352
352 69 1030
163 125 433
125 163 433
433 125 163
508 462 856
856 462 508
462 508 856
1457 884 1368
884 1368 1457
1368 884 1457
394 888 1274
1274 394 888
888 394 1274
35 556 578
578 35 556
556 35 578
1166 847 1111
1111 847 1166
847 1111 1166
1225 426 1029
1029 426 1225
426 1029 1225
563 221 658
221 563 658
658 221 563
1332 577 685
685 577 1332
577 685 1332
1449 153 629
629 153 1449
153 629 1449
205 83 562
83 205 562
562 83 205
877 300 687
687 300 877
300 687 877
821 192 333
333 192 821
192 333 821
1212 70 520
70 520 1212
520 70 1212
1467 548 1490
548 1467 1490
1490 548 1467
1475 1287 1476
1476 1287 1475
1287 1475 1476
1026 1130 1159
1130 1026 1159
1159 1026 1130
230 49 1328
1328 49 230
49 230 1328
1323 14 1367
14 1323 1367
1367 14 1323
276 1063 1297
1297 276 1063
1063 276 1297
938 154 1284
1284 154 938
154 938 1284
1203 24 947
947 24 1203
24 947 1203
1436 860 1352
860 1352 1436
1352 860 1436
436 34 350
350 34 436
34 350 436
16 744 1013
744 16 1013
1013 16 744
781 412 981
412 781 981
981 412 781
1227 887 897
887 897 1227
897 887 1227
975 454 776
454 776 975
776 454 975
1423 476 1485
476 1423 1485
1485 476 1423
137 493 858
493 137 858
858 137 493
502 246 411
411 246 502
246 411 502
972 974 1379
974 972 1379
1379 972 974
1119 90 1036
1036 90 1119
90 1036 1119
953 134 1300
1300 134 953
134 953 1300
627 111 1364
111 627 1364
1364 111 627
721 243 810
810 243 721
243 721 810
354 58 531
58 354 531
531 58 354
832 747 1313
747 832 1313
1313 747 832
1442 1103 1294
1103 1294 1442
1294 1103 1442
1404 708 1019
708 1019 1404
1019 708 1404
1450 889 898
898 889 1450
889 898 1450
1358 347 1395
347 1358 1395
1395 347 1358
422 194 1451
194 422 1451
1451 194 422
349 250 787
787 250 349
250 349 787
673 171 1389
1389 171 673
171 673 1389
525 12 149
12 149 525
149 12 525
1109 395 405
395 405 1109
405 395 1109
477 526 529
526 477 529
529 477 526
1127 913 1239
913 1127 1239
1239 913 1127
494 593 686
593 494 686
686 494 593
679 183 268
268 183 679
183 268 679
133 694 808
694 133 808
808 133 694
407 428 1174
1174 407 428
428 407 1174
796 573 1229
1229 573 796
573 796 1229
1081 727 734
727 734 1081
734 727 1081
332 874 1005
874 332 1005
1005 332 874
1011 479 820
479 820 1011
820 479 1011
33 198 1340
198 33 1340
1340 33 198
4 210 1398
1398 4 210
210 4 1398
851 61 980
61 851 980
980 61 851
400 129 186
186 129 400
129 186 400
973 372 901
901 372 973
372 901 973
11 100 1117
1117 11 100
100 11 1117
345 87 127
127 87 345
87 127 345
592 869 935
869 592 935
935 592 869
188 368 817
368 188 817
817 188 368
38 155 799
799 38 155
155 38 799
1008 870 1163
1163 870 1008
870 1008 1163
634 191 475
475 191 634
191 475 634
135 969 1322
969 135 1322
1322 135 969
361 144 669
144 361 669
669 144 361
1099 196 728
196 728 1099
728 196 1099
931 1343 1369
1343 931 1369
1369 931 1343
846 453 1126
453 846 1126
1126 453 846
1486 944 1470
1470 944 1486
944 1470 1486
95 106 757
757 95 106
106 95 757
456 249 1170
249 456 1170
1170 249 456
232 229 331
229 232 331
331 229 232
375 895 1289
1289 375 895
895 375 1289
167 216 823
216 167 823
823 167 216
968 704 1356
704 968 1356
1356 704 968
343 165 1226
165 343 1226
1226 165 343
286 537 1429
537 286 1429
1429 286 537
753 217 930
217 753 930
930 217 753
486 882 1057
882 486 1057
1057 486 882
231 633 1357
633 231 1357
1357 231 633
1200 838 1056
1056 838 1200
838 1056 1200
1493 299 1455
299 1455 1493
1455 299 1493
803 356 1334
1334 356 803
356 803 1334
415 994 1128
994 415 1128
1128 415 994
779 1187 1296
1187 779 1296
1296 779 1187
1027 13 1415
1415 13 1027
13 1027 1415
878 465 1157
1157 465 878
465 878 1157
238 397 726
397 238 726
726 238 397
389 252 1190
252 389 1190
1190 252 389
376 600 601
600 376 601
601 376 600
785 324 557
557 324 785
324 557 785
599 706 1259
1259 599 706
706 599 1259
396 273 506
273 396 506
506 273 396
683 1202 1383
1383 683 1202
1202 683 1383
364 670 1181
1181 364 670
670 364 1181
1405 718 1018
718 1018 1405
1018 718 1405
337 1191 1280
1280 337 1191
1191 337 1280
1478 872 892
892 872 1478
872 892 1478
487 408 1401
408 487 1401
1401 408 487
447 363 623
623 363 447
363 447 623
1179 311 615
615 311 1179
311 615 1179
768 579 841
579 768 841
841 579 768
1173 270 1023
1023 270 1173
270 1023 1173
220 124 1438
124 220 1438
1438 124 220
160 571 676
571 160 676
676 160 571
112 790 1262
1262 112 790
790 112 1262
181 93 365
93 181 365
365 93 181
451 522 1051
1051 451 522
522 451 1051
366 504 865
504 366 865
865 366 504
580 55 533
55 533 580
533 55 580
1473 409 1374
409 1374 1473
1374 409 1473
784 303 322
322 303 784
303 322 784
742 71 227
227 71 742
71 227 742
840 290 630
630 290 840
290 630 840
103 1235 1474
1474 103 1235
1235 103 1474
1012 758 807
807 758 1012
758 807 1012
204 894 1385
894 204 1385
1385 204 894
1471 594 1205
1205 594 1471
594 1205 1471
1165 639 766
639 766 1165
766 639 1165
19 488 1412
1412 19 488
488 19 1412
63 28 568
28 63 568
568 28 63
812 1 434
1 434 812
434 1 812
326 1275 1338
1338 326 1275
1275 326 1338
723 45 1372
1372 45 723
45 723 1372
946 259 496
496 259 946
259 496 946
222 193 1009
1009 193 222
193 222 1009
641 963 1010
1010 641 963
963 641 1010
609 357 1112
357 609 1112
1112 357 609
1217 1086 1495
1086 1217 1495
1495 1086 1217
1419 490 1333
1333 490 1419
490 1333 1419
689 701 1132
701 689 1132
1132 689 701
65 471 1408
471 65 1408
1408 65 471
1278 97 1218
1218 97 1278
97 1218 1278
1479 736 1100
736 1100 1479
1100 736 1479
335 362 928
928 335 362
362 335 928
999 139 1377
139 999 1377
1377 139 999
958 624 1007
1007 624 958
624 958 1007
467 334 444
444 334 467
334 444 467
446 1336 1469
1469 446 1336
1336 446 1469
893 489 1148
489 893 1148
1148 489 893
737 1001 1264
1001 737 1264
1264 737 1001
554 952 1171
952 554 1171
1171 554 952
1421 381 1378
381 1378 1421
1378 381 1421
1381 29 1276
29 1276 1381
1276 29 1381
380 545 934
545 380 934
934 380 545
954 826 959
826 954 959
959 826 954
256 22 187
22 187 256
187 22 256
440 664 1238
1238 440 664
664 440 1238
905 647 1483
1483 647 905
647 905 1483
318 472 611
472 318 611
611 318 472
730 1414 1426
1426 730 1414
1414 730 1426
360 1466 1488
1488 360 1466
1466 360 1488
617 37 649
649 37 617
37 617 649
861 92 587
587 92 861
92 587 861
514 1143 1268
1268 514 1143
1143 514 1268
979 655 1228
1228 655 979
655 979 1228
805 575 813
575 805 813
813 575 805
677 543 983
983 543 677
543 677 983
1454 340 1236
1236 340 1454
340 1236 1454
1295 890 1312
890 1295 1312
1312 890 1295
88 667 1004
1004 88 667
667 88 1004
1093 248 1025
248 1025 1093
1025 248 1093
1326 1072 1319
1319 1072 1326
1072 1319 1326
1350 582 998
998 582 1350
582 998 1350
544 850 1049
850 544 1049
1049 544 850
1422 67 942
67 942 1422
942 67 1422
469 536 605
536 469 605
605 469 536
871 206 825
206 825 871
825 206 871
1039 261 705
705 261 1039
261 705 1039
564 911 1098
1098 564 911
911 564 1098
1252 99 353
99 353 1252
353 99 1252
1107 342 1115
1115 342 1107
342 1107 1115
584 75 725
725 75 584
75 584 725
967 297 416
416 297 967
297 416 967
1054 184 1406
1406 184 1054
184 1054 1406
1430 162 1440
1440 162 1430
162 1430 1440
179 262 1043
262 179 1043
1043 179 262
588 839 1118
839 588 1118
1118 588 839
435 126 495
495 126 435
126 435 495
848 598 1067
598 848 1067
1067 598 848
168 80 764
764 80 168
80 168 764
1204 392 1277
392 1204 1277
1277 392 1204
936 1147 1452
1452 936 1147
1147 936 1452
410 666 824
824 410 666
666 410 824
681 212 1050
212 681 1050
1050 212 681
1245 1345 1402
1345 1245 1402
1402 1245 1345
463 173 309
173 309 463
309 173 463
401 150 370
370 150 401
150 370 401
441 211 1089
1089 211 441
211 441 1089
57 132 819
819 57 132
132 57 819
74 844 1482
844 74 1482
1482 74 844
1014 845 1500
845 1014 1500
1500 845 1014
982 190 955
955 190 982
190 955 982
233 50 663
663 50 233
50 233 663
450 236 1399
1399 236 450
236 450 1399
1435 425 618
425 618 1435
618 425 1435
1331 1158 1306
1306 1158 1331
1158 1306 1331
1102 225 572
225 572 1102
572 225 1102
1059 659 729
729 659 1059
659 729 1059
900 25 674
674 25 900
25 674 900
226 638 1096
638 226 1096
1096 226 638
312 329 997
329 312 997
997 312 329
48 1064 1413
1413 48 1064
1064 48 1413
608 1154 1393
1393 608 1154
1154 608 1393
378 384 948
948 378 384
384 378 948
1142 566 992
992 566 1142
566 992 1142
146 642 739
739 146 642
642 146 739
555 77 85
77 85 555
85 77 555
660 242 916
916 242 660
242 660 916
1175 553 1484
553 1175 1484
1484 553 1175
82 589 1041
589 82 1041
1041 82 589
873 6 552
6 552 873
552 6 873
1342 1033 1123
1033 1123 1342
1123 1033 1342
640 759 783
759 640 783
783 640 759
482 287 505
505 287 482
287 482 505
385 105 1006
1006 105 385
105 385 1006
302 338 1439
1439 302 338
338 302 1439
464 294 834
294 464 834
834 294 464
142 510 603
510 142 603
603 142 510
448 498 586
586 448 498
498 448 586
719 798 1417
1417 719 798
798 719 1417
1464 215 1053
1053 215 1464
215 1053 1464
308 961 1164
1164 308 961
961 308 1164
452 1084 1305
1305 452 1084
1084 452 1305
1304 883 1499
883 1304 1499
1499 883 1304
62 120 516
516 62 120
120 62 516
920 559 720
720 559 920
559 720 920
1465 177 1293
1293 177 1465
177 1293 1465
896 200 709
200 709 896
709 200 896
560 314 1207
314 560 1207
1207 314 560
54 699 1120
699 54 1120
1120 54 699
1114 180 1040
180 1040 1114
1040 180 1114
195 591 904
904 195 591
591 195 904
1461 791 1201
1201 791 1461
791 1201 1461
1363 241 1129
241 1129 1363
1129 241 1363
310 637 650
650 310 637
637 310 650
550 170 1444
170 550 1444
1444 170 550
535 485 1244
1244 485 535
485 535 1244
738 521 602
602 521 738
521 602 738
27 711 1242
1242 27 711
711 27 1242
1031 143 1344
143 1031 1344
1344 143 1031
771 117 283
283 117 771
117 283 771
1251 39 724
724 39 1251
39 724 1251
430 304 794
304 430 794
794 304 430
534 690 939
939 534 690
690 534 939
1311 224 864
864 224 1311
224 864 1311
684 284 293
293 284 684
284 293 684
172 762 1260
762 172 1260
1260 172 762
1386 755 949
755 949 1386
949 755 1386
989 91 1219
1219 91 989
91 989 1219
919 169 988
169 919 988
988 169 919
1167 987 1303
1303 987 1167
987 1167 1303
1150 515 665
515 665 1150
665 515 1150
635 1042 1044
1042 635 1044
1044 635 1042
247 561 756
756 247 561
561 247 756
1220 20 1211
20 1211 1220
1211 20 1220
431 316 777
316 431 777
777 316 431
671 10 122
10 122 671
122 10 671
1035 53 1193
1193 53 1035
53 1035 1193
751 651 1113
1113 651 751
651 751 1113
1480 56 816
816 56 1480
56 816 1480
1079 932 1273
932 1079 1273
1273 932 1079
1487 438 1339
438 1339 1487
1339 438 1487
715 697 923
697 715 923
923 697 715
1307 174 540
540 174 1307
174 540 1307
178 912 1468
1468 178 912
912 178 1468
419 113 652
113 419 652
652 113 419
682 5 213
5 213 682
213 5 682
367 305 842
305 367 842
842 305 367
1104 140 1034
140 1034 1104
1034 140 1104
218 957 1380
957 218 1380
1380 218 957
511 657 1176
657 511 1176
1176 511 657
315 765 773
773 315 765
765 315 773
1325 596 1437
1437 596 1325
596 1325 1437
1208 399 966
399 966 1208
966 399 1208
1351 530 929
530 929 1351
929 530 1351
741 750 1197
1197 741 750
750 741 1197
780 147 1390
147 780 1390
1390 147 780
209 119 346
346 119 209
119 209 346
