8898 7205 7698
7205 7698 8898
7698 7205 8898
13070 1333 14188
14188 1333 13070
1333 13070 14188
1589 1926 8354
1926 1589 8354
8354 1589 1926
5284 7353 13204
7353 5284 13204
13204 5284 7353
11547 11270 14759
11270 11547 14759
14759 11270 11547
11058 1681 12455
1681 11058 12455
12455 1681 11058
5760 876 5707
876 5707 5760
5707 876 5760
2932 2199 8071
8071 2199 2932
2199 2932 8071
6498 10219 10814
10814 6498 10219
10219 6498 10814
3097 5053 9426
9426 3097 5053
5053 3097 9426
6349 4250 7578
7578 4250 6349
4250 6349 7578
10497 11028 13364
13364 10497 11028
11028 10497 13364
7047 7241 7401
7401 7047 7241
7241 7047 7401
3276 2255 9524
9524 2255 3276
2255 3276 9524
13075 11750 11887
11750 11887 13075
11887 11750 13075
11069 2340 13073
2340 11069 13073
13073 2340 11069
8615 5741 10952
5741 8615 10952
10952 5741 8615
3808 10252 12333
10252 3808 12333
12333 3808 10252
14245 1694 8201
1694 8201 14245
8201 1694 14245
12776 2099 7238
2099 7238 12776
7238 2099 12776
410 2631 3731
3731 410 2631
2631 410 3731
3246 239 5748
5748 239 3246
239 3246 5748
6653 799 4043
799 4043 6653
4043 799 6653
652 646 8392
646 652 8392
8392 646 652
14632 8341 10794
10794 8341 14632
8341 10794 14632
13954 2378 14418
2378 13954 14418
14418 2378 13954
12190 5412 7021
5412 7021 12190
7021 5412 12190
13404 615 13078
13078 615 13404
615 13078 13404
6901 455 9523
455 6901 9523
9523 455 6901
5243 4443 11304
4443 5243 11304
11304 4443 5243
10063 9534 10324
10324 9534 10063
9534 10063 10324
3169 6680 13464
6680 3169 13464
13464 3169 6680
13236 1017 9195
1017 9195 13236
9195 1017 13236
7272 6702 11085
11085 6702 7272
6702 7272 11085
993 4987 8849
8849 993 4987
4987 993 8849
5973 3183 12866
3183 5973 12866
12866 3183 5973
27 1265 5476
1265 27 5476
5476 27 1265
3193 4246 11592
11592 3193 4246
4246 3193 11592
4414 3045 10193
3045 4414 10193
10193 3045 4414
7699 3 5775
5775 3 7699
3 5775 7699
6251 10322 12963
10322 6251 12963
12963 6251 10322
3899 7306 12046
7306 3899 12046
12046 3899 7306
11475 4275 9717
9717 4275 11475
4275 9717 11475
14234 9288 11161
9288 11161 14234
11161 9288 14234
9267 2379 3187
2379 3187 9267
3187 2379 9267
8402 2558 12841
12841 2558 8402
2558 8402 12841
13483 3481 7690
7690 3481 13483
3481 7690 13483
13343 3365 10230
3365 10230 13343
10230 3365 13343
3387 1583 6229
1583 3387 6229
6229 1583 3387
13357 7566 13149
7566 13149 13357
13149 7566 13357
2616 798 2031
2031 798 2616
798 2031 2616
11107 6310 6664
6310 6664 11107
6664 6310 11107
4189 10405 13259
13259 4189 10405
10405 4189 13259
10031 9852 10436
10436 9852 10031
9852 10031 10436
6555 2026 4728
2026 4728 6555
4728 2026 6555
12571 530 7907
7907 530 12571
530 7907 12571
14183 12136 13767
13767 12136 14183
12136 13767 14183
9787 6849 8654
6849 8654 9787
8654 6849 9787
14347 7778 8079
7778 8079 14347
8079 7778 14347
5290 9042 9526
9526 5290 9042
9042 5290 9526
4677 3597 10819
3597 4677 10819
10819 3597 4677
11478 7767 10427
7767 10427 11478
10427 7767 11478
8668 7871 12742
7871 8668 12742
12742 7871 8668
13614 14376 14506
14376 13614 14506
14506 13614 14376
10269 5038 8514
8514 5038 10269
5038 8514 10269
13280 6518 9991
9991 6518 13280
6518 9991 13280
9749 1405 12115
1405 9749 12115
12115 1405 9749
11445 2861 7394
2861 7394 11445
7394 2861 11445
561 846 14386
14386 561 846
846 561 14386
5612 220 12097
12097 220 5612
220 5612 12097
10471 5199 13760
13760 5199 10471
5199 10471 13760
2598 937 8931
937 2598 8931
8931 937 2598
13554 1907 7821
7821 1907 13554
1907 7821 13554
1640 6011 8307
8307 1640 6011
6011 1640 8307
11936 107 177
107 177 11936
177 107 11936
5138 12767 13820
13820 5138 12767
12767 5138 13820
14994 4484 4776
4776 4484 14994
4484 4776 14994
8504 12697 14505
14505 8504 12697
12697 8504 14505
5886 2545 3385
3385 2545 5886
2545 3385 5886
13415 640 11605
640 11605 13415
11605 640 13415
7867 253 784
253 784 7867
784 253 7867
828 7849 12603
7849 828 12603
12603 828 7849
14256 5947 13066
13066 5947 14256
5947 13066 14256
2777 1470 10298
1470 2777 10298
10298 1470 2777
12981 10154 10590
10590 10154 12981
10154 10590 12981
13423 7250 10648
10648 7250 13423
7250 10648 13423
7153 55 5770
55 5770 7153
5770 55 7153
6586 7365 9985
9985 6586 7365
7365 6586 9985
3962 3707 9016
9016 3707 3962
3707 3962 9016
1859 4425 5470
4425 1859 5470
5470 1859 4425
4849 562 2629
562 2629 4849
2629 562 4849
3199 6294 7624
7624 3199 6294
6294 3199 7624
866 3125 7086
3125 866 7086
7086 866 3125
13118 6820 9316
6820 9316 13118
9316 6820 13118
3410 4713 4878
4878 3410 4713
4713 3410 4878
2739 5822 12578
12578 2739 5822
5822 2739 12578
3760 1593 6448
6448 1593 3760
1593 3760 6448
7596 12901 14909
14909 7596 12901
12901 7596 14909
13890 2188 11469
2188 11469 13890
11469 2188 13890
7509 2092 6143
2092 6143 7509
6143 2092 7509
1455 13244 13468
13244 1455 13468
13468 1455 13244
6853 12920 13534
12920 6853 13534
13534 6853 12920
13869 9337 10757
10757 9337 13869
9337 10757 13869
2093 3639 5908
3639 2093 5908
5908 2093 3639
10577 6023 12161
6023 10577 12161
12161 6023 10577
5819 1663 12155
12155 1663 5819
1663 5819 12155
3652 6328 9812
6328 3652 9812
9812 3652 6328
2000 1230 4983
4983 1230 2000
1230 2000 4983
10330 9906 12710
9906 10330 12710
12710 9906 10330
5731 8196 8918
8918 5731 8196
8196 5731 8918
14912 4047 11365
4047 11365 14912
11365 4047 14912
4738 7409 9551
9551 4738 7409
7409 4738 9551
4998 10212 12049
10212 4998 12049
12049 4998 10212
12433 7983 12366
12366 7983 12433
7983 12366 12433
244 261 7079
261 244 7079
7079 244 261
2680 2911 11070
11070 2680 2911
2911 2680 11070
4940 11872 13173
13173 4940 11872
11872 4940 13173
10043 5373 13497
13497 5373 10043
5373 10043 13497
5020 148 7180
148 5020 7180
7180 148 5020
6347 490 3937
490 3937 6347
3937 490 6347
6624 783 3095
783 3095 6624
3095 783 6624
3512 11976 14669
11976 3512 14669
14669 3512 11976
4826 5763 9412
5763 4826 9412
9412 4826 5763
11293 7171 12343
7171 11293 12343
12343 7171 11293
10452 4084 13621
13621 4084 10452
4084 10452 13621
2493 6674 6999
6999 2493 6674
6674 2493 6999
13680 1338 6672
1338 6672 13680
6672 1338 13680
6542 12637 13719
12637 6542 13719
13719 6542 12637
13604 6481 11141
11141 6481 13604
6481 11141 13604
11222 10095 12684
12684 10095 11222
10095 11222 12684
14269 6703 12669
6703 12669 14269
12669 6703 14269
6514 5890 14427
5890 6514 14427
14427 5890 6514
7635 8972 12018
8972 7635 12018
12018 7635 8972
9362 679 4989
679 4989 9362
4989 679 9362
12964 5717 9631
9631 5717 12964
5717 9631 12964
10730 6785 7988
7988 6785 10730
6785 7988 10730
14517 9573 14074
9573 14074 14517
14074 9573 14517
12821 3888 12737
12737 3888 12821
3888 12737 12821
9963 10326 11176
11176 9963 10326
10326 9963 11176
12402 3994 9932
9932 3994 12402
3994 9932 12402
6615 7456 9467
9467 6615 7456
7456 6615 9467
5497 13351 14395
14395 5497 13351
13351 5497 14395
14043 3238 13712
3238 13712 14043
13712 3238 14043
5647 9912 11313
9912 5647 11313
11313 5647 9912
7636 5970 9464
5970 7636 9464
9464 5970 7636
5896 1939 14742
1939 5896 14742
14742 1939 5896
11057 17 12384
12384 17 11057
17 11057 12384
203 5495 9712
9712 203 5495
5495 203 9712
128 3292 13860
3292 128 13860
13860 128 3292
14414 3054 13922
3054 13922 14414
13922 3054 14414
11806 4771 11795
11795 4771 11806
4771 11795 11806
9582 10939 12977
10939 9582 12977
12977 9582 10939
2215 2801 14946
2801 2215 14946
14946 2215 2801
12871 9365 13864
13864 9365 12871
9365 12871 13864
14471 1465 5777
1465 5777 14471
5777 1465 14471
2981 3798 4111
3798 2981 4111
4111 2981 3798
12512 5660 14402
14402 5660 12512
5660 12512 14402
2005 8050 14465
8050 2005 14465
14465 2005 8050
6266 8666 9731
8666 6266 9731
9731 6266 8666
5163 5927 9421
9421 5163 5927
5927 5163 9421
781 3832 4617
3832 781 4617
4617 781 3832
13997 8358 14964
14964 8358 13997
8358 13997 14964
6501 2289 8963
2289 6501 8963
8963 2289 6501
14704 4805 5912
4805 5912 14704
5912 4805 14704
13969 1307 11666
1307 11666 13969
11666 1307 13969
1541 4409 9797
9797 1541 4409
4409 1541 9797
3596 7036 8365
7036 3596 8365
8365 3596 7036
8270 8396 9955
9955 8270 8396
8396 8270 9955
943 1104 3121
1104 943 3121
3121 943 1104
7206 1298 3094
1298 3094 7206
3094 1298 7206
1944 3867 8520
3867 1944 8520
8520 1944 3867
1282 754 13877
754 1282 13877
13877 754 1282
10872 1629 12698
1629 10872 12698
12698 1629 10872
29 4319 12447
4319 29 12447
12447 29 4319
766 1215 5502
5502 766 1215
1215 766 5502
14711 346 1175
1175 346 14711
346 1175 14711
10751 3006 12288
12288 3006 10751
3006 10751 12288
6164 3966 5234
5234 3966 6164
3966 5234 6164
9273 1749 2023
2023 1749 9273
1749 2023 9273
10643 3002 11681
11681 3002 10643
3002 10643 11681
2403 8486 14447
14447 2403 8486
8486 2403 14447
13594 5312 6564
6564 5312 13594
5312 6564 13594
6745 3114 13581
3114 6745 13581
13581 3114 6745
8732 350 1750
1750 350 8732
350 1750 8732
4667 5246 11698
11698 4667 5246
5246 4667 11698
484 3761 4007
3761 484 4007
4007 484 3761
4123 6779 14272
6779 4123 14272
14272 4123 6779
8262 6916 6988
6916 6988 8262
6988 6916 8262
10360 5724 9914
5724 9914 10360
9914 5724 10360
360 9531 11386
11386 360 9531
9531 360 11386
6270 2411 6541
6541 2411 6270
2411 6270 6541
2222 9463 13241
13241 2222 9463
9463 2222 13241
6331 1550 14636
14636 1550 6331
1550 6331 14636
6603 11360 12916
12916 6603 11360
11360 6603 12916
5522 4631 8920
4631 5522 8920
8920 4631 5522
3153 3216 9558
9558 3153 3216
3216 3153 9558
1476 2979 7045
2979 1476 7045
7045 1476 2979
281 194 13545
13545 194 281
194 281 13545
6288 3516 11888
11888 3516 6288
3516 6288 11888
10503 10302 12648
12648 10302 10503
10302 10503 12648
3139 7242 12845
12845 3139 7242
7242 3139 12845
2022 264 6465
6465 264 2022
264 2022 6465
8231 12528 12746
12746 8231 12528
12528 8231 12746
6589 2908 3144
2908 3144 6589
3144 2908 6589
6682 10984 14960
10984 6682 14960
14960 6682 10984
11321 11059 13657
13657 11059 11321
11059 11321 13657
12152 11128 12432
11128 12152 12432
12432 11128 12152
4656 5264 9462
5264 4656 9462
9462 4656 5264
10670 8691 10350
10350 8691 10670
8691 10350 10670
7556 6878 12238
12238 6878 7556
6878 7556 12238
14973 7729 8467
8467 7729 14973
7729 8467 14973
9766 860 14247
14247 860 9766
860 9766 14247
8748 10542 12441
12441 8748 10542
10542 8748 12441
5128 5781 9976
9976 5128 5781
5781 5128 9976
12282 7536 14333
14333 7536 12282
7536 12282 14333
9459 1647 14268
14268 1647 9459
1647 9459 14268
6079 13214 13253
13214 6079 13253
13253 6079 13214
5703 99 3198
3198 99 5703
99 3198 5703
3016 6658 10910
6658 3016 10910
10910 3016 6658
5262 1532 14093
14093 1532 5262
1532 5262 14093
2269 2669 12945
12945 2269 2669
2669 2269 12945
7654 7289 10625
7289 7654 10625
10625 7289 7654
13260 5727 14933
5727 13260 14933
14933 5727 13260
8746 9541 14002
14002 8746 9541
9541 8746 14002
2836 723 10394
10394 723 2836
723 2836 10394
14326 2216 13005
13005 2216 14326
2216 13005 14326
9418 1820 14449
1820 9418 14449
14449 1820 9418
211 990 4698
4698 211 990
990 211 4698
1797 694 2155
2155 694 1797
694 1797 2155
3392 529 14158
529 3392 14158
14158 529 3392
12299 9440 14134
9440 12299 14134
14134 9440 12299
12077 7530 14378
7530 12077 14378
14378 7530 12077
10847 7125 10491
10491 7125 10847
7125 10491 10847
8252 12315 12691
12315 8252 12691
12691 8252 12315
9407 7615 9211
7615 9211 9407
9211 7615 9407
6101 11937 13266
13266 6101 11937
11937 6101 13266
4492 10710 13718
10710 4492 13718
13718 4492 10710
5729 3204 13960
3204 5729 13960
13960 3204 5729
1281 6009 13979
13979 1281 6009
6009 1281 13979
7284 9903 13666
13666 7284 9903
9903 7284 13666
11007 162 12410
162 11007 12410
12410 162 11007
4021 9542 11352
11352 4021 9542
9542 4021 11352
7166 12340 14375
12340 7166 14375
14375 7166 12340
13772 1662 13499
13499 1662 13772
1662 13499 13772
6907 755 1630
1630 755 6907
755 1630 6907
3628 3171 3205
3205 3171 3628
3171 3205 3628
6543 7223 8905
8905 6543 7223
7223 6543 8905
1712 7271 13164
7271 1712 13164
13164 1712 7271
11788 4774 13902
13902 4774 11788
4774 11788 13902
9597 2084 9039
9039 2084 9597
2084 9039 9597
7672 2423 6655
2423 6655 7672
6655 2423 7672
3583 1404 8045
1404 3583 8045
8045 1404 3583
7850 823 5582
5582 823 7850
823 5582 7850
5869 9356 13354
9356 5869 13354
13354 5869 9356
7776 10209 12562
12562 7776 10209
10209 7776 12562
10059 7619 12289
12289 7619 10059
7619 10059 12289
4082 136 598
136 598 4082
598 136 4082
4521 1274 9396
1274 4521 9396
9396 1274 4521
12338 3278 6467
6467 3278 12338
3278 6467 12338
12068 256 9501
9501 256 12068
256 9501 12068
3854 2447 9395
9395 2447 3854
2447 3854 9395
9964 3775 10418
10418 3775 9964
3775 9964 10418
10923 6422 8979
8979 6422 10923
6422 8979 10923
9254 2072 12060
12060 2072 9254
2072 9254 12060
548 2941 11667
11667 548 2941
2941 548 11667
2008 2385 7810
2385 2008 7810
7810 2008 2385
12494 6092 13773
6092 12494 13773
13773 6092 12494
14025 2183 5063
5063 2183 14025
2183 5063 14025
9244 4440 8648
4440 8648 9244
8648 4440 9244
3312 11199 11457
11199 3312 11457
11457 3312 11199
1626 10843 13715
13715 1626 10843
10843 1626 13715
4666 4598 13216
4598 4666 13216
13216 4598 4666
14749 5713 10111
10111 5713 14749
5713 10111 14749
1515 11516 13546
13546 1515 11516
11516 1515 13546
11502 621 4220
621 4220 11502
4220 621 11502
5229 9656 14457
14457 5229 9656
9656 5229 14457
13090 207 13450
13450 207 13090
207 13090 13450
8993 176 8286
176 8286 8993
8286 176 8993
13492 2344 10956
10956 2344 13492
2344 10956 13492
970 5082 10092
10092 970 5082
5082 970 10092
4236 1847 11334
11334 1847 4236
1847 4236 11334
3254 1084 10364
1084 3254 10364
10364 1084 3254
10356 3665 8947
3665 8947 10356
8947 3665 10356
7294 2272 10990
2272 7294 10990
10990 2272 7294
6678 2302 5706
5706 2302 6678
2302 5706 6678
12365 5614 10053
10053 5614 12365
5614 10053 12365
12073 7090 8837
7090 8837 12073
8837 7090 12073
5650 3453 4139
4139 3453 5650
3453 4139 5650
14597 6070 6202
6070 6202 14597
6202 6070 14597
14674 693 11246
693 11246 14674
11246 693 14674
8774 4546 11642
11642 4546 8774
4546 8774 11642
14578 10177 14524
14524 10177 14578
10177 14524 14578
10102 6150 6656
6150 6656 10102
6656 6150 10102
7940 2956 4317
2956 4317 7940
4317 2956 7940
12380 10891 14480
14480 10891 12380
10891 12380 14480
4235 2069 2675
2675 2069 4235
2069 2675 4235
12099 4822 12156
12156 4822 12099
4822 12099 12156
4567 5351 12070
5351 4567 12070
12070 4567 5351
7738 3569 12671
12671 3569 7738
3569 7738 12671
7814 6215 7656
7656 6215 7814
6215 7656 7814
6943 5147 9090
5147 6943 9090
9090 5147 6943
9939 2462 11560
11560 2462 9939
2462 9939 11560
3987 2623 6160
6160 2623 3987
2623 3987 6160
7103 5773 13684
13684 5773 7103
5773 7103 13684
1886 6577 12973
6577 1886 12973
12973 1886 6577
1726 1186 3435
1186 1726 3435
3435 1186 1726
868 5966 14832
5966 868 14832
14832 868 5966
7344 3646 5046
5046 3646 7344
3646 5046 7344
11905 1090 8793
1090 8793 11905
8793 1090 11905
5380 2391 12363
12363 2391 5380
2391 5380 12363
5484 266 14200
266 5484 14200
14200 266 5484
683 3196 6096
6096 683 3196
3196 683 6096
6114 14 9916
9916 14 6114
14 6114 9916
3364 6596 11722
6596 3364 11722
11722 3364 6596
10600 10257 13317
13317 10257 10600
10257 10600 13317
8934 3257 5604
5604 3257 8934
3257 5604 8934
3737 10554 10604
10554 3737 10604
10604 3737 10554
4812 1294 1543
1543 1294 4812
1294 1543 4812
8844 849 11999
11999 849 8844
849 8844 11999
11234 3786 7858
3786 7858 11234
7858 3786 11234
3129 7647 11466
7647 3129 11466
11466 3129 7647
9666 7122 14178
7122 9666 14178
14178 7122 9666
5980 1888 10622
10622 1888 5980
1888 5980 10622
14199 11896 12703
11896 12703 14199
12703 11896 14199
6301 503 11975
11975 503 6301
503 6301 11975
9980 6591 14119
14119 6591 9980
6591 9980 14119
10082 6880 9325
6880 9325 10082
9325 6880 10082
13592 2498 12095
12095 2498 13592
2498 12095 13592
12311 2983 14610
2983 12311 14610
14610 2983 12311
12500 6144 6821
6144 6821 12500
6821 6144 12500
12607 2145 13607
2145 12607 13607
13607 2145 12607
10775 3674 9693
3674 9693 10775
9693 3674 10775
3241 14264 14596
14264 3241 14596
14596 3241 14264
14300 4879 6579
6579 4879 14300
4879 6579 14300
11056 10906 11124
10906 11056 11124
11124 10906 11056
5378 1741 3454
1741 3454 5378
3454 1741 5378
10896 3848 4227
4227 3848 10896
3848 4227 10896
2253 7011 10153
7011 2253 10153
10153 2253 7011
2601 7502 14285
14285 2601 7502
7502 2601 14285
11989 7488 8718
7488 8718 11989
8718 7488 11989
1880 547 11551
11551 547 1880
547 1880 11551
2040 606 10071
10071 606 2040
606 2040 10071
486 1207 9587
9587 486 1207
1207 486 9587
8209 6148 11672
11672 6148 8209
6148 8209 11672
10361 4524 9808
4524 9808 10361
9808 4524 10361
1965 11282 13455
13455 1965 11282
11282 1965 13455
10807 7830 13998
13998 7830 10807
7830 10807 13998
2844 1713 11355
1713 2844 11355
11355 1713 2844
7346 2169 3891
2169 3891 7346
3891 2169 7346
7057 6360 9771
6360 7057 9771
9771 6360 7057
4474 5743 6044
5743 4474 6044
6044 4474 5743
2849 6391 8474
8474 2849 6391
6391 2849 8474
9986 610 3502
610 3502 9986
3502 610 9986
6610 7413 11281
7413 6610 11281
11281 6610 7413
3785 8413 13054
13054 3785 8413
8413 3785 13054
3645 5702 12474
5702 3645 12474
12474 3645 5702
5725 825 2224
2224 825 5725
825 2224 5725
13627 234 13338
13338 234 13627
234 13338 13627
4842 7324 11636
11636 4842 7324
7324 4842 11636
8577 654 5314
654 5314 8577
5314 654 8577
4067 8377 12602
8377 4067 12602
12602 4067 8377
10309 3759 5645
3759 5645 10309
5645 3759 10309
6189 665 8335
8335 665 6189
665 6189 8335
5599 2170 3890
2170 3890 5599
3890 2170 5599
6065 3466 10458
3466 6065 10458
10458 3466 6065
1316 9087 14698
14698 1316 9087
9087 1316 14698
9007 2138 12170
2138 9007 12170
12170 2138 9007
5634 10716 11138
11138 5634 10716
10716 5634 11138
8497 4140 12993
4140 8497 12993
12993 4140 8497
6380 8212 9707
9707 6380 8212
8212 6380 9707
9181 7961 12550
12550 7961 9181
7961 9181 12550
14163 3570 6415
3570 6415 14163
6415 3570 14163
8029 812 9720
812 8029 9720
9720 812 8029
3324 7160 7434
7434 3324 7160
7160 3324 7434
7809 5485 10270
5485 7809 10270
10270 5485 7809
4389 12654 13326
13326 4389 12654
12654 4389 13326
7356 474 3644
3644 474 7356
474 3644 7356
1317 3192 13420
13420 1317 3192
3192 1317 13420
9695 10825 13733
13733 9695 10825
10825 9695 13733
2428 3673 10098
3673 2428 10098
10098 2428 3673
10495 500 14113
14113 500 10495
500 10495 14113
2671 1130 10703
10703 1130 2671
1130 2671 10703
13761 8306 13432
8306 13432 13761
13432 8306 13761
467 5915 14031
14031 467 5915
5915 467 14031
6364 2881 3071
3071 2881 6364
2881 3071 6364
7865 1348 14499
14499 1348 7865
1348 7865 14499
9161 1823 5883
5883 1823 9161
1823 5883 9161
5374 1959 7494
7494 1959 5374
1959 5374 7494
3515 847 3406
847 3406 3515
3406 847 3515
3030 123 995
995 123 3030
123 995 3030
9142 6611 12285
12285 6611 9142
6611 9142 12285
6593 3949 8951
8951 3949 6593
3949 6593 8951
1763 4186 11033
4186 1763 11033
11033 1763 4186
6108 1769 13895
13895 1769 6108
1769 6108 13895
3212 3089 6183
3089 3212 6183
6183 3089 3212
1376 8338 15000
15000 1376 8338
8338 1376 15000
4071 4553 13106
4553 4071 13106
13106 4071 4553
10623 9369 10561
9369 10561 10623
10561 9369 10623
237 3367 12699
12699 237 3367
3367 237 12699
5317 6358 10796
10796 5317 6358
6358 5317 10796
1354 5607 11980
11980 1354 5607
5607 1354 11980
13325 7240 9342
9342 7240 13325
7240 9342 13325
3743 13029 13114
13114 3743 13029
13029 3743 13114
1996 6774 9458
9458 1996 6774
6774 1996 9458
7577 11732 12898
12898 7577 11732
11732 7577 12898
2266 7918 13088
13088 2266 7918
7918 2266 13088
10642 5664 6733
6733 5664 10642
5664 6733 10642
6976 6904 14697
14697 6904 6976
6904 6976 14697
4359 13533 14257
14257 4359 13533
13533 4359 14257
1521 4790 5407
5407 1521 4790
4790 1521 5407
191 246 7330
7330 191 246
246 191 7330
8043 3436 4798
4798 3436 8043
3436 4798 8043
1234 5948 8850
5948 1234 8850
8850 1234 5948
10728 7183 11491
11491 7183 10728
7183 10728 11491
13287 2679 11674
2679 11674 13287
11674 2679 13287
13779 3647 13671
3647 13671 13779
13671 3647 13779
926 8896 14364
8896 926 14364
14364 926 8896
9143 6442 9131
9131 6442 9143
6442 9131 9143
2826 6766 13711
13711 2826 6766
6766 2826 13711
11956 920 10288
920 10288 11956
10288 920 11956
3765 7320 9820
9820 3765 7320
7320 3765 9820
7061 890 7620
7620 890 7061
890 7061 7620
7299 6324 10190
6324 7299 10190
10190 6324 7299
11329 3020 13065
3020 11329 13065
13065 3020 11329
14942 10606 14746
10606 14746 14942
14746 10606 14942
12847 2483 14526
14526 2483 12847
2483 12847 14526
1802 5644 9431
9431 1802 5644
5644 1802 9431
4681 9218 10525
10525 4681 9218
9218 4681 10525
2532 1843 14737
14737 1843 2532
1843 2532 14737
14939 7348 14914
14914 7348 14939
7348 14914 14939
5791 4160 12548
4160 5791 12548
12548 4160 5791
2041 167 2056
167 2041 2056
2056 167 2041
14805 6129 11413
6129 11413 14805
11413 6129 14805
10696 6961 11385
11385 6961 10696
6961 10696 11385
7168 3509 6718
6718 3509 7168
3509 6718 7168
8122 5479 9184
5479 8122 9184
9184 5479 8122
5579 700 13041
700 5579 13041
13041 700 5579
768 1388 7253
1388 768 7253
7253 768 1388
4552 9943 10266
9943 4552 10266
10266 4552 9943
12826 3211 12428
12428 3211 12826
3211 12428 12826
2461 2847 11228
11228 2461 2847
2847 2461 11228
5414 5541 14042
14042 5414 5541
5541 5414 14042
2811 2020 5682
2020 2811 5682
5682 2020 2811
11201 8386 10434
8386 10434 11201
10434 8386 11201
13057 1510 6155
6155 1510 13057
1510 6155 13057
11095 1436 4885
1436 4885 11095
4885 1436 11095
1312 7287 8170
7287 1312 8170
8170 1312 7287
8183 5002 5369
5369 5002 8183
5002 5369 8183
13198 1495 4452
4452 1495 13198
1495 4452 13198
6052 13615 13686
13615 6052 13686
13686 6052 13615
564 7474 10100
10100 564 7474
7474 564 10100
7878 2897 10857
2897 7878 10857
10857 2897 7878
2348 1788 10637
1788 2348 10637
10637 1788 2348
10684 5381 8315
8315 5381 10684
5381 8315 10684
6917 2934 8848
8848 2934 6917
2934 6917 8848
2360 7483 11212
11212 2360 7483
7483 2360 11212
198 4906 9795
4906 198 9795
9795 198 4906
9529 13156 13476
13476 9529 13156
13156 9529 13476
9592 2203 13810
13810 2203 9592
2203 9592 13810
5837 822 9230
822 5837 9230
9230 822 5837
4520 4573 9842
9842 4520 4573
4573 4520 9842
6816 5536 11451
5536 6816 11451
11451 5536 6816
13735 1586 6626
6626 1586 13735
1586 6626 13735
5884 9229 10072
9229 5884 10072
10072 5884 9229
1993 11453 12900
11453 1993 12900
12900 1993 11453
9477 13262 14408
13262 9477 14408
14408 9477 13262
3411 2091 12314
12314 2091 3411
2091 3411 12314
13550 11520 11812
11812 11520 13550
11520 11812 13550
572 4714 10920
10920 572 4714
4714 572 10920
5957 7139 9488
9488 5957 7139
7139 5957 9488
6337 9209 14014
14014 6337 9209
9209 6337 14014
4427 11134 12966
11134 4427 12966
12966 4427 11134
8367 5041 10849
5041 8367 10849
10849 5041 8367
5436 1056 8023
8023 1056 5436
1056 5436 8023
4585 2478 7761
7761 2478 4585
2478 4585 7761
2900 4436 5906
5906 2900 4436
4436 2900 5906
9601 8457 9043
9043 8457 9601
8457 9043 9601
13839 1057 6206
1057 6206 13839
6206 1057 13839
10099 1505 9370
9370 1505 10099
1505 9370 10099
313 10106 14902
10106 313 14902
14902 313 10106
2184 6787 10837
6787 2184 10837
10837 2184 6787
996 8391 14120
8391 996 14120
14120 996 8391
7762 5871 11333
11333 5871 7762
5871 7762 11333
4597 10199 11178
10199 4597 11178
11178 4597 10199
11225 1128 12509
12509 1128 11225
1128 11225 12509
8806 2015 12269
2015 8806 12269
12269 2015 8806
9775 1482 2536
1482 2536 9775
2536 1482 9775
8749 8238 8663
8663 8238 8749
8238 8663 8749
10074 4216 8060
4216 8060 10074
8060 4216 10074
4233 1785 10983
1785 4233 10983
10983 1785 4233
10143 10950 14238
10950 10143 14238
14238 10143 10950
6196 2158 8372
8372 2158 6196
2158 6196 8372
9030 4775 10329
4775 9030 10329
10329 4775 9030
7743 424 6521
6521 424 7743
424 6521 7743
5926 10657 12467
12467 5926 10657
10657 5926 12467
8034 8661 11019
11019 8034 8661
8661 8034 11019
10426 12397 12949
12949 10426 12397
12397 10426 12949
8645 948 12358
948 8645 12358
12358 948 8645
3520 184 10267
184 3520 10267
10267 184 3520
2896 2328 13379
2328 2896 13379
13379 2328 2896
341 13648 13783
13783 341 13648
13648 341 13783
5774 1096 10400
1096 5774 10400
10400 1096 5774
7686 4563 5847
4563 5847 7686
5847 4563 7686
13513 5709 7075
5709 7075 13513
7075 5709 13513
5000 3228 11763
3228 5000 11763
11763 3228 5000
4514 2807 5657
5657 2807 4514
2807 4514 5657
9081 7649 13227
7649 9081 13227
13227 7649 9081
6683 12371 13445
13445 6683 12371
12371 6683 13445
12400 578 14450
578 12400 14450
14450 578 12400
13644 303 12028
12028 303 13644
303 12028 13644
11886 2182 10424
2182 10424 11886
10424 2182 11886
10994 7560 12431
12431 7560 10994
7560 10994 12431
12229 3190 11580
3190 11580 12229
11580 3190 12229
14227 4453 10118
10118 4453 14227
4453 10118 14227
12457 12374 12722
12374 12457 12722
12722 12374 12457
10659 14213 14618
14213 10659 14618
14618 10659 14213
9790 5182 14352
14352 5182 9790
5182 9790 14352
11573 12533 13441
13441 11573 12533
12533 11573 13441
8738 7412 14785
14785 7412 8738
7412 8738 14785
2273 8325 11537
11537 2273 8325
8325 2273 11537
2441 9135 10293
9135 2441 10293
10293 2441 9135
3336 4806 10378
10378 3336 4806
4806 3336 10378
9519 3182 7819
7819 3182 9519
3182 7819 9519
1972 6317 9027
9027 1972 6317
6317 1972 9027
2878 1841 9865
9865 1841 2878
1841 2878 9865
5695 3470 10393
10393 3470 5695
3470 5695 10393
7750 2855 3058
3058 2855 7750
2855 3058 7750
14893 983 1239
1239 983 14893
983 1239 14893
2566 7503 13514
7503 2566 13514
13514 2566 7503
8689 10955 11284
11284 8689 10955
10955 8689 11284
5329 9145 13522
9145 5329 13522
13522 5329 9145
14064 7023 10340
7023 10340 14064
10340 7023 14064
10076 4647 14804
14804 4647 10076
4647 10076 14804
10828 1473 2109
2109 1473 10828
1473 2109 10828
6572 855 2848
855 2848 6572
2848 855 6572
11450 3134 12493
3134 11450 12493
12493 3134 11450
2110 1235 14169
14169 1235 2110
1235 2110 14169
5018 4087 9444
4087 5018 9444
9444 4087 5018
4765 129 11889
129 4765 11889
11889 129 4765
67 13419 13897
13897 67 13419
13419 67 13897
13861 8101 9553
8101 9553 13861
9553 8101 13861
2713 2754 10722
2754 2713 10722
10722 2713 2754
5680 6260 9321
9321 5680 6260
6260 5680 9321
9020 9828 14695
14695 9020 9828
9828 9020 14695
12935 1077 12752
12752 1077 12935
1077 12752 12935
1387 865 3778
865 1387 3778
3778 865 1387
12292 805 11512
11512 805 12292
805 11512 12292
8411 1607 4876
1607 4876 8411
4876 1607 8411
6006 635 2563
2563 635 6006
635 2563 6006
7033 6156 11455
11455 6156 7033
6156 7033 11455
4632 10741 14828
14828 4632 10741
10741 4632 14828
470 1563 4536
4536 470 1563
1563 470 4536
9739 392 2112
2112 392 9739
392 2112 9739
6322 1188 6762
1188 6322 6762
6762 1188 6322
3274 10673 11080
10673 3274 11080
11080 3274 10673
14316 6086 12618
12618 6086 14316
6086 12618 14316
3886 5062 14424
14424 3886 5062
5062 3886 14424
10220 5769 8276
8276 5769 10220
5769 8276 10220
9136 3977 6634
3977 6634 9136
6634 3977 9136
7715 4955 13209
4955 7715 13209
13209 4955 7715
4910 2770 10126
10126 2770 4910
2770 4910 10126
2673 1477 4731
4731 1477 2673
1477 2673 4731
14219 147 11903
147 11903 14219
11903 147 14219
14613 10913 12626
12626 10913 14613
10913 12626 14613
7801 3572 10344
10344 3572 7801
3572 7801 10344
5186 1266 3726
1266 3726 5186
3726 1266 5186
6020 3115 13121
3115 6020 13121
13121 3115 6020
11662 6614 13631
13631 6614 11662
6614 11662 13631
8813 6536 7908
6536 7908 8813
7908 6536 8813
569 6927 8916
6927 569 8916
8916 569 6927
6574 2486 13672
2486 6574 13672
13672 2486 6574
14062 5674 14894
5674 14062 14894
14894 5674 14062
1134 210 9125
9125 210 1134
210 1134 9125
4065 4537 11801
4537 4065 11801
11801 4065 4537
9818 1901 7930
1901 7930 9818
7930 1901 9818
12529 3038 13248
13248 3038 12529
3038 12529 13248
12434 4669 14270
4669 12434 14270
14270 4669 12434
10538 4792 10054
10054 4792 10538
4792 10054 10538
7831 4109 8819
4109 7831 8819
8819 4109 7831
10006 1058 1609
1058 1609 10006
1609 1058 10006
1940 1873 7375
7375 1873 1940
1873 1940 7375
10946 9399 11140
9399 10946 11140
11140 9399 10946
8046 7789 12576
12576 7789 8046
7789 8046 12576
10689 10564 11718
10564 10689 11718
11718 10564 10689
1557 7385 14391
14391 1557 7385
7385 1557 14391
10251 1865 14727
14727 1865 10251
1865 10251 14727
7643 9931 11857
9931 7643 11857
11857 7643 9931
14306 9550 14917
14917 9550 14306
9550 14306 14917
8487 1918 3106
1918 3106 8487
3106 1918 8487
1878 3956 5273
3956 1878 5273
5273 1878 3956
3725 9727 13757
13757 3725 9727
9727 3725 13757
10860 8891 14279
14279 8891 10860
8891 10860 14279
5450 10619 13448
10619 5450 13448
13448 5450 10619
5465 6971 7825
7825 5465 6971
6971 5465 7825
2800 1871 9998
1871 2800 9998
9998 1871 2800
10826 9957 14487
14487 9957 10826
9957 10826 14487
8836 65 12687
65 8836 12687
12687 65 8836
431 11557 14808
11557 431 14808
14808 431 11557
1850 3055 7010
7010 1850 3055
3055 1850 7010
13855 5280 14802
14802 5280 13855
5280 13855 14802
5184 3267 5581
3267 5184 5581
5581 3267 5184
299 2426 2520
2520 299 2426
2426 299 2520
393 9848 11609
11609 393 9848
9848 393 11609
2538 40 6534
6534 40 2538
40 2538 6534
12899 1451 8453
1451 8453 12899
8453 1451 12899
10104 4465 9373
4465 9373 10104
9373 4465 10104
7541 4170 14371
4170 7541 14371
14371 4170 7541
12503 3945 8726
8726 3945 12503
3945 8726 12503
8888 8562 14301
14301 8562 8888
8562 8888 14301
5133 7067 7345
7067 5133 7345
7345 5133 7067
1930 4029 8296
4029 1930 8296
8296 1930 4029
2358 9837 13570
9837 2358 13570
13570 2358 9837
14383 10930 14745
10930 14383 14745
14745 10930 14383
1219 11367 13798
13798 1219 11367
11367 1219 13798
1180 3372 10465
3372 1180 10465
10465 1180 3372
5058 9508 11708
9508 5058 11708
11708 5058 9508
5711 411 9240
411 5711 9240
9240 411 5711
10110 2139 8146
8146 2139 10110
2139 8146 10110
11648 6191 8534
6191 8534 11648
8534 6191 11648
1752 4297 14361
14361 1752 4297
4297 1752 14361
7099 9168 13658
13658 7099 9168
9168 7099 13658
14023 73 7459
7459 73 14023
73 7459 14023
14600 10682 14202
10682 14202 14600
14202 10682 14600
11754 11412 13775
13775 11412 11754
11412 11754 13775
10978 6639 7733
6639 7733 10978
7733 6639 10978
1420 1148 3080
3080 1148 1420
1148 1420 3080
5537 8809 10004
10004 5537 8809
8809 5537 10004
11890 9638 13093
9638 11890 13093
13093 9638 11890
2666 1251 13819
13819 1251 2666
1251 2666 13819
4289 8419 9268
8419 4289 9268
9268 4289 8419
11792 11404 14318
14318 11404 11792
11404 11792 14318
11531 3373 9583
3373 9583 11531
9583 3373 11531
8390 5550 8640
5550 8390 8640
8640 5550 8390
8610 145 14278
145 8610 14278
14278 145 8610
9942 3303 7024
7024 3303 9942
3303 7024 9942
1286 9152 14026
14026 1286 9152
9152 1286 14026
4475 31 340
340 31 4475
31 340 4475
8379 3414 14952
3414 8379 14952
14952 3414 8379
5266 3224 7249
3224 5266 7249
7249 3224 5266
8670 11362 14232
11362 8670 14232
14232 8670 11362
12330 7005 8118
7005 8118 12330
8118 7005 12330
14065 85 7652
7652 85 14065
85 7652 14065
8563 6219 6519
6219 6519 8563
6519 6219 8563
4744 4057 9507
4057 4744 9507
9507 4057 4744
9274 6383 14460
6383 9274 14460
14460 6383 9274
2481 3160 13778
13778 2481 3160
3160 2481 13778
5006 9616 13825
13825 5006 9616
9616 5006 13825
13921 1718 13919
1718 13919 13921
13919 1718 13921
10384 11343 14519
14519 10384 11343
11343 10384 14519
7681 12010 12639
12010 7681 12639
12639 7681 12010
6068 4932 10549
10549 4932 6068
4932 6068 10549
6977 5003 8978
5003 6977 8978
8978 5003 6977
1023 109 4476
109 1023 4476
4476 109 1023
4316 2944 7006
7006 2944 4316
2944 4316 7006
13286 2816 8461
2816 8461 13286
8461 2816 13286
12375 8414 9050
8414 9050 12375
9050 8414 12375
862 6012 14948
14948 862 6012
6012 862 14948
1690 1955 2248
1955 1690 2248
2248 1690 1955
3957 3240 3965
3240 3957 3965
3965 3240 3957
3540 3979 7657
3979 3540 7657
7657 3540 3979
1141 4773 14829
4773 1141 14829
14829 1141 4773
6356 11175 13440
13440 6356 11175
11175 6356 13440
12211 1890 8728
1890 8728 12211
8728 1890 12211
11402 9023 11187
11187 9023 11402
9023 11187 11402
1946 776 13144
776 1946 13144
13144 776 1946
9867 910 8313
910 8313 9867
8313 910 9867
1941 8009 12172
12172 1941 8009
8009 1941 12172
3430 81 14166
81 3430 14166
14166 81 3430
7376 11116 12290
12290 7376 11116
11116 7376 12290
6640 9917 12256
9917 6640 12256
12256 6640 9917
8131 9066 14498
14498 8131 9066
9066 8131 14498
14827 6815 7329
7329 6815 14827
6815 7329 14827
12613 5069 6869
6869 5069 12613
5069 6869 12613
10320 3287 6746
6746 3287 10320
3287 6746 10320
10348 5060 13410
13410 5060 10348
5060 10348 13410
510 3827 11132
3827 510 11132
11132 510 3827
10557 4329 7633
4329 7633 10557
7633 4329 10557
6128 8790 10401
8790 6128 10401
10401 6128 8790
13097 7173 7758
7173 7758 13097
7758 7173 13097
12582 6157 9878
9878 6157 12582
6157 9878 12582
2891 14027 14448
14027 2891 14448
14448 2891 14027
1275 1079 10273
1079 1275 10273
10273 1079 1275
11208 7119 12931
12931 7119 11208
7119 11208 12931
5881 3768 12505
3768 5881 12505
12505 3768 5881
9647 9765 11448
11448 9647 9765
9765 9647 11448
721 9283 9680
9680 721 9283
9283 721 9680
13102 1198 8825
8825 1198 13102
1198 8825 13102
2444 3429 11081
3429 2444 11081
11081 2444 3429
6764 3023 14143
14143 3023 6764
3023 6764 14143
13660 1214 8853
8853 1214 13660
1214 8853 13660
9783 7124 14544
7124 9783 14544
14544 7124 9783
10254 2083 14770
2083 10254 14770
14770 2083 10254
4379 180 9093
180 4379 9093
9093 180 4379
1910 394 13457
394 1910 13457
13457 394 1910
8929 10277 11860
11860 8929 10277
10277 8929 11860
10580 2606 3194
2606 3194 10580
3194 2606 10580
14343 10805 13552
10805 13552 14343
13552 10805 14343
6629 12701 12934
12701 6629 12934
12934 6629 12701
2917 2824 4905
2824 2917 4905
4905 2824 2917
7351 4800 10014
4800 7351 10014
10014 4800 7351
2096 8572 14672
8572 2096 14672
14672 2096 8572
711 4313 6466
6466 711 4313
4313 711 6466
7120 1 2614
2614 1 7120
1 2614 7120
5326 4539 8005
4539 5326 8005
8005 4539 5326
8113 5687 12451
5687 8113 12451
12451 5687 8113
4543 4948 5089
5089 4543 4948
4948 4543 5089
12454 5100 9620
5100 9620 12454
9620 5100 12454
5080 5108 12974
12974 5080 5108
5108 5080 12974
9434 42 7347
42 7347 9434
7347 42 9434
9099 10067 10951
10951 9099 10067
10067 9099 10951
12072 884 12967
12967 884 12072
884 12072 12967
3137 8165 8397
8397 3137 8165
8165 3137 8397
12045 12557 13140
12557 12045 13140
13140 12045 12557
13406 6919 9755
6919 9755 13406
9755 6919 13406
1107 13871 14214
13871 1107 14214
14214 1107 13871
7487 6552 7973
6552 7487 7973
7973 6552 7487
5605 1692 7605
7605 1692 5605
1692 5605 7605
1424 2716 14787
2716 1424 14787
14787 1424 2716
10626 6713 12540
12540 6713 10626
6713 10626 12540
13720 5098 8261
8261 5098 13720
5098 8261 13720
1221 6357 6701
6701 1221 6357
6357 1221 6701
3918 436 10354
10354 436 3918
436 3918 10354
14474 4380 4643
4643 4380 14474
4380 4643 14474
12536 2446 10726
10726 2446 12536
2446 10726 12536
4755 4581 14928
4581 4755 14928
14928 4581 4755
6806 2388 3050
3050 2388 6806
2388 3050 6806
11933 913 5826
913 5826 11933
5826 913 11933
9319 4190 6679
4190 6679 9319
6679 4190 9319
7140 6846 8083
8083 6846 7140
6846 7140 8083
8874 13800 13913
13913 8874 13800
13800 8874 13913
3179 8305 13986
8305 3179 13986
13986 3179 8305
1644 4455 12492
4455 1644 12492
12492 1644 4455
14039 2389 6749
6749 2389 14039
2389 6749 14039
9338 331 11338
331 9338 11338
11338 331 9338
12272 216 13744
13744 216 12272
216 12272 13744
7220 3706 14091
3706 7220 14091
14091 3706 7220
9468 2715 13504
13504 2715 9468
2715 9468 13504
12690 4900 9246
9246 4900 12690
4900 9246 12690
1915 3935 12561
12561 1915 3935
3935 1915 12561
12816 985 8207
985 8207 12816
8207 985 12816
13662 1203 9183
1203 9183 13662
9183 1203 13662
7318 6573 12996
6573 7318 12996
12996 6573 7318
7424 7915 13511
7915 7424 13511
13511 7424 7915
1225 12232 14871
14871 1225 12232
12232 1225 14871
13110 4286 14315
4286 13110 14315
14315 4286 13110
6735 7936 9110
9110 6735 7936
7936 6735 9110
8070 1467 9113
9113 1467 8070
1467 8070 9113
5122 1761 8109
8109 1761 5122
1761 5122 8109
6974 2833 3091
3091 2833 6974
2833 3091 6974
11883 8770 11198
11198 8770 11883
8770 11198 11883
10385 11640 13203
13203 10385 11640
11640 10385 13203
6946 1260 13555
13555 1260 6946
1260 6946 13555
8147 4986 7430
7430 4986 8147
4986 7430 8147
1407 8218 8532
8218 1407 8532
8532 1407 8218
797 5367 11866
11866 797 5367
5367 797 11866
5174 100 8425
8425 100 5174
100 5174 8425
703 8857 8988
8857 703 8988
8988 703 8857
1200 9076 9679
9679 1200 9076
9076 1200 9679
9782 3774 14198
3774 9782 14198
14198 3774 9782
13363 3266 13910
3266 13363 13910
13910 3266 13363
9633 7860 13055
13055 7860 9633
7860 9633 13055
6954 1152 4127
4127 1152 6954
1152 4127 6954
9282 7179 11388
11388 7179 9282
7179 9282 11388
3546 1746 9863
1746 3546 9863
9863 1746 3546
1021 7300 13019
7300 1021 13019
13019 1021 7300
13045 10902 14962
10902 13045 14962
14962 10902 13045
287 6233 8646
6233 287 8646
8646 287 6233
13049 1968 6242
6242 1968 13049
1968 6242 13049
13991 4679 12252
12252 4679 13991
4679 12252 13991
4420 1237 4874
1237 4420 4874
4874 1237 4420
4213 709 3650
3650 709 4213
709 3650 4213
2440 3566 14250
3566 2440 14250
14250 2440 3566
2111 6934 8063
8063 2111 6934
6934 2111 8063
2937 6865 9357
9357 2937 6865
6865 2937 9357
11563 804 7186
7186 804 11563
804 7186 11563
9305 3049 14824
3049 9305 14824
14824 3049 9305
7726 2156 10661
10661 2156 7726
2156 7726 10661
8149 8556 14438
14438 8149 8556
8556 8149 14438
6707 14571 14892
14892 6707 14571
14571 6707 14892
8232 481 892
892 481 8232
481 892 8232
13544 818 858
858 818 13544
818 858 13544
1605 4172 8479
8479 1605 4172
4172 1605 8479
9466 4493 14463
14463 4493 9466
4493 9466 14463
8838 795 14576
795 8838 14576
14576 795 8838
8540 3933 5050
3933 5050 8540
5050 3933 8540
7157 769 2575
2575 769 7157
769 2575 7157
7779 13516 14147
13516 7779 14147
14147 7779 13516
445 6524 7701
7701 445 6524
6524 445 7701
9725 9359 11238
9359 9725 11238
11238 9359 9725
4253 2073 7824
2073 4253 7824
7824 2073 4253
2025 3104 5475
5475 2025 3104
3104 2025 5475
7872 6924 9951
9951 6924 7872
6924 7872 9951
5428 1461 13133
13133 1461 5428
1461 5428 13133
12329 1584 9876
9876 1584 12329
1584 9876 12329
7484 1710 6074
1710 6074 7484
6074 1710 7484
11009 1914 11600
11600 1914 11009
1914 11009 11600
4789 7883 13120
13120 4789 7883
7883 4789 13120
14823 8870 12615
12615 8870 14823
8870 12615 14823
843 10411 13186
13186 843 10411
10411 843 13186
13563 8163 14470
8163 13563 14470
14470 8163 13563
1432 8115 8700
8115 1432 8700
8700 1432 8115
3767 8455 14344
8455 3767 14344
14344 3767 8455
13035 5370 7993
5370 7993 13035
7993 5370 13035
3922 1347 3001
3001 1347 3922
1347 3001 3922
4668 95 11109
95 4668 11109
11109 95 4668
4683 4377 12955
12955 4377 4683
4377 4683 12955
6318 8547 12530
8547 6318 12530
12530 6318 8547
5019 444 7388
444 5019 7388
7388 444 5019
5467 1201 1821
1201 1821 5467
1821 1201 5467
5503 3999 6211
6211 3999 5503
3999 5503 6211
9966 1776 4820
4820 1776 9966
1776 4820 9966
8018 5131 10335
10335 5131 8018
5131 8018 10335
3310 5493 9941
5493 3310 9941
9941 3310 5493
6533 215 5117
5117 215 6533
215 5117 6533
4751 1469 3753
1469 3753 4751
3753 1469 4751
9612 142 9961
142 9612 9961
9961 142 9612
7904 8629 9830
8629 7904 9830
9830 7904 8629
8344 3219 8998
8998 3219 8344
3219 8344 8998
13015 8168 14778
14778 8168 13015
8168 13015 14778
7435 8584 8983
8584 7435 8983
8983 7435 8584
13201 662 2369
2369 662 13201
662 2369 13201
1038 780 4844
780 1038 4844
4844 780 1038
4056 1582 9453
9453 1582 4056
1582 4056 9453
13835 2357 8884
8884 2357 13835
2357 8884 13835
6004 8001 10121
10121 6004 8001
8001 6004 10121
5913 6361 12819
12819 5913 6361
6361 5913 12819
3843 850 11223
11223 850 3843
850 3843 11223
8630 3350 13616
13616 3350 8630
3350 8630 13616
11669 3772 8637
3772 8637 11669
8637 3772 11669
6403 2364 11589
2364 6403 11589
11589 2364 6403
7349 8369 13645
8369 7349 13645
13645 7349 8369
3237 9296 10739
10739 3237 9296
9296 3237 10739
12420 3542 10908
3542 10908 12420
10908 3542 12420
10654 1155 1269
1269 1155 10654
1155 1269 10654
2002 7685 11012
11012 2002 7685
7685 2002 11012
2004 2472 5161
2472 2004 5161
5161 2004 2472
13955 4603 5942
4603 5942 13955
5942 4603 13955
9536 3916 5383
5383 3916 9536
3916 5383 9536
9417 6814 11218
6814 9417 11218
11218 6814 9417
10981 4505 14706
14706 4505 10981
4505 10981 14706
2290 4174 12416
12416 2290 4174
4174 2290 12416
5144 5278 8236
8236 5144 5278
5278 5144 8236
14281 13137 13309
13309 13137 14281
13137 13309 14281
6930 7211 9495
7211 6930 9495
9495 6930 7211
11425 8542 9441
9441 8542 11425
8542 9441 11425
5268 3852 8387
