529 290 471
290 471 529
471 290 529
846 27 671
671 27 846
27 671 846
782 684 1194
1194 684 782
684 782 1194
889 989 1367
989 889 1367
1367 889 989
1313 461 971
971 461 1313
461 971 1313
1156 605 1172
1172 605 1156
605 1156 1172
295 785 835
835 295 785
785 295 835
143 379 774
379 143 774
774 143 379
13 112 362
362 13 112
112 13 362
46 927 1224
927 46 1224
1224 46 927
949 702 943
943 702 949
702 943 949
1346 457 1255
457 1255 1346
1255 457 1346
964 585 751
585 751 964
751 585 964
1371 567 749
749 567 1371
567 749 1371
1034 61 343
343 61 1034
61 343 1034
1127 831 1382
831 1127 1382
1382 831 1127
1181 394 948
948 394 1181
394 948 1181
54 441 1081
1081 54 441
441 54 1081
901 458 1387
1387 458 901
458 901 1387
481 828 1337
828 481 1337
1337 481 828
1150 607 1372
607 1150 1372
1372 607 1150
436 30 1256
30 436 1256
1256 30 436
539 195 1208
1208 195 539
195 539 1208
160 907 1423
1423 160 907
907 160 1423
512 697 809
809 512 697
697 512 809
729 3 832
3 729 832
832 3 729
452 584 682
584 452 682
682 452 584
1265 582 939
582 939 1265
939 582 1265
1157 96 235
96 235 1157
235 96 1157
547 375 1310
375 547 1310
1310 375 547
1145 138 762
138 762 1145
762 138 1145
647 563 740
563 647 740
740 563 647
133 524 1376
1376 133 524
524 133 1376
193 385 778
778 193 385
385 193 778
1120 650 1338
650 1120 1338
1338 650 1120
1041 752 957
752 957 1041
957 752 1041
931 813 1017
813 931 1017
1017 813 931
464 40 491
40 464 491
491 40 464
958 221 1135
221 958 1135
1135 221 958
637 29 581
29 581 637
581 29 637
2 34 248
34 2 248
248 2 34
1036 214 1158
214 1036 1158
1158 214 1036
319 773 897
897 319 773
773 319 897
869 188 1040
1040 188 869
188 869 1040
348 102 360
102 348 360
360 102 348
1025 100 1214
100 1025 1214
1214 100 1025
302 118 1374
1374 118 302
118 302 1374
58 388 1052
1052 58 388
388 58 1052
1496 661 1035
661 1035 1496
1035 661 1496
292 425 548
425 292 548
548 292 425
288 228 1075
228 288 1075
1075 228 288
165 249 1217
1217 165 249
249 165 1217
920 66 346
346 66 920
66 346 920
226 713 1456
713 226 1456
1456 226 713
197 86 1146
86 197 1146
1146 86 197
20 108 761
108 20 761
761 20 108
676 716 803
716 676 803
803 676 716
1142 470 1316
1316 470 1142
470 1142 1316
843 720 1481
720 843 1481
1481 720 843
842 17 1411
17 842 1411
1411 17 842
1267 1381 1389
1389 1267 1381
1381 1267 1389
980 477 1427
1427 477 980
477 980 1427
299 900 1443
900 299 1443
1443 299 900
592 861 1483
861 592 1483
1483 592 861
993 355 940
940 355 993
355 940 993
1369 366 1486
1486 366 1369
366 1369 1486
136 59 487
487 59 136
59 136 487
506 183 376
183 376 506
376 183 506
1425 996 1302
996 1302 1425
1302 996 1425
310 186 893
186 310 893
893 186 310
771 170 760
760 170 771
170 760 771
1270 520 660
520 660 1270
660 520 1270
268 863 1067
1067 268 863
863 268 1067
1492 516 654
654 516 1492
516 654 1492
128 505 1107
505 128 1107
1107 128 505
1057 573 1223
573 1057 1223
1223 573 1057
134 466 1220
466 134 1220
1220 134 466
65 1147 1164
1147 65 1164
1164 65 1147
1333 176 449
176 449 1333
449 176 1333
1237 467 902
467 902 1237
902 467 1237
819 284 1110
284 819 1110
1110 284 819
1386 759 1394
759 1386 1394
1394 759 1386
68 253 876
253 68 876
876 68 253
965 396 962
396 962 965
962 396 965
200 124 442
124 200 442
442 124 200
1231 838 1228
1228 838 1231
838 1228 1231
1344 403 764
764 403 1344
403 764 1344
1274 56 741
741 56 1274
56 741 1274
1406 485 1119
485 1119 1406
1119 485 1406
879 241 532
532 241 879
241 532 879
232 932 1071
1071 232 932
932 232 1071
776 233 293
233 293 776
293 233 776
1174 687 841
687 841 1174
841 687 1174
199 1466 1497
1497 199 1466
1466 199 1497
1122 286 1484
1484 286 1122
286 1122 1484
1278 218 1326
218 1278 1326
1326 218 1278
398 698 862
698 398 862
862 398 698
894 601 807
807 601 894
601 807 894
681 583 1131
1131 583 681
583 681 1131
999 561 1424
1424 561 999
561 999 1424
494 946 1205
946 494 1205
1205 494 946
1050 26 323
323 26 1050
26 323 1050
1251 941 1416
1416 941 1251
941 1251 1416
1229 614 797
614 797 1229
797 614 1229
1291 558 667
558 667 1291
667 558 1291
78 422 533
533 78 422
422 78 533
541 1077 1219
1077 541 1219
1219 541 1077
1033 589 848
848 589 1033
589 848 1033
296 818 1489
818 296 1489
1489 296 818
1294 540 1439
540 1294 1439
1439 540 1294
202 912 1266
1266 202 912
912 202 1266
1408 1182 1351
1182 1351 1408
1351 1182 1408
212 780 1370
1370 212 780
780 212 1370
113 590 694
694 113 590
590 113 694
439 83 1413
1413 83 439
83 439 1413
1449 786 804
804 786 1449
786 804 1449
1031 281 916
281 916 1031
916 281 1031
407 51 852
852 51 407
51 407 852
177 374 495
374 177 495
495 177 374
243 203 1062
203 243 1062
1062 203 243
443 1007 1284
1284 443 1007
1007 443 1284
1248 80 1068
1068 80 1248
80 1068 1248
401 36 1238
1238 36 401
36 401 1238
791 252 621
621 252 791
252 621 791
16 258 1444
258 16 1444
1444 16 258
69 455 1409
455 69 1409
1409 69 455
270 169 1109
1109 169 270
169 270 1109
1383 12 380
380 12 1383
12 380 1383
944 479 851
479 851 944
851 479 944
623 24 194
194 24 623
24 194 623
125 320 656
320 125 656
656 125 320
854 313 1001
1001 313 854
313 854 1001
849 624 908
908 624 849
624 849 908
294 227 308
227 294 308
308 227 294
126 315 1414
315 126 1414
1414 126 315
1487 222 307
222 307 1487
307 222 1487
482 1010 1254
1010 482 1254
1254 482 1010
1471 438 1353
438 1353 1471
1353 438 1471
1195 117 910
910 117 1195
117 910 1195
8 883 1027
883 8 1027
1027 8 883
489 892 1032
1032 489 892
892 489 1032
747 116 1178
116 747 1178
1178 116 747
122 664 1069
664 122 1069
1069 122 664
1393 462 825
825 462 1393
462 825 1393
816 262 369
262 369 816
369 262 816
1132 150 383
150 383 1132
383 150 1132
665 1021 1070
1021 665 1070
1070 665 1021
678 534 947
947 534 678
534 678 947
1134 719 1092
1092 719 1134
719 1092 1134
79 1288 1293
1288 79 1293
1293 79 1288
371 23 132
132 23 371
23 132 371
987 114 1100
1100 114 987
114 987 1100
594 326 1240
326 594 1240
1240 326 594
1079 587 1123
1123 587 1079
587 1079 1123
6 332 802
332 6 802
802 6 332
641 387 1039
387 641 1039
1039 387 641
1341 1259 1388
1259 1341 1388
1388 1259 1341
75 395 544
395 75 544
544 75 395
800 748 1412
1412 748 800
748 800 1412
453 363 391
391 363 453
363 391 453
990 750 1319
750 990 1319
1319 750 990
596 190 556
556 190 596
190 556 596
718 1368 1488
1368 718 1488
1488 718 1368
402 522 723
522 402 723
723 402 522
805 1378 1403
1378 805 1403
1403 805 1378
192 171 340
340 171 192
171 192 340
49 648 820
820 49 648
648 49 820
445 328 1448
328 445 1448
1448 328 445
272 44 257
257 44 272
44 257 272
349 81 711
711 81 349
81 349 711
174 670 985
670 174 985
985 174 670
454 275 875
275 454 875
875 275 454
381 721 1258
721 381 1258
1258 381 721
465 72 351
72 351 465
351 72 465
882 344 754
754 344 882
344 754 882
1008 22 474
474 22 1008
22 474 1008
546 744 1098
744 546 1098
1098 546 744
1118 899 1399
899 1118 1399
1399 899 1118
345 806 1391
806 345 1391
1391 345 806
743 240 1232
1232 240 743
240 743 1232
1171 386 602
602 386 1171
386 602 1171
823 70 930
70 823 930
930 70 823
1030 220 1268
220 1030 1268
1268 220 1030
1148 63 1252
63 1148 1252
1252 63 1148
1257 499 1090
499 1090 1257
1090 499 1257
1377 967 1450
967 1377 1450
1450 967 1377
653 579 726
726 579 653
579 653 726
808 781 866
866 781 808
781 808 866
412 181 737
181 412 737
737 181 412
784 419 779
419 779 784
779 419 784
1177 924 1311
924 1177 1311
1311 924 1177
1192 953 986
986 953 1192
953 986 1192
14 1345 1365
1345 14 1365
1365 14 1345
1437 245 588
245 588 1437
588 245 1437
1044 339 1445
339 1044 1445
1445 339 1044
1306 411 1216
1216 411 1306
411 1216 1306
1292 488 517
488 517 1292
517 488 1292
409 151 1234
1234 151 409
151 409 1234
1037 615 853
853 615 1037
615 853 1037
569 322 528
528 322 569
322 528 569
937 216 1474
1474 216 937
216 937 1474
1004 1024 1207
1024 1004 1207
1207 1004 1024
1246 1094 1308
1308 1094 1246
1094 1246 1308
239 92 1300
1300 92 239
92 239 1300
101 431 658
658 101 431
431 101 658
950 1153 1468
1468 950 1153
1153 950 1468
364 753 755
755 364 753
753 364 755
356 99 1020
1020 99 356
99 356 1020
1261 925 1049
1049 925 1261
925 1049 1261
1061 895 1380
1380 895 1061
895 1061 1380
730 370 1366
370 730 1366
1366 370 730
978 484 611
484 611 978
611 484 978
1461 435 639
435 639 1461
639 435 1461
1417 662 1407
662 1407 1417
1407 662 1417
1434 1137 1151
1137 1151 1434
1151 1137 1434
1400 873 1480
873 1400 1480
1480 873 1400
447 1139 1379
1139 447 1379
1379 447 1139
1315 712 880
712 880 1315
880 712 1315
329 309 1363
1363 309 329
309 329 1363
129 444 858
858 129 444
444 129 858
267 1276 1410
1276 267 1410
1410 267 1276
93 459 1431
1431 93 459
459 93 1431
613 1327 1473
1327 613 1473
1473 613 1327
179 535 1095
535 179 1095
1095 179 535
1494 767 1168
1168 767 1494
767 1168 1494
595 265 649
265 595 649
649 265 595
674 19 1243
19 674 1243
1243 19 674
1493 89 468
89 468 1493
468 89 1493
301 469 715
469 301 715
715 301 469
918 325 331
331 325 918
325 331 918
338 341 1499
341 338 1499
1499 338 341
321 163 1029
1029 163 321
163 321 1029
448 507 525
525 448 507
507 448 525
1357 1155 1318
1155 1318 1357
1318 1155 1357
1212 1053 1325
1053 1212 1325
1325 1053 1212
724 1309 1430
1430 724 1309
1309 724 1430
354 271 1154
271 354 1154
1154 271 354
312 675 1200
675 312 1200
1200 312 675
1138 139 509
509 139 1138
139 509 1138
1225 1065 1451
1451 1065 1225
1065 1225 1451
1500 55 758
55 758 1500
758 55 1500
1420 839 1359
1359 839 1420
839 1359 1420
909 191 372
372 191 909
191 372 909
1335 1097 1112
1112 1097 1335
1097 1112 1335
709 618 1087
1087 618 709
618 709 1087
1166 111 834
111 834 1166
834 111 1166
311 514 951
951 311 514
514 311 951
408 71 1421
71 408 1421
1421 71 408
1307 638 1312
1312 638 1307
638 1307 1312
790 789 1472
789 790 1472
1472 789 790
1006 178 633
178 633 1006
633 178 1006
872 242 1202
1202 242 872
242 872 1202
1360 1149 1422
1422 1149 1360
1149 1360 1422
859 1101 1197
1197 859 1101
1101 859 1197
377 57 677
677 57 377
57 377 677
896 1169 1324
1169 896 1324
1324 896 1169
736 189 1074
189 736 1074
1074 189 736
1196 378 974
974 378 1196
378 974 1196
531 393 1129
393 531 1129
1129 393 531
562 119 1299
1299 119 562
119 562 1299
884 672 1305
1305 672 884
672 884 1305
1364 236 631
631 236 1364
236 631 1364
45 109 1402
1402 45 109
109 45 1402
777 1060 1275
1275 777 1060
1060 777 1275
519 282 1086
1086 282 519
282 519 1086
7 104 1467
104 7 1467
1467 7 104
966 256 575
256 575 966
575 256 966
619 279 708
279 619 708
708 279 619
234 127 856
856 127 234
127 234 856
1476 763 891
763 891 1476
891 763 1476
686 298 1475
298 686 1475
1475 298 686
18 504 1093
504 18 1093
1093 18 504
85 603 1349
1349 85 603
603 85 1349
1183 82 156
156 82 1183
82 156 1183
865 53 244
53 244 865
244 53 865
1396 406 855
406 855 1396
855 406 1396
833 643 717
643 717 833
717 643 833
646 230 991
230 646 991
991 230 646
1209 77 1419
1419 77 1209
77 1209 1419
599 1058 1184
1058 599 1184
1184 599 1058
140 137 424
424 137 140
137 140 424
141 206 922
206 141 922
922 141 206
620 259 1009
259 620 1009
1009 259 620
954 365 1447
365 954 1447
1447 365 954
787 906 1491
906 787 1491
1491 787 906
961 1298 1358
1298 961 1358
1358 961 1298
810 38 172
38 172 810
172 38 810
1334 1285 1332
1285 1332 1334
1332 1285 1334
1301 33 254
254 33 1301
33 254 1301
772 400 1083
1083 400 772
400 772 1083
490 175 559
559 175 490
175 490 559
710 480 988
988 480 710
480 710 988
568 1343 1354
1354 568 1343
1343 568 1354
668 1059 1064
1059 668 1064
1064 668 1059
276 768 1193
1193 276 768
768 276 1193
968 115 246
115 246 968
246 115 968
1014 845 1454
1454 845 1014
845 1014 1454
353 998 1051
998 353 1051
1051 353 998
334 1066 1470
1066 334 1470
1470 334 1066
815 217 704
217 704 815
704 217 815
553 182 1250
1250 182 553
182 553 1250
1141 545 1426
1426 545 1141
545 1141 1426
11 502 792
792 11 502
502 11 792
110 238 1073
238 110 1073
1073 110 238
204 612 1479
1479 204 612
612 204 1479
903 237 1218
237 903 1218
1218 237 903
814 850 867
867 814 850
850 814 867
728 142 1398
1398 142 728
142 728 1398
333 1111 1186
1186 333 1111
1111 333 1186
542 699 1418
1418 542 699
699 542 1418
1329 154 1091
154 1091 1329
1091 154 1329
578 928 1446
928 578 1446
1446 578 928
1433 537 1170
1170 537 1433
537 1170 1433
1390 663 904
663 904 1390
904 663 1390
765 185 735
735 185 765
185 735 765
503 626 817
817 503 626
626 503 817
210 144 1432
1432 144 210
144 210 1432
123 1210 1392
1392 123 1210
1210 123 1392
413 423 1436
423 413 1436
1436 413 423
622 1221 1273
1273 622 1221
1221 622 1273
510 15 255
255 15 510
15 255 510
521 261 942
261 521 942
942 261 521
513 31 706
31 513 706
706 31 513
565 501 1405
501 565 1405
1405 501 565
1002 945 1198
945 1002 1198
1198 945 1002
1042 164 576
576 164 1042
164 576 1042
60 107 836
836 60 107
107 60 836
857 460 1019
1019 460 857
460 857 1019
689 564 1055
564 689 1055
1055 564 689
523 1289 1350
1350 523 1289
1289 523 1350
824 921 1189
921 824 1189
1189 824 921
131 446 975
446 131 975
975 131 446
673 1435 1453
1435 673 1453
1453 673 1435
1099 52 610
610 52 1099
52 610 1099
742 213 336
213 336 742
336 213 742
367 416 691
416 367 691
691 367 416
405 266 473
266 405 473
473 266 405
67 1203 1211
1211 67 1203
1203 67 1211
1104 42 1084
42 1084 1104
1084 42 1104
414 1005 1167
1167 414 1005
1005 414 1167
593 247 1457
1457 247 593
247 593 1457
264 1375 1440
1440 264 1375
1375 264 1440
630 314 566
314 566 630
566 314 630
1160 554 969
969 554 1160
554 969 1160
463 609 1011
1011 463 609
609 463 1011
389 392 914
392 389 914
914 389 392
830 970 1355
1355 830 970
970 830 1355
642 187 1136
1136 187 642
187 642 1136
1287 434 493
434 493 1287
493 434 1287
1080 159 283
159 283 1080
283 159 1080
120 812 1227
1227 120 812
812 120 1227
591 287 382
287 382 591
382 287 591
616 350 822
350 616 822
822 350 616
580 683 1000
1000 580 683
683 580 1000
795 679 707
707 679 795
679 707 795
955 273 432
273 432 955
432 273 955
251 384 600
384 251 600
600 251 384
1201 1233 1280
1233 1201 1280
1280 1201 1233
847 1114 1117
1114 847 1117
1117 847 1114
1330 550 1296
550 1296 1330
1296 550 1330
1262 821 888
821 888 1262
888 821 1262
703 28 492
28 492 703
492 28 703
538 269 627
269 538 627
627 269 538
560 316 1018
1018 316 560
316 560 1018
666 146 1340
1340 146 666
146 666 1340
577 48 158
48 158 577
158 48 577
73 1003 1477
1477 73 1003
1003 73 1477
549 135 984
984 135 549
135 549 984
231 196 1159
196 231 1159
1159 196 231
1336 651 1277
651 1277 1336
1277 651 1336
1204 318 1102
318 1102 1204
1102 318 1204
1339 219 874
874 219 1339
219 874 1339
881 1022 1115
1022 881 1115
1115 881 1022
1163 208 959
208 959 1163
959 208 1163
1279 669 1128
1128 669 1279
669 1128 1279
105 552 983
552 105 983
983 105 552
794 1180 1441
1441 794 1180
1180 794 1441
1348 486 1295
1295 486 1348
486 1295 1348
260 62 173
62 173 260
173 62 260
770 278 1465
1465 278 770
278 770 1465
74 368 1303
1303 74 368
368 74 1303
976 305 864
305 864 976
864 305 976
634 1126 1144
1144 634 1126
1126 634 1144
1222 215 688
215 688 1222
688 215 1222
929 224 625
224 625 929
625 224 929
644 10 337
337 10 644
10 337 644
1282 1130 1459
1130 1282 1459
1459 1130 1282
617 209 1428
209 617 1428
1428 209 617
905 1143 1429
1143 905 1429
1429 905 1143
981 1054 1485
1485 981 1054
1054 981 1485
1206 530 1415
1415 530 1206
530 1206 1415
695 184 923
184 695 923
923 184 695
5 801 1179
1179 5 801
801 5 1179
1397 277 700
700 277 1397
277 700 1397
426 877 1482
877 426 1482
1482 426 877
1187 475 826
826 475 1187
475 826 1187
1385 4 84
4 84 1385
84 4 1385
433 659 1191
659 433 1191
1191 433 659
41 1404 1438
1438 41 1404
1404 41 1438
696 722 938
722 696 938
938 696 722
335 574 1401
574 335 1401
1401 335 574
64 390 731
390 64 731
731 64 390
1161 437 1088
1088 437 1161
437 1088 1161
827 306 1096
1096 306 827
306 827 1096
1498 597 783
597 783 1498
783 597 1498
1085 250 982
250 982 1085
982 250 1085
1490 9 1462
9 1462 1490
1462 9 1490
956 98 1352
1352 98 956
98 956 1352
373 840 1026
840 373 1026
1026 373 840
734 997 1455
1455 734 997
997 734 1455
97 1056 1452
1056 97 1452
1452 97 1056
280 1133 1245
1133 280 1245
1245 280 1133
798 148 635
148 635 798
635 148 798
936 155 496
496 155 936
155 496 936
745 263 1304
263 745 1304
1304 263 745
1078 725 769
725 769 1078
769 725 1078
167 586 898
898 167 586
586 167 898
1046 415 1236
415 1046 1236
1236 415 1046
1297 1253 1356
1253 1297 1356
1356 1253 1297
1176 274 1106
274 1106 1176
1106 274 1176
705 152 693
693 152 705
152 693 705
106 527 1239
527 106 1239
1239 106 527
963 76 979
76 963 979
979 76 963
995 1271 1328
1271 995 1328
1328 995 1271
1108 162 1125
162 1108 1125
1125 162 1108
1317 472 572
472 572 1317
572 472 1317
95 1199 1323
1199 95 1323
1323 95 1199
1045 1362 1463
1463 1045 1362
1362 1045 1463
1 935 1175
1175 1 935
935 1 1175
304 885 1321
885 304 1321
1321 304 885
456 500 570
570 456 500
500 456 570
303 410 919
410 303 919
919 303 410
420 397 1361
397 420 1361
1361 397 420
201 47 430
430 47 201
47 201 430
50 926 1047
926 50 1047
1047 50 926
211 497 952
952 211 497
497 211 952
652 1082 1469
1082 652 1469
1469 652 1082
440 870 934
870 440 934
934 440 870
1103 330 1185
330 1103 1185
1185 330 1103
324 508 756
756 324 508
508 324 756
913 1012 1283
1283 913 1012
1012 913 1283
680 39 636
636 39 680
39 636 680
1464 1213 1442
1213 1442 1464
1442 1213 1464
198 327 1124
1124 198 327
327 198 1124
757 598 629
598 629 757
629 598 757
1016 161 1116
161 1016 1116
1116 161 1016
690 87 733
733 87 690
87 690 733
1272 796 1286
796 1272 1286
1286 796 1272
1188 655 933
933 655 1188
655 933 1188
153 229 421
229 153 421
421 153 229
788 972 1249
1249 788 972
972 788 1249
91 32 417
417 32 91
32 91 417
992 1023 1043
1023 992 1043
1043 992 1023
973 180 685
180 685 973
685 180 973
1263 147 551
147 551 1263
551 147 1263
701 347 775
775 347 701
347 701 775
1347 960 1281
1281 960 1347
960 1281 1347
1342 157 285
285 157 1342
157 285 1342
543 483 1152
1152 483 543
483 543 1152
860 557 1015
557 860 1015
1015 557 860
738 632 868
868 632 738
632 738 868
739 536 1320
1320 536 739
536 739 1320
1460 727 1241
727 1241 1460
1241 727 1460
1048 94 766
94 766 1048
766 94 1048
37 878 1121
878 37 1121
1121 37 878
450 225 289
289 225 450
225 289 450
811 657 1113
657 811 1113
1113 657 811
890 88 90
88 90 890
90 88 890
645 1230 1244
1244 645 1230
1230 645 1244
915 451 1478
451 915 1478
1478 451 915
476 291 1226
291 476 1226
1226 291 476
1162 829 917
917 829 1162
829 917 1162
994 103 1140
1140 103 994
103 994 1140
25 168 1247
168 25 1247
1247 25 168
1264 478 1290
478 1264 1290
1290 478 1264
604 300 342
300 342 604
342 300 604
1495 35 166
35 166 1495
166 35 1495
518 732 1013
1013 518 732
732 518 1013
1063 297 844
844 297 1063
297 844 1063
571 317 1373
1373 317 571
317 571 1373
399 606 1322
1322 399 606
606 399 1322
1215 511 1269
1269 511 1215
511 1215 1269
352 21 121
121 21 352
21 121 352
1173 418 498
498 418 1173
418 498 1173
223 746 793
746 223 793
793 223 746
1072 640 1384
640 1072 1384
1384 640 1072
427 43 1331
1331 43 427
43 427 1331
887 149 359
149 359 887
359 149 887
429 911 1105
1105 429 911
911 429 1105
428 515 1242
1242 428 515
515 428 1242
871 1038 1089
1038 871 1089
1089 871 1038
1458 608 977
608 977 1458
977 608 1458
714 205 207
205 207 714
207 205 714
886 130 1260
1260 130 886
130 886 1260
692 555 1395
555 692 1395
1395 555 692
526 361 628
361 526 628
628 361 526
1235 404 1314
1314 404 1235
404 1235 1314
358 145 1190
1190 145 358
145 358 1190
799 837 1028
837 799 1028
1028 799 837
1076 357 1165
1165 357 1076
357 1076 1165
