5951 5127 7354
7354 5127 5951
5127 5951 7354
3084 5061 7564
7564 3084 5061
5061 3084 7564
12691 4835 12283
4835 12283 12691
12283 4835 12691
14184 7092 8721
7092 8721 14184
8721 7092 14184
10486 10653 10818
10653 10486 10818
10818 10486 10653
7400 1854 3908
1854 3908 7400
3908 1854 7400
14966 10428 12409
10428 12409 14966
12409 10428 14966
8727 3196 5553
3196 5553 8727
5553 3196 8727
880 451 10200
451 880 10200
10200 451 880
11769 7383 12953
12953 7383 11769
7383 11769 12953
11775 12752 14490
14490 11775 12752
12752 11775 14490
8466 1275 13559
1275 8466 13559
13559 1275 8466
3280 7515 13180
13180 3280 7515
7515 3280 13180
14830 3580 11322
11322 3580 14830
3580 11322 14830
12382 7705 11910
7705 11910 12382
11910 7705 12382
14197 5373 5445
5373 5445 14197
5445 5373 14197
9681 95 2249
95 2249 9681
2249 95 9681
11252 2550 14174
2550 11252 14174
14174 2550 11252
1863 4455 5356
4455 1863 5356
5356 1863 4455
5034 5494 13632
13632 5034 5494
5494 5034 13632
7445 1969 7726
7726 1969 7445
1969 7445 7726
12540 5570 12116
12116 5570 12540
5570 12116 12540
11022 6851 14068
6851 11022 14068
14068 6851 11022
9561 865 12664
865 9561 12664
12664 865 9561
3331 1298 8135
8135 1298 3331
1298 3331 8135
12118 1106 6843
1106 6843 12118
6843 1106 12118
8241 10274 14161
14161 8241 10274
10274 8241 14161
16 5813 7608
5813 16 7608
7608 16 5813
12717 4968 5964
4968 5964 12717
5964 4968 12717
7871 647 2746
647 2746 7871
2746 647 7871
10852 10393 14331
10393 10852 14331
14331 10393 10852
14382 12341 13902
12341 13902 14382
13902 12341 14382
13837 441 5621
441 5621 13837
5621 441 13837
13400 1017 5968
5968 1017 13400
1017 5968 13400
9294 4133 8932
8932 4133 9294
4133 8932 9294
12358 2965 7997
7997 2965 12358
2965 7997 12358
11333 6772 9128
6772 9128 11333
9128 6772 11333
7512 172 6657
6657 172 7512
172 6657 7512
6340 6424 9795
6424 6340 9795
9795 6340 6424
8138 3835 11722
11722 3835 8138
3835 8138 11722
147 8006 9884
8006 147 9884
9884 147 8006
8749 4267 14799
4267 8749 14799
14799 4267 8749
13969 2570 7003
2570 7003 13969
7003 2570 13969
13634 5756 5891
5891 5756 13634
5756 5891 13634
6672 2595 8040
8040 2595 6672
2595 6672 8040
13441 5873 7019
5873 7019 13441
7019 5873 13441
12902 1176 5287
5287 1176 12902
1176 5287 12902
9121 2471 5317
2471 5317 9121
5317 2471 9121
11946 6731 8278
6731 8278 11946
8278 6731 11946
2911 2029 9321
2029 2911 9321
9321 2029 2911
9493 1640 9765
1640 9493 9765
9765 1640 9493
3566 960 8541
8541 960 3566
960 3566 8541
3502 2810 13314
13314 2810 3502
2810 3502 13314
573 2337 12259
2337 573 12259
12259 573 2337
7056 3201 9233
3201 7056 9233
9233 3201 7056
9651 8071 9584
8071 9584 9651
9584 8071 9651
12471 6920 10423
6920 10423 12471
10423 6920 12471
6035 8741 13050
13050 6035 8741
8741 6035 13050
8221 10225 12756
10225 8221 12756
12756 8221 10225
158 4185 10215
10215 158 4185
4185 158 10215
5799 39 3256
39 3256 5799
3256 39 5799
5770 7827 13218
7827 5770 13218
13218 5770 7827
7701 2803 5332
5332 2803 7701
2803 5332 7701
10205 2126 12404
2126 10205 12404
12404 2126 10205
11381 8665 14144
8665 11381 14144
14144 8665 11381
9251 6513 10366
6513 9251 10366
10366 6513 9251
14867 1567 8875
1567 8875 14867
8875 1567 14867
12307 5428 13283
13283 5428 12307
5428 12307 13283
14381 1402 6076
1402 6076 14381
6076 1402 14381
11044 9723 13476
9723 11044 13476
13476 9723 11044
14805 630 12305
630 12305 14805
12305 630 14805
8684 7543 14105
7543 8684 14105
14105 7543 8684
13564 6337 7683
7683 6337 13564
6337 7683 13564
8884 10151 11564
11564 8884 10151
10151 8884 11564
4397 8395 12021
12021 4397 8395
8395 4397 12021
6642 13411 13492
13411 6642 13492
13492 6642 13411
3244 1058 8839
8839 1058 3244
1058 3244 8839
14408 10137 12449
10137 12449 14408
12449 10137 14408
4147 4606 5096
5096 4147 4606
4606 4147 5096
12516 6909 9178
9178 6909 12516
6909 9178 12516
1912 3926 11880
3926 1912 11880
11880 1912 3926
1671 151 2776
151 1671 2776
2776 151 1671
12230 3049 14334
14334 3049 12230
3049 12230 14334
13971 12 12348
12 12348 13971
12348 12 13971
11056 7836 13423
13423 7836 11056
7836 11056 13423
3755 11062 13391
13391 3755 11062
11062 3755 13391
14947 2927 3394
2927 3394 14947
3394 2927 14947
163 2225 3314
3314 163 2225
2225 163 3314
10164 11963 13877
13877 10164 11963
11963 10164 13877
3127 9437 11176
9437 3127 11176
11176 3127 9437
4372 332 5992
332 4372 5992
5992 332 4372
14102 10100 13410
10100 13410 14102
13410 10100 14102
3711 1751 6367
6367 1751 3711
1751 3711 6367
5647 8580 11167
11167 5647 8580
8580 5647 11167
11254 4104 5843
5843 4104 11254
4104 5843 11254
12119 8299 13822
8299 12119 13822
13822 8299 12119
5471 6685 10648
6685 5471 10648
10648 5471 6685
13547 5056 5737
5737 5056 13547
5056 5737 13547
3266 8781 14871
8781 3266 14871
14871 3266 8781
2196 1968 7842
7842 1968 2196
1968 2196 7842
13293 2859 12174
12174 2859 13293
2859 12174 13293
5336 1514 3143
3143 1514 5336
1514 3143 5336
4071 7843 12499
7843 4071 12499
12499 4071 7843
14379 2706 11584
11584 2706 14379
2706 11584 14379
11359 3041 8588
8588 3041 11359
3041 8588 11359
9883 861 14542
861 9883 14542
14542 861 9883
9744 7023 14388
14388 7023 9744
7023 9744 14388
9749 1747 7462
1747 7462 9749
7462 1747 9749
8714 9952 13806
13806 8714 9952
9952 8714 13806
13416 5741 7901
5741 7901 13416
7901 5741 13416
2873 10089 10890
10890 2873 10089
10089 2873 10890
14895 7982 8533
8533 7982 14895
7982 8533 14895
8235 3741 14445
14445 3741 8235
3741 8235 14445
7399 4407 11017
4407 7399 11017
11017 4407 7399
9403 7369 12069
12069 7369 9403
7369 9403 12069
12533 2199 12958
12958 2199 12533
2199 12533 12958
4610 5187 6114
6114 4610 5187
5187 4610 6114
1743 7308 13354
13354 1743 7308
7308 1743 13354
8514 12111 14725
14725 8514 12111
12111 8514 14725
14728 13115 13972
13972 13115 14728
13115 13972 14728
14794 3728 4239
3728 4239 14794
4239 3728 14794
9111 5307 8297
8297 5307 9111
5307 8297 9111
2290 9327 9690
9690 2290 9327
9327 2290 9690
834 6376 8047
8047 834 6376
6376 834 8047
10947 3277 10993
3277 10947 10993
10993 3277 10947
14579 5822 10134
5822 10134 14579
10134 5822 14579
267 8370 11828
11828 267 8370
8370 267 11828
14698 1412 12064
12064 1412 14698
1412 12064 14698
608 2848 13507
13507 608 2848
2848 608 13507
7346 7115 11141
7115 7346 11141
11141 7115 7346
6875 2603 10563
10563 2603 6875
2603 6875 10563
2736 51 2397
2397 51 2736
51 2397 2736
12325 1019 8170
8170 1019 12325
1019 8170 12325
8498 262 2357
2357 262 8498
262 2357 8498
2547 10665 13282
10665 2547 13282
13282 2547 10665
7934 3257 6629
6629 3257 7934
3257 6629 7934
387 85 2891
85 387 2891
2891 85 387
1926 4858 10119
10119 1926 4858
4858 1926 10119
11064 6776 6812
6812 6776 11064
6776 6812 11064
8368 1468 2640
2640 1468 8368
1468 2640 8368
10657 765 13994
765 10657 13994
13994 765 10657
611 4091 9258
9258 611 4091
4091 611 9258
7729 4557 12568
4557 7729 12568
12568 4557 7729
13922 6385 10230
10230 6385 13922
6385 10230 13922
6421 314 12039
12039 314 6421
314 6421 12039
11257 1248 8849
1248 8849 11257
8849 1248 11257
5746 5628 7642
7642 5628 5746
5628 5746 7642
6826 4873 7612
7612 4873 6826
4873 6826 7612
3237 4410 4918
4410 3237 4918
4918 3237 4410
6817 2009 3135
3135 2009 6817
2009 3135 6817
11975 10276 13680
13680 10276 11975
10276 11975 13680
13396 635 9471
9471 635 13396
635 9471 13396
4024 3887 5646
3887 4024 5646
5646 3887 4024
4168 4112 5312
5312 4112 4168
4112 4168 5312
12309 5018 9337
5018 9337 12309
9337 5018 12309
14885 1515 13322
1515 13322 14885
13322 1515 14885
5806 171 13889
171 5806 13889
13889 171 5806
3685 3461 11436
11436 3461 3685
3461 3685 11436
11258 1029 1134
1134 1029 11258
1029 1134 11258
14348 5528 8226
5528 8226 14348
8226 5528 14348
2492 9668 12411
9668 2492 12411
12411 2492 9668
13682 7442 9756
7442 9756 13682
9756 7442 13682
1094 9414 11719
11719 1094 9414
9414 1094 11719
12749 7165 7518
7165 7518 12749
7518 7165 12749
8912 3637 12472
12472 3637 8912
3637 8912 12472
5774 4841 6182
6182 4841 5774
4841 5774 6182
13779 5880 8620
8620 5880 13779
5880 8620 13779
3085 1766 13854
13854 1766 3085
1766 3085 13854
13539 7704 8162
7704 8162 13539
8162 7704 13539
2304 3622 8033
8033 2304 3622
3622 2304 8033
9124 5097 10810
10810 5097 9124
5097 9124 10810
2906 4349 9985
9985 2906 4349
4349 2906 9985
13118 7295 8945
8945 7295 13118
7295 8945 13118
5055 4079 8824
8824 4079 5055
4079 5055 8824
11331 1387 11375
11375 1387 11331
1387 11331 11375
1706 5434 8101
8101 1706 5434
5434 1706 8101
8883 1194 8769
1194 8769 8883
8769 1194 8883
14018 9818 12267
12267 9818 14018
9818 12267 14018
1407 3382 3388
3382 1407 3388
3388 1407 3382
14034 6289 8357
6289 8357 14034
8357 6289 14034
14014 7999 13880
13880 7999 14014
7999 13880 14014
7428 911 2144
911 2144 7428
2144 911 7428
3372 8524 13428
8524 3372 13428
13428 3372 8524
8203 4573 6349
6349 4573 8203
4573 6349 8203
4232 3222 10526
10526 3222 4232
3222 4232 10526
8205 8659 11999
8659 8205 11999
11999 8205 8659
12751 923 9103
9103 923 12751
923 9103 12751
899 490 11692
11692 490 899
490 899 11692
3957 626 10629
626 3957 10629
10629 626 3957
12016 11038 13642
13642 11038 12016
11038 12016 13642
8430 2115 5172
5172 2115 8430
2115 5172 8430
2745 7210 14570
14570 2745 7210
7210 2745 14570
8897 1324 4290
4290 1324 8897
1324 4290 8897
84 5645 10121
5645 84 10121
10121 84 5645
112 2362 10757
2362 112 10757
10757 112 2362
3259 3133 14835
3133 3259 14835
14835 3133 3259
1081 5043 13901
13901 1081 5043
5043 1081 13901
5253 2444 6589
2444 5253 6589
6589 2444 5253
10533 1225 13736
1225 10533 13736
13736 1225 10533
5241 3241 9394
3241 5241 9394
9394 3241 5241
11956 8510 9742
8510 9742 11956
9742 8510 11956
3223 8751 12058
12058 3223 8751
8751 3223 12058
1540 4431 14898
4431 1540 14898
14898 1540 4431
1675 6866 7035
7035 1675 6866
6866 1675 7035
446 2287 2358
2287 446 2358
2358 446 2287
10542 9732 11001
11001 9732 10542
9732 10542 11001
763 3366 5411
3366 763 5411
5411 763 3366
14464 4761 9031
9031 4761 14464
4761 9031 14464
13965 872 4263
4263 872 13965
872 4263 13965
9914 3322 12161
3322 9914 12161
12161 3322 9914
8150 6366 12808
12808 6366 8150
6366 8150 12808
1127 2368 6982
6982 1127 2368
2368 1127 6982
14309 10994 13429
13429 10994 14309
10994 13429 14309
1552 2922 8753
8753 1552 2922
2922 1552 8753
13137 8733 9589
8733 9589 13137
9589 8733 13137
2486 10421 14132
10421 2486 14132
14132 2486 10421
6147 2157 9934
2157 6147 9934
9934 2157 6147
3612 1621 7289
7289 1621 3612
1621 3612 7289
12744 3965 10495
10495 3965 12744
3965 10495 12744
12862 3975 6475
3975 6475 12862
6475 3975 12862
8569 3255 12885
12885 3255 8569
3255 8569 12885
3445 10108 12618
12618 3445 10108
10108 3445 12618
4481 5922 8080
8080 4481 5922
5922 4481 8080
11397 2651 4052
2651 4052 11397
4052 2651 11397
7528 6488 13113
13113 6488 7528
6488 7528 13113
7152 11081 12988
11081 7152 12988
12988 7152 11081
4150 4960 7144
4960 4150 7144
7144 4150 4960
14957 6243 11276
6243 11276 14957
11276 6243 14957
2078 8356 13575
8356 2078 13575
13575 2078 8356
7434 3485 7668
3485 7434 7668
7668 3485 7434
3976 8581 9652
8581 3976 9652
9652 3976 8581
8428 10426 10554
10426 8428 10554
10554 8428 10426
13082 5289 8545
5289 8545 13082
8545 5289 13082
11384 3719 4723
4723 3719 11384
3719 4723 11384
3107 6950 14074
6950 3107 14074
14074 3107 6950
7801 2732 14494
2732 7801 14494
14494 2732 7801
10614 1840 12680
12680 1840 10614
1840 10614 12680
4002 1691 6208
6208 1691 4002
1691 4002 6208
3091 5785 13865
13865 3091 5785
5785 3091 13865
10875 4756 11931
4756 10875 11931
11931 4756 10875
6038 5727 5928
5928 5727 6038
5727 5928 6038
10442 706 10714
706 10442 10714
10714 706 10442
2130 5094 6569
6569 2130 5094
5094 2130 6569
4003 11676 13619
13619 4003 11676
11676 4003 13619
10598 6394 11281
11281 6394 10598
6394 10598 11281
2566 4842 12000
12000 2566 4842
4842 2566 12000
4542 1037 9706
1037 4542 9706
9706 1037 4542
8525 4994 12801
12801 4994 8525
4994 8525 12801
10184 13677 14394
13677 10184 14394
14394 10184 13677
275 9922 13652
9922 275 13652
13652 275 9922
10606 290 10586
290 10586 10606
10586 290 10606
768 3726 4630
3726 768 4630
4630 768 3726
9421 1216 11586
11586 1216 9421
1216 9421 11586
361 1548 13516
13516 361 1548
1548 361 13516
7254 6131 10183
6131 7254 10183
10183 6131 7254
9495 6224 7128
6224 7128 9495
7128 6224 9495
5233 904 5208
904 5208 5233
5208 904 5233
2540 789 8315
789 2540 8315
8315 789 2540
10750 7878 8482
7878 8482 10750
8482 7878 10750
1547 4959 10488
10488 1547 4959
4959 1547 10488
5443 7248 8407
7248 5443 8407
8407 5443 7248
11603 134 3467
134 3467 11603
3467 134 11603
4957 3106 8834
3106 4957 8834
8834 3106 4957
1259 5633 10355
10355 1259 5633
5633 1259 10355
4784 1133 6777
6777 1133 4784
1133 4784 6777
2869 1760 5248
1760 2869 5248
5248 1760 2869
6828 11948 14462
11948 6828 14462
14462 6828 11948
7495 1906 9246
9246 1906 7495
1906 7495 9246
11391 9830 11015
11015 9830 11391
9830 11015 11391
2761 6042 9771
9771 2761 6042
6042 2761 9771
12040 3406 10997
10997 3406 12040
3406 10997 12040
10797 3526 9562
9562 3526 10797
3526 9562 10797
10740 2989 11767
2989 10740 11767
11767 2989 10740
14611 2817 5787
2817 5787 14611
5787 2817 14611
12329 8001 13187
13187 8001 12329
8001 12329 13187
7389 396 5714
396 5714 7389
5714 396 7389
12960 2344 4326
2344 4326 12960
4326 2344 12960
1143 9588 13460
9588 1143 13460
13460 1143 9588
3334 691 9585
9585 691 3334
691 3334 9585
3997 4337 6719
6719 3997 4337
4337 3997 6719
2293 2872 5392
2872 2293 5392
5392 2293 2872
10312 2729 9825
9825 2729 10312
2729 9825 10312
5092 11718 11797
11797 5092 11718
11718 5092 11797
12229 1502 10917
1502 10917 12229
10917 1502 12229
3276 4280 5715
4280 3276 5715
5715 3276 4280
13573 11479 14905
11479 13573 14905
14905 11479 13573
6965 1994 7627
1994 6965 7627
7627 1994 6965
2467 1720 5717
5717 1720 2467
1720 2467 5717
12535 321 11076
11076 321 12535
321 11076 12535
11438 5162 11609
5162 11438 11609
11609 5162 11438
887 5167 12569
12569 887 5167
5167 887 12569
814 551 6770
551 814 6770
6770 551 814
10871 5839 9982
5839 9982 10871
9982 5839 10871
13378 7467 13054
13054 7467 13378
7467 13054 13378
2560 6747 13210
6747 2560 13210
13210 2560 6747
11656 7482 12607
12607 7482 11656
7482 11656 12607
11372 5250 14612
5250 11372 14612
14612 5250 11372
11501 11341 13005
11341 11501 13005
13005 11341 11501
569 1138 3254
3254 569 1138
1138 569 3254
1390 9834 12837
9834 1390 12837
12837 1390 9834
692 517 11514
517 692 11514
11514 517 692
7790 1692 7753
7753 1692 7790
1692 7753 7790
9988 6422 9767
6422 9767 9988
9767 6422 9988
11980 3069 4703
3069 4703 11980
4703 3069 11980
11958 307 13801
13801 307 11958
307 11958 13801
9184 8092 10378
10378 8092 9184
8092 9184 10378
10072 3930 8646
8646 3930 10072
3930 8646 10072
13188 2129 4794
2129 4794 13188
4794 2129 13188
1231 433 1097
1097 433 1231
433 1097 1231
4953 5084 12881
5084 4953 12881
12881 4953 5084
12170 3308 14940
3308 12170 14940
14940 3308 12170
5764 6690 10334
10334 5764 6690
6690 5764 10334
12048 10470 13599
10470 12048 13599
13599 10470 12048
14061 3570 12728
3570 12728 14061
12728 3570 14061
14164 13207 13403
13207 13403 14164
13403 13207 14164
10569 1895 12303
12303 1895 10569
1895 10569 12303
3450 489 2248
489 2248 3450
2248 489 3450
14609 5937 6357
5937 6357 14609
6357 5937 14609
3652 948 13878
13878 948 3652
948 3652 13878
13274 1048 3716
1048 3716 13274
3716 1048 13274
7101 5077 8619
8619 5077 7101
5077 7101 8619
14657 804 9083
9083 804 14657
804 9083 14657
2238 5792 9752
5792 2238 9752
9752 2238 5792
3471 3947 13079
3947 3471 13079
13079 3471 3947
11757 10841 11635
10841 11635 11757
11635 10841 11757
6764 12665 13361
13361 6764 12665
12665 6764 13361
2816 1577 11504
11504 1577 2816
1577 2816 11504
10965 7819 14747
7819 10965 14747
14747 7819 10965
12072 1622 1759
1759 1622 12072
1622 1759 12072
10518 6081 14785
6081 10518 14785
14785 6081 10518
14486 1653 4696
4696 1653 14486
1653 4696 14486
14660 322 3387
3387 322 14660
322 3387 14660
13002 10218 14485
10218 13002 14485
14485 10218 13002
5529 6853 7049
6853 5529 7049
7049 5529 6853
3554 6227 12009
6227 3554 12009
12009 3554 6227
9545 5308 11731
11731 5308 9545
5308 9545 11731
5816 44 2179
2179 44 5816
44 2179 5816
1887 8030 12004
8030 1887 12004
12004 1887 8030
3932 5999 12176
12176 3932 5999
5999 3932 12176
14999 273 884
884 273 14999
273 884 14999
12392 6713 14810
14810 6713 12392
6713 12392 14810
5940 7437 13663
7437 5940 13663
13663 5940 7437
7709 12719 13478
12719 7709 13478
13478 7709 12719
7139 5844 13947
5844 7139 13947
13947 5844 7139
7401 2604 11161
11161 2604 7401
2604 7401 11161
13449 1996 8814
8814 1996 13449
1996 8814 13449
9537 2067 5321
2067 5321 9537
5321 2067 9537
2055 7958 14525
14525 2055 7958
7958 2055 14525
5821 5997 10090
10090 5821 5997
5997 5821 10090
2205 697 12577
12577 697 2205
697 2205 12577
2252 5501 12978
12978 2252 5501
5501 2252 12978
6758 5805 5998
5998 5805 6758
5805 5998 6758
7109 1269 9445
1269 7109 9445
9445 1269 7109
6693 702 12503
702 6693 12503
12503 702 6693
14384 1593 2311
2311 1593 14384
1593 2311 14384
11335 1574 6716
6716 1574 11335
1574 6716 11335
6184 2920 6915
6915 2920 6184
2920 6184 6915
11174 4316 10219
10219 4316 11174
4316 10219 11174
8108 1722 13718
13718 1722 8108
1722 8108 13718
6647 8308 14468
14468 6647 8308
8308 6647 14468
14982 8963 12736
12736 8963 14982
8963 12736 14982
10794 586 3529
3529 586 10794
586 3529 10794
10267 11675 12469
11675 10267 12469
12469 10267 11675
8307 7491 10846
10846 7491 8307
7491 8307 10846
10009 6720 12610
6720 10009 12610
12610 6720 10009
13825 4158 8798
4158 8798 13825
8798 4158 13825
5276 10630 14755
14755 5276 10630
10630 5276 14755
13437 651 14578
651 13437 14578
14578 651 13437
9363 5427 6886
6886 5427 9363
5427 6886 9363
3738 3435 14355
3435 3738 14355
14355 3435 3738
7693 2898 8563
2898 7693 8563
8563 2898 7693
14298 5941 9384
9384 5941 14298
5941 9384 14298
5617 2167 11659
11659 2167 5617
2167 5617 11659
7995 4705 10443
10443 4705 7995
4705 7995 10443
9857 10632 12811
12811 9857 10632
10632 9857 12811
14332 929 4838
929 4838 14332
4838 929 14332
3379 5506 14118
5506 3379 14118
14118 3379 5506
5606 5982 12376
12376 5606 5982
5982 5606 12376
485 4096 4231
4096 485 4231
4231 485 4096
12083 855 3816
855 3816 12083
3816 855 12083
9313 2971 10280
10280 2971 9313
2971 9313 10280
3212 4837 10707
10707 3212 4837
4837 3212 10707
14390 6818 9296
9296 6818 14390
6818 9296 14390
10830 6626 6684
6626 6684 10830
6684 6626 10830
10435 5721 11048
5721 10435 11048
11048 5721 10435
8532 12750 14899
14899 8532 12750
12750 8532 14899
13839 3532 8439
3532 8439 13839
8439 3532 13839
12108 2895 3472
2895 3472 12108
3472 2895 12108
2414 525 14735
14735 525 2414
525 2414 14735
2365 6501 8648
8648 2365 6501
6501 2365 8648
8527 2612 7447
7447 2612 8527
2612 7447 8527
11704 4385 4636
4385 4636 11704
4636 4385 11704
7635 6451 8026
6451 7635 8026
8026 6451 7635
14801 9906 11195
9906 11195 14801
11195 9906 14801
5298 1879 1970
1970 1879 5298
1879 1970 5298
14072 6440 10054
6440 10054 14072
10054 6440 14072
11628 12789 14763
12789 11628 14763
14763 11628 12789
5757 5469 6318
5469 5757 6318
6318 5469 5757
8106 3354 4355
4355 3354 8106
3354 4355 8106
141 2972 7766
2972 141 7766
7766 141 2972
11782 10368 12779
12779 10368 11782
10368 11782 12779
3865 12036 13414
13414 3865 12036
12036 3865 13414
6032 2926 8169
2926 6032 8169
8169 2926 6032
4611 3875 3984
3984 3875 4611
3875 3984 4611
11562 5120 6335
6335 5120 11562
5120 6335 11562
10363 6026 9490
9490 6026 10363
6026 9490 10363
12474 2800 4985
4985 2800 12474
2800 4985 12474
3273 12819 14583
12819 3273 14583
14583 3273 12819
5514 1957 6254
1957 5514 6254
6254 1957 5514
6118 1082 9547
9547 1082 6118
1082 6118 9547
14 790 12508
790 14 12508
12508 14 790
11458 7387 11618
7387 11458 11618
11618 7387 11458
2187 4086 5694
4086 2187 5694
5694 2187 4086
5352 87 14812
14812 87 5352
87 5352 14812
10420 2836 14610
14610 2836 10420
2836 10420 14610
4073 9033 12395
9033 4073 12395
12395 4073 9033
7265 1509 2060
1509 2060 7265
2060 1509 7265
4278 3940 13914
13914 3940 4278
3940 4278 13914
12292 2609 8087
8087 2609 12292
2609 8087 12292
2008 5587 12627
12627 2008 5587
5587 2008 12627
3903 8120 8397
8120 3903 8397
8397 3903 8120
8546 8542 11681
8542 8546 11681
11681 8542 8546
5291 5454 7710
7710 5291 5454
5454 5291 7710
8191 1528 4722
4722 1528 8191
1528 4722 8191
6634 1945 7875
1945 6634 7875
7875 1945 6634
832 3204 10519
10519 832 3204
3204 832 10519
12830 7800 14516
14516 7800 12830
7800 12830 14516
12275 333 12681
12681 333 12275
333 12275 12681
6351 3939 13395
13395 3939 6351
3939 6351 13395
5412 2269 6483
2269 5412 6483
6483 2269 5412
14100 9222 11901
11901 9222 14100
9222 11901 14100
12994 2110 12763
2110 12763 12994
12763 2110 12994
1142 574 1838
574 1142 1838
1838 574 1142
9704 6466 12668
6466 9704 12668
12668 6466 9704
8841 1941 13976
1941 8841 13976
13976 1941 8841
7811 4902 10695
4902 7811 10695
10695 4902 7811
225 1110 1780
1780 225 1110
1110 225 1780
8331 6442 7070
7070 6442 8331
6442 7070 8331
7068 6691 10321
10321 6691 7068
6691 7068 10321
10735 10372 14968
14968 10372 10735
10372 10735 14968
13291 4965 6736
6736 4965 13291
4965 6736 13291
9303 7014 9295
7014 9295 9303
9295 7014 9303
7716 270 5390
270 5390 7716
5390 270 7716
13797 4938 11255
4938 11255 13797
11255 4938 13797
3734 2147 7081
7081 2147 3734
2147 3734 7081
3873 167 12932
167 3873 12932
12932 167 3873
8882 4937 13223
4937 8882 13223
13223 4937 8882
11873 144 1306
1306 144 11873
144 1306 11873
7561 650 10196
10196 650 7561
650 7561 10196
13542 5032 14841
5032 13542 14841
14841 5032 13542
7303 1012 8369
8369 1012 7303
1012 7303 8369
5397 700 5906
5906 700 5397
700 5397 5906
14770 4378 8184
8184 4378 14770
4378 8184 14770
9365 3616 14492
3616 9365 14492
14492 3616 9365
13435 266 7916
7916 266 13435
266 7916 13435
5033 3745 11306
3745 5033 11306
11306 3745 5033
14647 8168 11160
8168 11160 14647
11160 8168 14647
3491 7304 11338
7304 3491 11338
11338 3491 7304
8109 4514 11242
11242 4514 8109
4514 8109 11242
8061 661 10049
661 8061 10049
10049 661 8061
7906 7696 12431
7696 7906 12431
12431 7696 7906
13112 7450 8102
8102 7450 13112
7450 8102 13112
11124 2767 8343
8343 2767 11124
2767 8343 11124
4318 6183 10870
6183 4318 10870
10870 4318 6183
6220 5483 8453
8453 5483 6220
5483 6220 8453
11457 182 8734
182 8734 11457
8734 182 11457
14675 11220 12481
12481 11220 14675
11220 12481 14675
2231 973 9840
9840 973 2231
973 2231 9840
1534 9778 11186
9778 1534 11186
11186 1534 9778
4631 5258 8697
8697 4631 5258
5258 4631 8697
11844 774 11012
774 11012 11844
11012 774 11844
4472 4533 14321
4533 4472 14321
14321 4472 4533
480 393 4479
4479 393 480
393 480 4479
8629 3219 10885
10885 3219 8629
3219 8629 10885
6185 8250 13808
13808 6185 8250
8250 6185 13808
3421 2903 14081
14081 2903 3421
2903 3421 14081
4525 2902 10780
10780 2902 4525
2902 4525 10780
3989 6936 11238
11238 3989 6936
6936 3989 11238
549 89 4874
4874 89 549
89 549 4874
8969 981 13375
13375 981 8969
981 8969 13375
9986 4163 7025
7025 4163 9986
4163 7025 9986
5330 14123 14569
14569 5330 14123
14123 5330 14569
2315 4416 11849
11849 2315 4416
4416 2315 11849
5893 9814 10123
10123 5893 9814
9814 5893 10123
10308 1382 12007
1382 10308 12007
12007 1382 10308
8606 10851 12465
12465 8606 10851
10851 8606 12465
1562 214 8248
8248 214 1562
214 1562 8248
4391 10980 12445
10980 4391 12445
12445 4391 10980
4076 2845 13623
2845 4076 13623
13623 2845 4076
8907 4095 4477
4477 4095 8907
4095 4477 8907
5736 11596 13170
11596 5736 13170
13170 5736 11596
2079 937 4583
4583 937 2079
937 2079 4583
7191 3296 13458
3296 7191 13458
13458 3296 7191
2905 8019 12848
8019 2905 12848
12848 2905 8019
10480 12562 13205
13205 10480 12562
12562 10480 13205
7646 1520 5551
5551 1520 7646
1520 5551 7646
6205 1123 10091
10091 1123 6205
1123 6205 10091
358 131 13551
13551 131 358
131 358 13551
4148 1886 10027
10027 1886 4148
1886 4148 10027
12795 12732 13098
13098 12732 12795
12732 12795 13098
9180 213 10691
213 9180 10691
10691 213 9180
6814 12281 14412
12281 6814 14412
14412 6814 12281
5660 10619 14399
14399 5660 10619
10619 5660 14399
8983 4926 6643
4926 6643 8983
6643 4926 8983
7850 678 1014
678 1014 7850
1014 678 7850
4494 6615 7522
7522 4494 6615
6615 4494 7522
14681 340 12666
340 12666 14681
12666 340 14681
14226 6437 13915
6437 13915 14226
13915 6437 14226
10529 209 13415
13415 209 10529
209 10529 13415
13505 2350 10600
10600 2350 13505
2350 10600 13505
4259 4867 8842
8842 4259 4867
4867 4259 8842
7340 8263 10030
8263 7340 10030
10030 7340 8263
3024 3591 13265
13265 3024 3591
3591 3024 13265
2956 5611 9712
9712 2956 5611
5611 2956 9712
7799 4146 4700
4146 4700 7799
4700 4146 7799
3102 10903 12715
10903 3102 12715
12715 3102 10903
1907 5168 13923
13923 1907 5168
5168 1907 13923
14673 10701 14904
14904 10701 14673
10701 14673 14904
12782 9029 10832
9029 10832 12782
10832 9029 12782
1888 9078 12393
9078 1888 12393
12393 1888 9078
253 1287 5760
1287 253 5760
5760 253 1287
1329 3089 12592
12592 1329 3089
3089 1329 12592
11104 4769 6973
6973 4769 11104
4769 6973 11104
4919 4795 8016
8016 4795 4919
4795 4919 8016
3837 12360 13674
13674 3837 12360
12360 3837 13674
7712 4830 8363
4830 7712 8363
8363 4830 7712
11033 555 2455
555 2455 11033
2455 555 11033
13464 1661 10252
1661 10252 13464
10252 1661 13464
4006 2210 7106
7106 2210 4006
2210 4006 7106
9826 6807 11996
11996 6807 9826
6807 9826 11996
4363 7894 13239
13239 4363 7894
7894 4363 13239
7163 5777 9953
9953 5777 7163
5777 7163 9953
5989 6303 11243
11243 5989 6303
6303 5989 11243
14457 2446 12941
2446 12941 14457
12941 2446 14457
4492 1375 8151
1375 4492 8151
8151 1375 4492
1449 175 7760
175 1449 7760
7760 175 1449
12121 5932 12089
12089 5932 12121
5932 12089 12121
10683 2887 10583
2887 10583 10683
10583 2887 10683
190 9061 13246
13246 190 9061
9061 190 13246
10674 786 9146
9146 786 10674
786 9146 10674
14651 938 5475
5475 938 14651
938 5475 14651
2769 325 14644
325 2769 14644
14644 325 2769
11379 6310 11864
6310 11379 11864
11864 6310 11379
13966 5360 14022
5360 13966 14022
14022 5360 13966
11893 6525 14978
14978 6525 11893
6525 11893 14978
10338 1010 8535
8535 1010 10338
1010 8535 10338
10498 575 3083
3083 575 10498
575 3083 10498
14749 1872 10178
10178 1872 14749
1872 10178 14749
5695 13203 13527
13527 5695 13203
13203 5695 13527
13384 9043 12798
12798 9043 13384
9043 12798 13384
7239 3520 11684
11684 3520 7239
3520 7239 11684
4435 5712 7787
5712 4435 7787
7787 4435 5712
3576 508 1074
508 1074 3576
1074 508 3576
4418 277 9987
277 4418 9987
9987 277 4418
13286 3072 12940
12940 3072 13286
3072 12940 13286
11527 9302 9875
9875 9302 11527
9302 9875 11527
7479 10652 13607
13607 7479 10652
10652 7479 13607
6983 5178 11859
5178 6983 11859
11859 5178 6983
14400 13014 13365
13014 13365 14400
13365 13014 14400
12537 6788 11232
11232 6788 12537
6788 11232 12537
1900 94 3403
94 1900 3403
3403 94 1900
8673 900 10209
900 8673 10209
10209 900 8673
6899 11383 14950
11383 6899 14950
14950 6899 11383
1809 4321 9386
9386 1809 4321
4321 1809 9386
2153 5323 13150
13150 2153 5323
5323 2153 13150
12235 3189 13197
3189 12235 13197
13197 3189 12235
13085 4605 9793
4605 9793 13085
9793 4605 13085
14359 2698 6808
2698 6808 14359
6808 2698 14359
9045 1830 4662
4662 1830 9045
1830 4662 9045
8199 3988 4679
4679 3988 8199
3988 4679 8199
174 10177 14236
14236 174 10177
10177 174 14236
2128 8406 11116
11116 2128 8406
8406 2128 11116
2059 6833 12828
12828 2059 6833
6833 2059 12828
12264 10900 11917
11917 10900 12264
10900 11917 12264
414 2095 4656
2095 414 4656
4656 414 2095
14625 337 10607
337 10607 14625
10607 337 14625
5432 2124 10400
2124 5432 10400
10400 2124 5432
637 12759 14994
12759 637 14994
14994 637 12759
4043 1226 14310
14310 1226 4043
1226 4043 14310
7565 4007 4465
4007 4465 7565
4465 4007 7565
6587 6632 9169
9169 6587 6632
6632 6587 9169
11224 3238 6212
3238 6212 11224
6212 3238 11224
8052 6872 7443
7443 6872 8052
6872 7443 8052
699 11842 11846
11842 699 11846
11846 699 11842
12814 6600 10262
10262 6600 12814
6600 10262 12814
4132 1608 4265
1608 4132 4265
4265 1608 4132
1990 8244 11396
11396 1990 8244
8244 1990 11396
1317 1116 11327
1116 1317 11327
11327 1116 1317
6206 2647 11050
2647 6206 11050
11050 2647 6206
7360 153 4400
4400 153 7360
153 4400 7360
37 1236 5675
5675 37 1236
1236 37 5675
7767 7156 12054
12054 7156 7767
7156 7767 12054
1121 1975 7806
1975 1121 7806
7806 1121 1975
9563 301 3808
3808 301 9563
301 3808 9563
3017 4819 14433
4819 3017 14433
14433 3017 4819
13402 7533 7756
7756 7533 13402
7533 7756 13402
7201 1589 11092
1589 7201 11092
11092 1589 7201
411 6435 12601
12601 411 6435
6435 411 12601
12673 2949 8971
8971 2949 12673
2949 8971 12673
9850 10066 11762
11762 9850 10066
10066 9850 11762
13581 524 6767
6767 524 13581
524 6767 13581
5830 9960 11451
9960 5830 11451
11451 5830 9960
12031 5855 13988
5855 12031 13988
13988 5855 12031
4975 2658 3053
2658 3053 4975
3053 2658 4975
8310 360 5232
360 5232 8310
5232 360 8310
2596 92 6290
6290 92 2596
92 2596 6290
1309 10197 11146
10197 1309 11146
11146 1309 10197
2354 10074 14258
10074 2354 14258
14258 2354 10074
12977 4061 10136
10136 4061 12977
4061 10136 12977
6883 10716 13510
13510 6883 10716
10716 6883 13510
8880 10106 12672
10106 8880 12672
12672 8880 10106
13055 6207 12511
12511 6207 13055
6207 12511 13055
14063 596 4684
4684 596 14063
596 4684 14063
2514 7978 11032
7978 2514 11032
11032 2514 7978
8670 10566 13237
10566 8670 13237
13237 8670 10566
8992 2907 13912
2907 8992 13912
13912 2907 8992
128 1688 4781
4781 128 1688
1688 128 4781
7889 5632 10658
5632 7889 10658
10658 5632 7889
5488 8463 10784
10784 5488 8463
8463 5488 10784
341 8238 12137
12137 341 8238
8238 341 12137
1354 9819 14284
14284 1354 9819
9819 1354 14284
422 4619 4789
4789 422 4619
4619 422 4789
9546 5256 7773
5256 7773 9546
7773 5256 9546
8576 4271 8144
4271 8144 8576
8144 4271 8576
11991 3844 12822
3844 11991 12822
12822 3844 11991
5585 5119 7042
7042 5119 5585
5119 5585 7042
657 1277 9062
1277 657 9062
9062 657 1277
7731 2424 9229
9229 2424 7731
2424 7731 9229
9311 2719 7131
7131 2719 9311
2719 7131 9311
13910 3152 8502
3152 8502 13910
8502 3152 13910
2811 2708 9216
9216 2708 2811
2708 2811 9216
9017 4453 11926
11926 4453 9017
4453 9017 11926
13875 6733 9903
9903 6733 13875
6733 9903 13875
7573 4946 10273
4946 7573 10273
10273 4946 7573
10972 2443 2579
2443 2579 10972
2579 2443 10972
4559 3260 6927
3260 4559 6927
6927 3260 4559
88 2353 11293
2353 88 11293
11293 88 2353
1961 1377 14370
14370 1377 1961
1377 1961 14370
1730 7496 7552
7496 1730 7552
7552 1730 7496
14575 2003 7915
2003 7915 14575
7915 2003 14575
13482 9962 11534
11534 9962 13482
9962 11534 13482
12279 2349 6392
2349 6392 12279
6392 2349 12279
14380 2096 13932
13932 2096 14380
2096 13932 14380
4206 9943 10456
9943 4206 10456
10456 4206 9943
8360 3548 12165
12165 3548 8360
3548 8360 12165
10175 5350 7186
7186 5350 10175
5350 7186 10175
3125 632 2285
2285 632 3125
632 2285 3125
8997 5861 10956
5861 8997 10956
10956 5861 8997
9218 351 6867
351 6867 9218
6867 351 9218
10332 1241 10642
10642 1241 10332
1241 10332 10642
10034 6879 12133
12133 6879 10034
6879 10034 12133
8499 6919 10549
10549 6919 8499
6919 8499 10549
7895 8951 11217
11217 7895 8951
8951 7895 11217
13455 6429 13703
13703 6429 13455
6429 13455 13703
7914 6260 9846
9846 6260 7914
6260 7914 9846
9173 2530 12934
2530 9173 12934
12934 2530 9173
7684 867 13467
867 7684 13467
13467 867 7684
204 8003 10512
10512 204 8003
8003 204 10512
8627 269 6301
6301 269 8627
269 6301 8627
12200 10414 10507
10414 10507 12200
10507 10414 12200
7510 3420 14054
3420 7510 14054
14054 3420 7510
5102 560 13742
13742 560 5102
560 5102 13742
9364 3595 4241
3595 4241 9364
4241 3595 9364
3236 3938 4707
3938 3236 4707
4707 3236 3938
12918 12572 14913
12572 12918 14913
14913 12572 12918
10404 609 10353
609 10353 10404
10353 609 10404
3409 2352 8261
2352 3409 8261
8261 2352 3409
2628 2355 12050
12050 2355 2628
2355 2628 12050
2454 7700 7873
7700 2454 7873
7873 2454 7700
6505 11447 11861
11861 6505 11447
11447 6505 11861
5539 348 624
348 624 5539
624 348 5539
5596 1109 10863
1109 5596 10863
10863 1109 5596
8977 8209 9143
8209 8977 9143
9143 8209 8977
14887 259 5320
259 5320 14887
5320 259 14887
6242 5144 13861
5144 6242 13861
13861 5144 6242
4451 9684 10575
10575 4451 9684
9684 4451 10575
12168 10415 13955
13955 10415 12168
10415 12168 13955
11895 1837 13770
1837 11895 13770
13770 1837 11895
5137 4884 4916
4884 4916 5137
4916 4884 5137
8850 6275 12722
12722 6275 8850
6275 8850 12722
13261 2367 14783
14783 2367 13261
2367 13261 14783
10530 6285 13044
13044 6285 10530
6285 10530 13044
7490 3886 5828
3886 5828 7490
5828 3886 7490
4085 6741 14477
6741 4085 14477
14477 4085 6741
811 3243 11259
11259 811 3243
3243 811 11259
482 1431 8672
1431 482 8672
8672 482 1431
11388 5657 7803
7803 5657 11388
5657 7803 11388
3290 9653 9956
9653 3290 9956
9956 3290 9653
1185 3963 5264
3963 1185 5264
5264 1185 3963
6186 2747 13800
13800 2747 6186
2747 6186 13800
9974 236 13001
13001 236 9974
236 9974 13001
8833 258 4947
4947 258 8833
258 4947 8833
3393 5404 14752
14752 3393 5404
5404 3393 14752
13676 3404 8183
8183 3404 13676
3404 8183 13676
6409 2794 5440
2794 5440 6409
5440 2794 6409
2961 12269 13776
12269 2961 13776
13776 2961 12269
5849 3332 7181
3332 5849 7181
7181 3332 5849
3831 1404 8832
1404 3831 8832
8832 1404 3831
2491 426 4817
426 2491 4817
4817 426 2491
12771 2132 3657
2132 3657 12771
3657 2132 12771
11364 2051 7864
7864 2051 11364
2051 7864 11364
186 10244 13178
10244 186 13178
13178 186 10244
10436 10118 11590
11590 10118 10436
10118 10436 11590
10872 662 778
662 778 10872
778 662 10872
7388 10538 13373
13373 7388 10538
10538 7388 13373
4912 2850 9354
9354 2850 4912
2850 4912 9354
13092 1388 12868
12868 1388 13092
1388 12868 13092
12196 610 4475
610 4475 12196
4475 610 12196
4532 1873 9946
9946 1873 4532
1873 4532 9946
13639 6223 12457
12457 6223 13639
6223 12457 13639
13078 3775 10208
10208 3775 13078
3775 10208 13078
5788 800 5560
5560 800 5788
800 5560 5788
11065 1205 2146
2146 1205 11065
1205 2146 11065
4072 1674 13026
13026 1674 4072
1674 4072 13026
6520 7770 13268
13268 6520 7770
7770 6520 13268
12620 4196 11003
11003 4196 12620
4196 11003 12620
2520 7208 8915
7208 2520 8915
8915 2520 7208
7075 1345 4589
4589 1345 7075
1345 4589 7075
6161 10303 11641
10303 6161 11641
11641 6161 10303
12652 6969 7688
7688 6969 12652
6969 7688 12652
13466 10964 14101
14101 10964 13466
10964 13466 14101
12288 11466 12973
11466 12288 12973
12973 11466 12288
10883 8635 8661
8635 8661 10883
8661 8635 10883
9876 1570 4464
1570 4464 9876
4464 1570 9876
12327 6425 9005
9005 6425 12327
6425 9005 12327
2073 10437 14281
10437 2073 14281
14281 2073 10437
10837 5165 6063
5165 6063 10837
6063 5165 10837
471 2125 11565
11565 471 2125
2125 471 11565
1408 5403 13591
13591 1408 5403
5403 1408 13591
5791 6153 14719
6153 5791 14719
14719 5791 6153
12419 5520 14183
5520 12419 14183
14183 5520 12419
8165 5133 10408
10408 5133 8165
5133 8165 10408
12331 24 3385
3385 24 12331
24 3385 12331
8329 2809 4708
2809 4708 8329
4708 2809 8329
1595 12566 14840
12566 1595 14840
14840 1595 12566
7920 12124 13711
13711 7920 12124
12124 7920 13711
5538 5163 5171
5171 5163 5538
5163 5171 5538
6173 12082 14836
12082 6173 14836
14836 6173 12082
12186 1297 10782
1297 10782 12186
10782 1297 12186
4745 1976 3818
3818 1976 4745
1976 3818 4745
3885 1639 12023
12023 1639 3885
1639 3885 12023
2623 4197 12884
12884 2623 4197
4197 2623 12884
7438 4816 13071
4816 7438 13071
13071 4816 7438
1800 7069 13658
13658 1800 7069
7069 1800 13658
6859 4613 11827
4613 6859 11827
11827 4613 6859
202 3600 13999
3600 202 13999
13999 202 3600
9977 1420 5206
5206 1420 9977
1420 5206 9977
2447 8314 14638
8314 2447 14638
14638 2447 8314
10514 8152 9473
8152 9473 10514
9473 8152 10514
5341 668 11170
11170 668 5341
668 5341 11170
14743 7665 10671
10671 7665 14743
7665 10671 14743
7501 3301 7149
3301 7149 7501
7149 3301 7501
3773 11509 12460
11509 3773 12460
12460 3773 11509
3697 8778 13303
13303 3697 8778
8778 3697 13303
3412 714 8392
8392 714 3412
714 3412 8392
7979 566 11443
11443 566 7979
566 7979 11443
14328 11593 14010
14010 11593 14328
11593 14010 14328
10814 2849 13524
13524 2849 10814
2849 10814 13524
6025 6401 14353
14353 6025 6401
6401 6025 14353
3119 1370 10592
10592 1370 3119
1370 3119 10592
1508 6028 12796
12796 1508 6028
6028 1508 12796
13049 2048 3856
2048 3856 13049
3856 2048 13049
12299 1568 6342
1568 6342 12299
6342 1568 12299
10041 3369 13937
13937 3369 10041
3369 10041 13937
6712 7334 7717
7717 6712 7334
7334 6712 7717
2242 10516 11871
11871 2242 10516
10516 2242 11871
11042 4984 5017
5017 4984 11042
4984 5017 11042
1498 2899 4680
2899 1498 4680
4680 1498 2899
3869 192 7816
192 3869 7816
7816 192 3869
11748 570 12005
12005 570 11748
570 11748 12005
14383 4414 10974
10974 4414 14383
4414 10974 14383
12252 1545 2289
2289 1545 12252
1545 2289 12252
13883 2098 14892
2098 13883 14892
14892 2098 13883
8371 1264 10929
1264 8371 10929
10929 1264 8371
14509 6347 11118
6347 11118 14509
11118 6347 14509
1832 5833 8223
8223 1832 5833
5833 1832 8223
8079 7793 14811
14811 7793 8079
7793 8079 14811
13484 2955 8586
2955 8586 13484
8586 2955 13484
2536 829 2749
2749 829 2536
829 2536 2749
5275 11798 12606
12606 5275 11798
11798 5275 12606
2208 3735 14153
14153 2208 3735
3735 2208 14153
12113 8899 10687
8899 10687 12113
10687 8899 12113
12148 9020 10577
9020 10577 12148
10577 9020 12148
7592 3849 5838
5838 3849 7592
3849 5838 7592
12510 12233 12334
12233 12334 12510
12334 12233 12510
73 3594 7882
7882 73 3594
3594 73 7882
12455 7666 12841
12841 7666 12455
7666 12455 12841
4561 535 2398
2398 535 4561
535 2398 4561
7368 1937 11620
11620 1937 7368
1937 7368 11620
10927 4832 7975
4832 7975 10927
7975 4832 10927
6472 10212 13431
10212 6472 13431
13431 6472 10212
10546 2588 10579
10579 2588 10546
2588 10546 10579
831 1539 3440
1539 831 3440
3440 831 1539
5259 1758 10255
10255 1758 5259
1758 5259 10255
3030 3590 13627
13627 3030 3590
3590 3030 13627
6911 1741 4216
1741 4216 6911
4216 1741 6911
12667 3665 3678
3678 3665 12667
3665 3678 12667
4138 4728 9775
9775 4138 4728
4728 4138 9775
14964 11781 13029
11781 13029 14964
13029 11781 14964
4131 10115 14550
10115 4131 14550
14550 4131 10115
2185 6624 11055
11055 2185 6624
6624 2185 11055
6676 5965 12741
12741 5965 6676
5965 6676 12741
14129 1250 9642
9642 1250 14129
1250 9642 14129
9096 1197 12356
1197 9096 12356
12356 1197 9096
13141 11515 14276
14276 11515 13141
11515 13141 14276
4298 7960 14285
14285 4298 7960
7960 4298 14285
2015 9994 14560
9994 2015 14560
14560 2015 9994
4359 3860 6744
3860 4359 6744
6744 3860 4359
8598 7300 9725
7300 8598 9725
9725 7300 8598
8143 621 14193
621 8143 14193
14193 621 8143
155 10127 14058
10127 155 14058
14058 155 10127
5161 7413 13755
7413 5161 13755
13755 5161 7413
3881 2168 13647
2168 3881 13647
13647 2168 3881
3557 3295 13121
13121 3295 3557
3295 3557 13121
11063 14571 14697
14571 11063 14697
14697 11063 14571
6580 1770 5924
5924 1770 6580
1770 5924 6580
12500 12249 14659
14659 12249 12500
12249 12500 14659
327 9243 13702
9243 327 13702
13702 327 9243
12426 2962 12926
12926 2962 12426
2962 12426 12926
6560 2265 5193
2265 5193 6560
5193 2265 6560
14113 183 14272
183 14113 14272
14272 183 14113
3174 1561 4857
1561 3174 4857
4857 1561 3174
1721 6106 7721
6106 1721 7721
7721 1721 6106
10764 3096 14116
14116 3096 10764
3096 10764 14116
5798 3167 10809
3167 5798 10809
10809 3167 5798
11967 7359 13153
13153 7359 11967
7359 11967 13153
8662 380 5490
380 5490 8662
5490 380 8662
7523 2985 14934
14934 2985 7523
2985 7523 14934
10831 5008 12998
12998 5008 10831
5008 10831 12998
14395 4639 6876
6876 4639 14395
4639 6876 14395
14704 3418 14247
3418 14247 14704
14247 3418 14704
13584 8758 10460
8758 10460 13584
10460 8758 13584
1024 2369 6530
6530 1024 2369
2369 1024 6530
12638 1958 9570
1958 9570 12638
9570 1958 12638
13708 6044 11267
11267 6044 13708
6044 11267 13708
5462 3986 9800
3986 5462 9800
9800 3986 5462
2415 1817 5961
1817 2415 5961
5961 1817 2415
842 5734 6312
5734 842 6312
6312 842 5734
5950 2193 6934
6934 2193 5950
2193 5950 6934
2782 1755 2207
1755 2207 2782
2207 1755 2782
14760 5470 10763
5470 10763 14760
10763 5470 14760
9072 432 4319
4319 432 9072
432 4319 9072
1572 4420 5455
5455 1572 4420
4420 1572 5455
11483 3683 13166
3683 11483 13166
