1383 834 1360
1360 834 1383
834 1360 1383
1224 482 1205
482 1205 1224
1205 482 1224
619 1306 1316
1316 619 1306
1306 619 1316
925 412 1091
412 925 1091
1091 412 925
516 215 588
588 215 516
215 516 588
1018 671 818
671 818 1018
818 671 1018
847 824 1253
824 847 1253
1253 824 847
901 853 1470
1470 853 901
853 901 1470
621 1124 1309
1124 621 1309
1309 621 1124
272 507 1489
1489 272 507
507 272 1489
914 178 1143
178 914 1143
1143 178 914
385 236 1139
236 385 1139
1139 236 385
127 91 128
91 127 128
128 91 127
757 474 521
521 474 757
474 521 757
981 329 1385
329 981 1385
1385 329 981
96 811 1466
1466 96 811
811 96 1466
126 353 1012
353 126 1012
1012 126 353
158 325 1271
1271 158 325
325 158 1271
465 701 1043
1043 465 701
701 465 1043
42 76 873
76 42 873
873 42 76
859 22 1237
1237 22 859
22 859 1237
108 78 202
202 78 108
78 108 202
217 552 749
552 217 749
749 217 552
68 535 936
535 68 936
936 68 535
56 1289 1300
1289 56 1300
1300 56 1289
985 51 1292
1292 51 985
51 985 1292
772 277 473
277 473 772
473 277 772
572 939 1282
1282 572 939
939 572 1282
548 216 1040
1040 216 548
216 548 1040
429 1080 1144
1080 429 1144
1144 429 1080
1328 40 480
480 40 1328
40 480 1328
1290 760 1229
1229 760 1290
760 1229 1290
1094 615 1242
1242 615 1094
615 1094 1242
162 136 365
136 162 365
365 136 162
503 316 561
561 316 503
316 503 561
951 235 1262
235 951 1262
1262 235 951
175 255 559
559 175 255
255 175 559
431 782 1111
1111 431 782
782 431 1111
852 642 1260
642 852 1260
1260 642 852
960 121 1338
121 960 1338
1338 121 960
361 781 1446
1446 361 781
781 361 1446
658 668 1380
668 658 1380
1380 658 668
918 1119 1457
1119 918 1457
1457 918 1119
705 278 1422
1422 278 705
278 705 1422
95 868 1010
1010 95 868
868 95 1010
397 509 721
721 397 509
509 397 721
211 613 862
862 211 613
613 211 862
218 602 801
602 218 801
801 218 602
339 822 1280
822 339 1280
1280 339 822
452 326 1079
1079 326 452
326 452 1079
887 593 905
593 887 905
905 593 887
195 97 1077
97 195 1077
1077 97 195
1251 481 508
508 481 1251
481 508 1251
86 426 444
426 86 444
444 86 426
1187 502 932
932 502 1187
502 932 1187
169 446 1048
1048 169 446
446 169 1048
383 106 445
106 383 445
445 106 383
47 564 1318
1318 47 564
564 47 1318
996 387 1435
1435 387 996
387 996 1435
1135 105 234
234 105 1135
105 234 1135
718 823 1249
1249 718 823
823 718 1249
806 36 1073
1073 36 806
36 806 1073
379 826 1367
1367 379 826
826 379 1367
872 296 1302
296 872 1302
1302 296 872
61 560 807
807 61 560
560 61 807
1066 37 1177
1177 37 1066
37 1066 1177
683 196 1191
196 683 1191
1191 196 683
1168 18 436
18 436 1168
436 18 1168
1499 34 60
60 34 1499
34 60 1499
396 205 313
205 313 396
313 205 396
1431 595 1108
595 1108 1431
1108 595 1431
322 586 690
586 322 690
690 322 586
679 1041 1450
1041 679 1450
1450 679 1041
67 895 1078
895 67 1078
1078 67 895
1183 1142 1259
1142 1183 1259
1259 1142 1183
103 308 366
308 103 366
366 103 308
224 673 998
998 224 673
673 224 998
850 282 703
703 282 850
282 703 850
27 857 974
974 27 857
857 27 974
883 1284 1391
1284 883 1391
1391 883 1284
1134 1042 1069
1042 1069 1134
1069 1042 1134
1016 599 908
908 599 1016
599 908 1016
906 404 483
483 404 906
404 483 906
11 494 1114
1114 11 494
494 11 1114
493 165 478
478 165 493
165 478 493
606 499 1483
499 606 1483
1483 499 606
58 140 1145
1145 58 140
140 58 1145
221 1370 1496
1370 221 1496
1496 221 1370
363 231 539
539 231 363
231 363 539
466 302 1358
1358 302 466
302 466 1358
584 345 1178
1178 345 584
345 584 1178
512 729 880
880 512 729
729 512 880
1141 335 1092
335 1092 1141
1092 335 1141
789 275 492
492 275 789
275 492 789
448 403 1104
403 448 1104
1104 403 448
856 691 1405
1405 691 856
691 856 1405
1420 785 1062
785 1062 1420
1062 785 1420
214 320 828
828 214 320
320 214 828
12 173 1165
173 12 1165
1165 12 173
225 537 1269
1269 225 537
537 225 1269
1160 884 1013
1013 884 1160
884 1013 1160
915 1148 1476
1476 915 1148
1148 915 1476
526 809 897
897 526 809
809 526 897
1086 655 1364
1364 655 1086
655 1086 1364
155 418 1014
1014 155 418
418 155 1014
1031 189 500
500 189 1031
189 500 1031
746 299 318
299 318 746
318 299 746
1356 633 1190
633 1190 1356
1190 633 1356
1208 639 913
639 913 1208
913 639 1208
888 456 840
456 840 888
840 456 888
377 153 261
153 261 377
261 153 377
382 307 775
307 382 775
775 307 382
1495 240 802
802 240 1495
240 802 1495
591 304 1020
304 591 1020
1020 304 591
459 274 1095
1095 274 459
274 459 1095
1348 248 311
311 248 1348
248 311 1348
1088 935 1439
935 1088 1439
1439 935 1088
653 356 912
356 653 912
912 356 653
246 376 1028
376 246 1028
1028 246 376
416 813 870
870 416 813
813 416 870
1082 413 869
869 413 1082
413 869 1082
1453 226 991
991 226 1453
226 991 1453
268 130 731
130 268 731
731 130 268
1223 270 1130
270 1130 1223
1130 270 1223
821 855 992
855 821 992
992 821 855
540 527 1398
1398 527 540
527 540 1398
622 342 1334
342 622 1334
1334 342 622
945 770 1394
1394 770 945
770 945 1394
741 582 1064
582 741 1064
1064 582 741
1015 87 273
87 273 1015
273 87 1015
352 978 1051
1051 352 978
978 352 1051
1227 907 1096
907 1096 1227
1096 907 1227
1075 269 489
489 269 1075
269 489 1075
531 604 1343
604 531 1343
1343 531 604
293 303 1173
303 293 1173
1173 293 303
32 1373 1389
1373 32 1389
1389 32 1373
374 183 420
183 374 420
420 183 374
624 317 475
475 317 624
317 475 624
943 982 1293
1293 943 982
982 943 1293
1070 485 896
896 485 1070
485 896 1070
488 287 1352
1352 287 488
287 488 1352
1176 149 154
149 154 1176
154 149 1176
711 575 620
575 620 711
620 575 711
1161 264 565
264 565 1161
565 264 1161
232 889 1159
889 232 1159
1159 232 889
983 125 706
706 125 983
125 706 983
1277 838 849
849 838 1277
838 849 1277
1493 330 1195
330 1195 1493
1195 330 1493
294 131 1287
1287 131 294
131 294 1287
9 1126 1432
1432 9 1126
1126 9 1432
471 354 1150
1150 354 471
354 471 1150
1344 171 1351
1351 171 1344
171 1344 1351
1046 119 513
513 119 1046
119 513 1046
495 778 1322
1322 495 778
778 495 1322
1169 210 796
210 796 1169
796 210 1169
1053 174 440
174 440 1053
440 174 1053
976 168 1170
1170 168 976
168 976 1170
724 437 573
573 437 724
437 573 724
851 942 1331
1331 851 942
942 851 1331
695 59 989
989 59 695
59 695 989
1212 890 1157
1157 890 1212
890 1157 1212
761 447 1074
447 761 1074
1074 447 761
1332 462 1448
1448 462 1332
462 1332 1448
1409 738 898
898 738 1409
738 898 1409
1430 674 742
742 674 1430
674 742 1430
476 625 815
625 476 815
815 476 625
980 406 1058
1058 406 980
406 980 1058
1276 923 1039
1039 923 1276
923 1039 1276
1381 213 1396
213 1381 1396
1396 213 1381
490 788 1081
1081 490 788
788 490 1081
256 740 1179
740 256 1179
1179 256 740
1153 1266 1452
1266 1153 1452
1452 1153 1266
389 167 1133
1133 167 389
167 389 1133
253 74 1057
74 253 1057
1057 74 253
164 524 1149
524 164 1149
1149 164 524
680 138 388
138 388 680
388 138 680
1349 45 238
238 45 1349
45 238 1349
496 73 1156
73 496 1156
1156 73 496
1274 635 1474
635 1274 1474
1474 635 1274
590 1067 1366
1366 590 1067
1067 590 1366
929 21 682
21 682 929
682 21 929
1101 251 751
251 751 1101
751 251 1101
1136 774 1447
1447 774 1136
774 1136 1447
35 617 734
617 35 734
734 35 617
583 146 571
571 146 583
146 571 583
434 25 223
25 223 434
223 25 434
239 1217 1497
1497 239 1217
1217 239 1497
368 233 249
249 233 368
233 249 368
997 684 1301
1301 684 997
684 997 1301
858 948 1201
1201 858 948
948 858 1201
750 288 1480
1480 288 750
288 750 1480
204 569 819
819 204 569
569 204 819
1315 394 1379
394 1315 1379
1379 394 1315
166 92 1362
92 166 1362
1362 92 166
904 94 1479
94 904 1479
1479 94 904
510 141 305
305 141 510
141 305 510
1469 451 727
727 451 1469
451 727 1469
1433 911 1384
911 1384 1433
1384 911 1433
1194 484 1021
1021 484 1194
484 1021 1194
641 212 254
254 212 641
212 254 641
1202 38 601
601 38 1202
38 601 1202
1255 101 631
631 101 1255
101 631 1255
1458 8 1461
1461 8 1458
8 1458 1461
422 118 137
137 118 422
118 137 422
717 180 1418
1418 180 717
180 717 1418
725 258 837
837 258 725
258 725 837
93 410 652
410 93 652
652 93 410
1060 114 1003
114 1003 1060
1003 114 1060
1465 610 1333
610 1333 1465
1333 610 1465
297 605 1198
605 297 1198
1198 297 605
845 468 1498
1498 468 845
468 845 1498
836 201 694
201 694 836
694 201 836
392 337 871
337 392 871
871 337 392
1027 861 966
861 966 1027
966 861 1027
1029 647 1329
1329 647 1029
647 1029 1329
1244 1056 1500
1500 1056 1244
1056 1244 1500
372 33 52
33 52 372
52 33 372
1110 597 1353
1353 597 1110
597 1110 1353
362 351 380
351 362 380
380 351 362
192 312 986
312 192 986
986 192 312
1438 241 463
463 241 1438
241 463 1438
1326 280 726
280 726 1326
726 280 1326
191 10 1345
10 191 1345
1345 10 191
5 455 676
676 5 455
455 5 676
427 147 1488
1488 147 427
147 427 1488
306 409 570
409 306 570
570 306 409
349 159 609
159 349 609
609 159 349
752 1197 1372
1372 752 1197
1197 752 1372
909 381 707
381 707 909
707 381 909
267 829 1171
829 267 1171
1171 267 829
1295 399 1390
1390 399 1295
399 1295 1390
77 937 1321
937 77 1321
1321 77 937
1049 343 698
343 698 1049
698 343 1049
222 145 407
145 222 407
407 145 222
228 390 1006
1006 228 390
390 228 1006
53 70 568
70 53 568
568 53 70
1129 370 1204
370 1129 1204
1204 370 1129
805 123 800
800 123 805
123 800 805
334 501 1310
1310 334 501
501 334 1310
714 477 1339
1339 477 714
477 714 1339
110 525 1368
1368 110 525
525 110 1368
449 491 1320
491 449 1320
1320 449 491
1393 200 1464
1464 200 1393
200 1393 1464
650 48 567
567 48 650
48 567 650
1477 519 1008
519 1008 1477
1008 519 1477
328 709 1386
709 328 1386
1386 328 709
533 1045 1285
1285 533 1045
1045 533 1285
841 672 1406
1406 672 841
672 841 1406
129 940 1055
940 129 1055
1055 129 940
1419 924 1459
1459 924 1419
924 1419 1459
309 289 344
344 289 309
289 309 344
371 957 1319
1319 371 957
957 371 1319
1034 336 795
795 336 1034
336 795 1034
1047 756 839
756 839 1047
839 756 1047
1313 1162 1272
1162 1272 1313
1272 1162 1313
1413 987 1158
1158 987 1413
987 1158 1413
1361 64 580
64 580 1361
580 64 1361
1403 1401 1412
1401 1403 1412
1412 1401 1403
1236 367 1264
367 1236 1264
1264 367 1236
1296 723 1485
723 1296 1485
1485 723 1296
1327 350 529
350 529 1327
529 350 1327
1221 219 875
219 875 1221
875 219 1221
160 1 994
994 1 160
1 160 994
769 1265 1494
1494 769 1265
1265 769 1494
408 877 1164
877 408 1164
1164 408 877
1378 1174 1462
1462 1174 1378
1174 1378 1462
719 554 634
634 554 719
554 634 719
1346 300 881
881 300 1346
300 881 1346
497 771 1207
1207 497 771
771 497 1207
1335 157 1089
157 1089 1335
1089 157 1335
321 6 314
314 6 321
6 314 321
185 739 1400
739 185 1400
1400 185 739
1238 29 1482
1482 29 1238
29 1238 1482
846 667 874
667 846 874
874 667 846
184 120 208
120 184 208
208 120 184
1340 375 1357
375 1340 1357
1357 375 1340
959 39 281
281 39 959
39 281 959
378 1000 1481
1481 378 1000
1000 378 1481
1241 84 1214
1214 84 1241
84 1214 1241
979 209 1166
209 979 1166
1166 209 979
1099 72 776
776 72 1099
72 776 1099
291 19 1261
1261 19 291
19 291 1261
797 783 794
783 794 797
794 783 797
244 135 534
534 135 244
135 244 534
242 229 369
229 242 369
369 229 242
102 1193 1397
1193 102 1397
1397 102 1193
132 827 1084
827 132 1084
1084 132 827
768 754 825
754 768 825
825 754 768
432 1263 1294
1263 432 1294
1294 432 1263
435 188 791
791 188 435
188 435 791
266 111 1093
111 266 1093
1093 111 266
1116 207 779
779 207 1116
207 779 1116
649 542 1436
1436 542 649
542 649 1436
411 1230 1399
1230 411 1399
1399 411 1230
1437 439 1288
439 1288 1437
1288 439 1437
790 295 842
842 295 790
295 790 842
547 1030 1449
1030 547 1449
1449 547 1030
763 514 1017
514 763 1017
1017 514 763
1421 644 670
670 644 1421
644 670 1421
1038 423 1258
1258 423 1038
423 1038 1258
1052 20 1102
1102 20 1052
20 1052 1102
1451 323 1025
323 1025 1451
1025 323 1451
712 415 1061
1061 415 712
415 712 1061
687 636 1004
1004 636 687
636 687 1004
324 62 949
949 62 324
62 324 949
916 688 947
947 688 916
688 916 947
117 315 1414
1414 117 315
315 117 1414
1001 199 203
203 199 1001
199 203 1001
820 276 498
276 498 820
498 276 820
479 1054 1090
1054 479 1090
1090 479 1054
1460 172 395
395 172 1460
172 395 1460
1492 402 1471
1471 402 1492
402 1471 1492
283 85 973
85 283 973
973 85 283
765 1105 1371
1105 765 1371
1371 765 1105
331 104 743
743 104 331
104 331 743
860 398 1199
398 860 1199
1199 398 860
16 556 681
681 16 556
556 16 681
1123 574 969
969 574 1123
574 969 1123
1365 999 1279
999 1279 1365
1279 999 1365
1115 608 1239
608 1115 1239
1239 608 1115
640 716 950
950 640 716
716 640 950
454 421 713
421 454 713
713 421 454
1184 333 1175
333 1175 1184
1175 333 1184
661 866 1112
866 661 1112
1112 661 866
632 464 1341
1341 464 632
464 632 1341
319 863 1235
863 319 1235
1235 319 863
1307 697 1240
1240 697 1307
697 1240 1307
893 83 766
83 766 893
766 83 893
737 748 1478
1478 737 748
748 737 1478
648 179 536
536 179 648
179 536 648
814 892 1286
892 814 1286
1286 814 892
1475 486 551
551 486 1475
486 551 1475
284 546 1050
546 284 1050
1050 284 546
1085 938 1297
1297 938 1085
938 1085 1297
1220 646 708
646 708 1220
708 646 1220
193 177 290
177 193 290
290 177 193
685 876 967
876 685 967
967 685 876
1247 472 1210
472 1210 1247
1210 472 1247
1192 43 799
799 43 1192
43 799 1192
24 453 1185
1185 24 453
453 24 1185
1152 919 1416
919 1152 1416
1416 919 1152
1456 1005 1163
1005 1163 1456
1163 1005 1456
1125 931 1442
1442 931 1125
931 1125 1442
963 98 626
98 626 963
626 98 963
544 1137 1404
1404 544 1137
1137 544 1404
144 31 933
31 144 933
933 31 144
405 430 469
469 405 430
430 405 469
1275 425 773
425 773 1275
773 425 1275
1278 549 1252
1252 549 1278
549 1252 1278
693 643 1473
1473 643 693
643 693 1473
227 428 816
816 227 428
428 227 816
1097 247 260
247 260 1097
260 247 1097
885 26 457
26 457 885
457 26 885
1228 50 1132
1132 50 1228
50 1132 1228
505 386 1330
1330 386 505
386 505 1330
1182 520 1270
1270 520 1182
520 1182 1270
515 1068 1200
1200 515 1068
1068 515 1200
786 13 577
577 13 786
13 577 786
1425 298 1455
298 1425 1455
1455 298 1425
81 89 1347
89 81 1347
1347 81 89
1387 835 1314
1314 835 1387
835 1314 1387
830 576 1107
1107 576 830
576 830 1107
555 80 854
80 555 854
854 80 555
65 504 787
504 65 787
787 65 504
1147 7 1154
1154 7 1147
7 1147 1154
1248 545 1354
545 1248 1354
1354 545 1248
562 623 1445
1445 562 623
623 562 1445
150 1337 1392
1337 150 1392
1392 150 1337
1382 700 1444
1444 700 1382
700 1382 1444
176 1007 1440
1440 176 1007
1007 176 1440
1426 23 988
988 23 1426
23 988 1426
675 803 1209
1209 675 803
803 675 1209
1417 553 1281
553 1281 1417
1281 553 1417
259 163 833
833 163 259
163 259 833
665 265 1463
1463 265 665
265 665 1463
645 812 882
812 645 882
882 645 812
596 66 1155
66 596 1155
1155 66 596
956 357 669
357 669 956
669 357 956
917 971 1121
1121 917 971
971 917 1121
1011 1216 1291
1216 1011 1291
1291 1011 1216
332 511 702
511 332 702
702 332 511
710 753 965
965 710 753
753 710 965
848 720 767
720 767 848
767 720 848
678 659 844
659 678 844
844 659 678
657 954 1044
954 657 1044
1044 657 954
133 112 1336
1336 112 133
112 133 1336
995 99 417
99 417 995
417 99 995
1283 1226 1305
1226 1283 1305
1305 1226 1283
1257 115 286
286 115 1257
115 286 1257
793 414 1118
414 793 1118
1118 414 793
1268 1186 1472
1186 1268 1472
1472 1186 1268
934 450 1087
450 934 1087
1087 450 934
1122 134 1167
1167 134 1122
134 1122 1167
592 910 1424
1424 592 910
910 592 1424
14 69 686
686 14 69
69 14 686
972 292 611
611 292 972
292 611 972
1267 190 543
543 190 1267
190 543 1267
1342 607 964
964 607 1342
607 964 1342
487 220 1434
1434 220 487
220 487 1434
928 263 1254
1254 263 928
263 928 1254
961 15 953
15 953 961
953 15 961
340 538 579
538 340 579
579 340 538
1146 57 1304
1304 57 1146
57 1146 1304
894 735 1415
1415 735 894
735 894 1415
100 651 1218
651 100 1218
1218 100 651
1172 628 1120
628 1120 1172
1120 628 1172
1423 44 984
44 984 1423
984 44 1423
1443 831 1486
1486 831 1443
831 1443 1486
587 1106 1250
1106 587 1250
1250 587 1106
1377 990 1131
990 1131 1377
1131 990 1377
808 143 1033
1033 143 808
143 808 1033
563 338 594
594 338 563
338 563 594
1022 1036 1375
1036 1022 1375
1375 1022 1036
1083 878 1232
1232 878 1083
878 1083 1232
993 891 1234
1234 891 993
891 993 1234
148 458 585
585 148 458
458 148 585
197 958 1203
1203 197 958
958 197 1203
732 348 638
638 348 732
348 638 732
186 518 1359
1359 186 518
518 186 1359
614 419 1019
419 614 1019
1019 419 614
557 116 1151
116 557 1151
1151 116 557
528 517 952
517 528 952
952 517 528
391 792 1072
792 391 1072
1072 391 792
90 666 1355
666 90 1355
1355 90 666
257 755 930
930 257 755
755 257 930
922 4 637
4 637 922
637 4 922
1213 1211 1312
1312 1211 1213
1211 1213 1312
1032 384 1303
384 1032 1303
1303 384 1032
28 1138 1441
1138 28 1441
1441 28 1138
1180 30 944
30 944 1180
944 30 1180
581 424 566
424 566 581
566 424 581
1063 1181 1273
1181 1063 1273
1273 1063 1181
728 506 699
506 699 728
699 506 728
401 1231 1410
1231 401 1410
1410 401 1231
522 762 1109
1109 522 762
762 522 1109
194 142 1071
142 194 1071
1071 142 194
364 139 1454
139 364 1454
1454 139 364
955 113 230
230 113 955
113 230 955
532 689 1037
689 532 1037
1037 532 689
1467 206 1189
206 1189 1467
1189 206 1467
975 107 1225
1225 107 975
107 975 1225
346 443 1376
443 346 1376
1376 346 443
867 122 715
122 715 867
715 122 867
327 79 1035
1035 79 327
79 327 1035
600 151 736
736 151 600
151 600 736
654 262 460
262 460 654
460 262 654
1009 243 977
977 243 1009
243 977 1009
730 523 1325
1325 523 730
523 730 1325
1100 780 962
780 962 1100
962 780 1100
664 49 764
764 49 664
49 664 764
393 1059 1427
1427 393 1059
1059 393 1427
612 758 1140
758 612 1140
1140 612 758
279 310 745
745 279 310
310 279 745
1246 804 1243
804 1243 1246
1243 804 1246
467 17 1490
1490 17 467
17 467 1490
1103 630 899
630 899 1103
899 630 1103
461 181 1065
181 461 1065
1065 181 461
3 152 1308
1308 3 152
152 3 1308
798 662 864
864 662 798
662 798 864
442 578 810
810 442 578
578 442 810
1411 663 843
663 843 1411
843 663 1411
1369 970 1113
1113 970 1369
970 1113 1369
1484 968 1299
1299 968 1484
968 1299 1484
692 359 1395
1395 359 692
359 692 1395
1024 400 704
704 400 1024
400 704 1024
1429 433 1206
1206 433 1429
433 1206 1429
744 777 1245
1245 744 777
777 744 1245
722 360 1374
1374 360 722
360 722 1374
156 2 301
2 156 301
301 2 156
88 55 1428
55 88 1428
1428 55 88
54 603 1128
1128 54 603
603 54 1128
1491 198 1407
198 1407 1491
1407 198 1491
747 271 696
696 271 747
271 696 747
733 1002 1324
1002 733 1324
1324 733 1002
627 341 1388
1388 341 627
341 627 1388
900 558 921
558 900 921
921 558 900
920 71 832
71 832 920
832 71 920
1023 1219 1311
1311 1023 1219
1219 1023 1311
1256 886 1026
886 1026 1256
1026 886 1256
865 1196 1317
1317 865 1196
1196 865 1317
1323 170 1298
1298 170 1323
170 1298 1323
941 285 926
285 926 941
926 285 941
441 660 946
946 441 660
660 441 946
1363 1127 1188
1127 1188 1363
1188 1127 1363
530 41 1468
41 530 1468
1468 41 530
616 438 902
438 616 902
902 438 616
187 470 629
629 187 470
470 187 629
245 541 1076
1076 245 541
541 245 1076
1215 784 903
903 784 1215
784 903 1215
1402 161 1350
1350 161 1402
161 1350 1402
759 46 1222
1222 46 759
46 759 1222
817 109 250
250 109 817
109 250 817
355 82 879
82 355 879
879 82 355
237 550 1233
550 237 1233
1233 237 550
358 75 927
75 358 927
927 75 358
598 618 1487
618 598 1487
1487 598 618
1408 63 347
347 63 1408
63 347 1408
1117 252 373
252 373 1117
373 252 1117
1098 589 656
656 589 1098
589 656 1098
677 124 182
182 124 677
124 182 677
