10356 32819 89014
89014 10356 32819
32819 10356 89014
76494 6069 58417
58417 6069 76494
6069 58417 76494
114358 50821 64338
50821 64338 114358
64338 50821 114358
140188 6660 105028
105028 6660 140188
6660 105028 140188
86013 101378 130219
130219 86013 101378
101378 86013 130219
52661 47330 62242
62242 47330 52661
47330 52661 62242
40785 59001 72985
59001 40785 72985
72985 40785 59001
95887 94162 117698
94162 95887 117698
117698 94162 95887
75486 46877 146788
46877 75486 146788
146788 46877 75486
51549 103156 123876
103156 51549 123876
123876 51549 103156
123284 64771 99274
99274 64771 123284
64771 99274 123284
130627 66671 140726
66671 130627 140726
140726 66671 130627
122783 27512 106954
106954 27512 122783
27512 106954 122783
118071 606 9820
606 9820 118071
9820 606 118071
51296 50984 100192
50984 51296 100192
100192 50984 51296
135176 12712 48336
12712 48336 135176
48336 12712 135176
105419 63795 128322
63795 105419 128322
128322 63795 105419
84375 3868 50593
3868 50593 84375
50593 3868 84375
138239 29726 43954
29726 43954 138239
43954 29726 138239
55612 38194 58669
58669 38194 55612
38194 55612 58669
59145 59131 131955
131955 59131 59145
59131 59145 131955
110635 53304 147336
147336 53304 110635
53304 110635 147336
62750 15908 115841
15908 62750 115841
115841 15908 62750
120718 85463 95842
85463 95842 120718
95842 85463 120718
48659 74343 81560
74343 48659 81560
81560 48659 74343
47554 107430 117962
117962 47554 107430
107430 47554 117962
130105 6299 66637
6299 66637 130105
66637 6299 130105
13969 9426 122702
122702 9426 13969
9426 13969 122702
25683 24363 112151
112151 24363 25683
24363 25683 112151
1645 39375 96189
96189 1645 39375
39375 1645 96189
31437 49480 144351
49480 31437 144351
144351 31437 49480
66135 98660 122406
122406 66135 98660
98660 66135 122406
74387 86404 121303
121303 74387 86404
86404 74387 121303
115111 11310 109483
109483 11310 115111
11310 109483 115111
44626 52373 135059
52373 44626 135059
135059 44626 52373
73544 70051 92039
92039 70051 73544
70051 73544 92039
81395 29286 132308
29286 81395 132308
132308 29286 81395
139595 1750 18917
18917 1750 139595
1750 18917 139595
81662 66935 132920
132920 66935 81662
66935 81662 132920
131505 62975 148132
62975 131505 148132
148132 62975 131505
4559 68929 107411
68929 4559 107411
107411 4559 68929
36270 122664 129809
129809 36270 122664
122664 36270 129809
54770 51496 68674
51496 54770 68674
68674 51496 54770
35828 46663 49412
46663 35828 49412
49412 35828 46663
45637 51141 147685
147685 45637 51141
51141 45637 147685
142684 75817 122837
122837 75817 142684
75817 122837 142684
46977 109309 127311
127311 46977 109309
109309 46977 127311
102988 4357 99261
4357 99261 102988
99261 4357 102988
71771 13578 148013
13578 71771 148013
148013 13578 71771
54793 17945 134033
17945 54793 134033
134033 17945 54793
4539 113765 137066
113765 4539 137066
137066 4539 113765
134597 57928 93990
93990 57928 134597
57928 93990 134597
76239 131086 139563
139563 76239 131086
131086 76239 139563
144014 90862 131222
131222 90862 144014
90862 131222 144014
46314 45420 122254
122254 45420 46314
45420 46314 122254
83465 49072 93365
93365 49072 83465
49072 83465 93365
49434 15877 83899
83899 15877 49434
15877 49434 83899
144044 122886 135556
135556 122886 144044
122886 135556 144044
129565 75320 82546
75320 82546 129565
82546 75320 129565
77151 5781 42085
42085 5781 77151
5781 42085 77151
1697 52501 149520
52501 1697 149520
149520 1697 52501
30132 39827 72822
39827 30132 72822
72822 30132 39827
87266 20131 116480
116480 20131 87266
20131 87266 116480
96721 114466 146264
146264 96721 114466
114466 96721 146264
86670 21089 78806
21089 78806 86670
78806 21089 86670
15193 50906 80774
50906 15193 80774
80774 15193 50906
89390 83721 122994
83721 89390 122994
122994 83721 89390
85317 114898 148499
148499 85317 114898
114898 85317 148499
95001 7488 83295
83295 7488 95001
7488 83295 95001
58398 45248 87196
87196 45248 58398
45248 58398 87196
68561 18608 108524
18608 68561 108524
108524 18608 68561
105903 61745 139163
61745 105903 139163
139163 61745 105903
68469 14710 39839
39839 14710 68469
14710 39839 68469
74851 82188 106696
106696 74851 82188
82188 74851 106696
75943 11064 137027
11064 75943 137027
137027 11064 75943
70880 96259 127220
127220 70880 96259
96259 70880 127220
95359 19709 130160
19709 95359 130160
130160 19709 95359
53428 62854 75824
62854 53428 75824
75824 53428 62854
77603 22417 42235
42235 22417 77603
22417 42235 77603
43406 68245 107819
107819 43406 68245
68245 43406 107819
65753 95994 109099
95994 65753 109099
109099 65753 95994
136924 80018 94888
80018 94888 136924
94888 80018 136924
142397 68277 141034
68277 141034 142397
141034 68277 142397
10248 90684 149301
90684 10248 149301
149301 10248 90684
44349 70056 128542
128542 44349 70056
70056 44349 128542
80093 56747 104953
104953 56747 80093
56747 80093 104953
139030 24727 84661
84661 24727 139030
24727 84661 139030
26918 1383 8795
8795 1383 26918
1383 8795 26918
16230 45794 65233
65233 16230 45794
45794 16230 65233
65769 35749 109680
35749 65769 109680
109680 35749 65769
93941 55552 120776
55552 93941 120776
120776 55552 93941
125551 21001 64313
64313 21001 125551
21001 64313 125551
67145 128301 143140
128301 67145 143140
143140 67145 128301
132965 38691 130218
38691 130218 132965
130218 38691 132965
89586 34152 90163
34152 89586 90163
90163 34152 89586
117913 279 124255
124255 279 117913
279 117913 124255
66320 34583 70128
70128 34583 66320
34583 66320 70128
27317 38085 43849
43849 27317 38085
38085 27317 43849
92358 123492 127217
127217 92358 123492
123492 92358 127217
114362 18053 68903
18053 68903 114362
68903 18053 114362
145198 917 24455
917 24455 145198
24455 917 145198
32927 12359 64731
12359 32927 64731
64731 12359 32927
57836 108641 129684
108641 57836 129684
129684 57836 108641
75551 12685 97648
97648 12685 75551
12685 75551 97648
141888 61306 107768
61306 107768 141888
107768 61306 141888
118250 10236 82327
10236 82327 118250
82327 10236 118250
114443 102711 127275
102711 114443 127275
127275 102711 114443
16892 75265 133912
75265 16892 133912
133912 16892 75265
103645 80968 110845
80968 103645 110845
110845 80968 103645
19773 36352 55268
55268 19773 36352
36352 19773 55268
41332 31968 58713
58713 31968 41332
31968 41332 58713
77759 131003 141948
141948 77759 131003
131003 77759 141948
30791 21961 69312
21961 30791 69312
69312 21961 30791
65930 18167 111236
111236 18167 65930
18167 65930 111236
48973 114250 141512
141512 48973 114250
114250 48973 141512
30312 97355 144933
144933 30312 97355
97355 30312 144933
52699 342 32522
342 32522 52699
32522 342 52699
128440 27690 85502
85502 27690 128440
27690 85502 128440
112272 13372 101436
13372 101436 112272
101436 13372 112272
64091 80477 103866
80477 64091 103866
103866 64091 80477
119836 14693 106800
106800 14693 119836
14693 106800 119836
60493 72528 142183
142183 60493 72528
72528 60493 142183
136206 88824 131555
131555 88824 136206
88824 131555 136206
145762 117630 118749
117630 118749 145762
118749 117630 145762
19686 33352 54540
33352 19686 54540
54540 19686 33352
25627 9799 110041
9799 25627 110041
110041 9799 25627
41521 111869 136077
111869 41521 136077
136077 41521 111869
98545 11529 54962
11529 54962 98545
54962 11529 98545
10088 58875 102972
58875 10088 102972
102972 10088 58875
80618 47016 103000
103000 47016 80618
47016 80618 103000
20180 1679 124717
1679 20180 124717
124717 1679 20180
37904 2828 95208
95208 2828 37904
2828 37904 95208
98886 102952 126474
126474 98886 102952
102952 98886 126474
50583 1816 112262
1816 50583 112262
112262 1816 50583
65898 34670 75647
75647 34670 65898
34670 65898 75647
43728 107019 120731
107019 43728 120731
120731 43728 107019
58719 22755 118932
118932 22755 58719
22755 58719 118932
11031 104760 144626
144626 11031 104760
104760 11031 144626
131331 11565 139904
11565 131331 139904
139904 11565 131331
131919 28765 125064
28765 125064 131919
125064 28765 131919
141899 34471 85108
85108 34471 141899
34471 85108 141899
108133 16238 43807
16238 43807 108133
43807 16238 108133
125498 19638 142294
142294 19638 125498
19638 125498 142294
33039 1256 142155
1256 33039 142155
142155 1256 33039
105547 10929 68270
68270 10929 105547
10929 68270 105547
24150 108740 144541
108740 24150 144541
144541 24150 108740
44191 7905 48655
7905 44191 48655
48655 7905 44191
141675 46894 116175
116175 46894 141675
46894 116175 141675
10855 32820 148089
148089 10855 32820
32820 10855 148089
94021 58942 146322
58942 94021 146322
146322 58942 94021
48095 65796 113821
65796 48095 113821
113821 48095 65796
108078 87948 145547
145547 87948 108078
87948 108078 145547
106176 72828 126739
72828 106176 126739
126739 72828 106176
75447 542 27018
27018 542 75447
542 27018 75447
89930 105064 128533
128533 89930 105064
105064 89930 128533
113022 73823 112537
112537 73823 113022
73823 112537 113022
100839 121 144186
121 100839 144186
144186 121 100839
43256 69561 108527
108527 43256 69561
69561 43256 108527
106773 4467 83425
83425 4467 106773
4467 83425 106773
133155 47482 53240
53240 47482 133155
47482 53240 133155
6940 6643 131835
6643 6940 131835
131835 6643 6940
133591 90561 149565
149565 90561 133591
90561 133591 149565
14049 14356 96521
14356 14049 96521
96521 14049 14356
72564 60970 147690
147690 60970 72564
60970 72564 147690
123506 111387 144938
144938 111387 123506
111387 123506 144938
73838 32908 48552
48552 32908 73838
32908 48552 73838
128148 47647 63954
63954 47647 128148
47647 63954 128148
94328 60105 102406
102406 60105 94328
60105 94328 102406
27155 67060 114733
67060 27155 114733
114733 27155 67060
93727 71385 94570
94570 71385 93727
71385 93727 94570
69193 96850 119357
119357 69193 96850
96850 69193 119357
73347 40830 138333
138333 40830 73347
40830 73347 138333
70657 13820 17526
17526 13820 70657
13820 17526 70657
133869 63152 141640
63152 133869 141640
141640 63152 133869
54579 28950 111981
111981 28950 54579
28950 54579 111981
87210 29374 59200
29374 59200 87210
59200 29374 87210
126263 9399 106795
106795 9399 126263
9399 106795 126263
26870 23118 114130
23118 26870 114130
114130 23118 26870
57684 49244 122808
49244 57684 122808
122808 49244 57684
78535 26301 64912
64912 26301 78535
26301 64912 78535
146035 6298 23935
6298 23935 146035
23935 6298 146035
52105 85535 90693
85535 52105 90693
90693 52105 85535
87775 73501 137507
73501 87775 137507
137507 73501 87775
97732 52401 102452
52401 97732 102452
102452 52401 97732
125633 128208 137816
128208 125633 137816
137816 125633 128208
89694 120502 142937
120502 89694 142937
142937 89694 120502
111318 60284 101769
60284 101769 111318
101769 60284 111318
75010 26489 85861
85861 26489 75010
26489 75010 85861
138139 29829 94427
94427 29829 138139
29829 94427 138139
36440 100881 110329
100881 36440 110329
110329 36440 100881
80884 64140 126997
126997 64140 80884
64140 80884 126997
72832 33460 96759
96759 33460 72832
33460 72832 96759
11464 65880 86080
86080 11464 65880
65880 11464 86080
105165 59904 101359
59904 101359 105165
101359 59904 105165
37176 21993 40185
40185 21993 37176
21993 37176 40185
83377 16814 125198
16814 83377 125198
125198 16814 83377
104884 29013 109347
109347 29013 104884
29013 104884 109347
124814 11349 91680
91680 11349 124814
11349 91680 124814
2646 89365 105998
89365 2646 105998
105998 2646 89365
116141 44348 118730
44348 116141 118730
118730 44348 116141
60342 40479 62617
62617 40479 60342
40479 60342 62617
147606 35319 101755
101755 35319 147606
35319 101755 147606
76158 9305 73396
73396 9305 76158
9305 73396 76158
58768 37647 86605
86605 37647 58768
37647 58768 86605
32669 28744 112114
112114 28744 32669
28744 32669 112114
84498 26188 45413
45413 26188 84498
26188 45413 84498
23699 48074 131852
131852 23699 48074
48074 23699 131852
118504 98890 135239
135239 98890 118504
98890 118504 135239
70169 29847 110917
29847 70169 110917
110917 29847 70169
145472 16582 54943
16582 54943 145472
54943 16582 145472
135982 27516 57363
27516 57363 135982
57363 27516 135982
140520 94534 124533
124533 94534 140520
94534 124533 140520
18817 51895 138120
138120 18817 51895
51895 18817 138120
61048 112859 148819
112859 61048 148819
148819 61048 112859
68449 28111 104513
28111 68449 104513
104513 28111 68449
28873 45423 93440
93440 28873 45423
45423 28873 93440
44425 111553 126079
111553 44425 126079
126079 44425 111553
112013 25007 114648
25007 112013 114648
114648 25007 112013
125212 97086 141618
97086 125212 141618
141618 97086 125212
78686 128077 134157
134157 78686 128077
128077 78686 134157
68003 20787 76627
76627 20787 68003
20787 68003 76627
137670 5141 118047
118047 5141 137670
5141 118047 137670
148767 98489 119116
98489 119116 148767
119116 98489 148767
128869 25450 45789
45789 25450 128869
25450 45789 128869
66212 31385 86124
86124 31385 66212
31385 66212 86124
51967 66117 84107
84107 51967 66117
66117 51967 84107
38358 5731 115328
5731 38358 115328
115328 5731 38358
20322 95396 118614
95396 20322 118614
118614 20322 95396
25593 97536 146383
146383 25593 97536
97536 25593 146383
136951 35287 111224
35287 111224 136951
111224 35287 136951
17826 107338 130540
130540 17826 107338
107338 17826 130540
134661 36434 85562
85562 36434 134661
36434 85562 134661
97136 11797 102747
102747 11797 97136
11797 97136 102747
48050 102023 129568
129568 48050 102023
102023 48050 129568
22429 10004 89837
10004 22429 89837
89837 10004 22429
12683 9693 127566
9693 12683 127566
127566 9693 12683
56008 36345 78515
78515 36345 56008
36345 56008 78515
70070 109217 128516
109217 70070 128516
128516 70070 109217
90088 42037 138633
42037 90088 138633
138633 42037 90088
63803 120515 134142
120515 63803 134142
134142 63803 120515
7490 20681 77559
77559 7490 20681
20681 7490 77559
141490 59202 141276
141276 59202 141490
59202 141276 141490
11412 112398 128804
112398 11412 128804
128804 11412 112398
17516 33716 35657
33716 17516 35657
35657 17516 33716
17809 38870 49269
49269 17809 38870
38870 17809 49269
18359 34681 149602
149602 18359 34681
34681 18359 149602
101820 19737 85195
85195 19737 101820
19737 85195 101820
105142 109513 126560
126560 105142 109513
109513 105142 126560
55579 104449 145896
104449 55579 145896
145896 55579 104449
3754 120557 148218
148218 3754 120557
120557 3754 148218
6184 134722 136682
134722 6184 136682
136682 6184 134722
129107 1968 132856
132856 1968 129107
1968 129107 132856
19276 19350 138661
19350 19276 138661
138661 19276 19350
102850 79555 114625
79555 102850 114625
114625 79555 102850
101869 34155 48177
48177 34155 101869
34155 48177 101869
51078 32402 144137
144137 32402 51078
32402 51078 144137
90650 120801 127189
120801 90650 127189
127189 90650 120801
113214 70400 111333
111333 70400 113214
70400 111333 113214
89264 41398 75607
75607 41398 89264
41398 75607 89264
29116 30943 137602
137602 29116 30943
30943 29116 137602
15608 76551 136910
76551 15608 136910
136910 15608 76551
94280 91227 91567
91227 91567 94280
91567 91227 94280
15227 72908 130618
130618 15227 72908
72908 15227 130618
88068 6441 65741
65741 6441 88068
6441 65741 88068
77403 32044 41919
41919 32044 77403
32044 41919 77403
18647 72048 112794
72048 18647 112794
112794 18647 72048
149435 21121 54657
21121 54657 149435
54657 21121 149435
20407 13746 46229
13746 20407 46229
46229 13746 20407
135507 79946 134553
134553 79946 135507
79946 134553 135507
99407 36455 75090
75090 36455 99407
36455 75090 99407
89258 92359 146506
146506 89258 92359
92359 89258 146506
128273 96420 113895
96420 113895 128273
113895 96420 128273
82721 61621 107314
61621 82721 107314
107314 61621 82721
14323 31817 59676
31817 14323 59676
59676 14323 31817
55413 115779 121231
121231 55413 115779
115779 55413 121231
28062 24373 61398
24373 28062 61398
61398 24373 28062
76359 24307 106610
24307 76359 106610
106610 24307 76359
138394 44811 137204
44811 137204 138394
137204 44811 138394
73805 11201 11951
11951 11201 73805
11201 11951 73805
70120 16392 60281
60281 16392 70120
16392 60281 70120
77269 105351 130173
130173 77269 105351
105351 77269 130173
31419 79900 80223
79900 31419 80223
80223 31419 79900
8720 54001 99924
99924 8720 54001
54001 8720 99924
78248 21068 82202
82202 21068 78248
21068 78248 82202
129498 135373 141929
141929 129498 135373
135373 129498 141929
27341 103597 115205
115205 27341 103597
103597 27341 115205
88725 8688 103841
8688 88725 103841
103841 8688 88725
122215 94475 127793
127793 94475 122215
94475 122215 127793
120398 5830 127665
5830 120398 127665
127665 5830 120398
122650 70746 137193
70746 122650 137193
137193 70746 122650
14198 116099 135695
116099 14198 135695
135695 14198 116099
78731 52653 82970
82970 52653 78731
52653 78731 82970
70224 115777 145513
145513 70224 115777
115777 70224 145513
50976 41497 110464
110464 41497 50976
41497 50976 110464
4743 10412 100114
100114 4743 10412
10412 4743 100114
108618 9845 50082
50082 9845 108618
9845 50082 108618
32905 15041 71484
71484 15041 32905
15041 32905 71484
11025 74146 101935
101935 11025 74146
74146 11025 101935
38018 2350 50110
2350 38018 50110
50110 2350 38018
6627 23736 111451
23736 6627 111451
111451 6627 23736
109856 76223 76324
76223 76324 109856
76324 76223 109856
101785 9624 17277
9624 17277 101785
17277 9624 101785
47465 24703 124907
24703 47465 124907
124907 24703 47465
100469 8664 120432
120432 8664 100469
8664 100469 120432
19529 53636 67994
67994 19529 53636
53636 19529 67994
56857 107967 135421
135421 56857 107967
107967 56857 135421
53773 33397 46069
46069 33397 53773
33397 46069 53773
96523 71466 133500
133500 71466 96523
71466 96523 133500
145385 90576 125664
125664 90576 145385
90576 125664 145385
51989 1118 16137
16137 1118 51989
1118 16137 51989
12240 16917 49345
49345 12240 16917
16917 12240 49345
100120 58684 70898
70898 58684 100120
58684 70898 100120
60195 19372 27513
27513 19372 60195
19372 27513 60195
14257 78235 107373
107373 14257 78235
78235 14257 107373
22570 9213 86880
86880 9213 22570
9213 22570 86880
60888 45552 112642
45552 60888 112642
112642 45552 60888
14880 28171 115281
115281 14880 28171
28171 14880 115281
65544 35533 40771
35533 40771 65544
40771 35533 65544
106457 30295 144651
30295 106457 144651
144651 30295 106457
5133 44798 53742
44798 5133 53742
53742 5133 44798
49789 7961 120133
120133 7961 49789
7961 49789 120133
116048 36193 47032
47032 36193 116048
36193 47032 116048
81486 15491 50042
50042 15491 81486
15491 50042 81486
134908 64372 81003
64372 81003 134908
81003 64372 134908
62772 44472 135000
44472 62772 135000
135000 44472 62772
71637 24825 72928
72928 24825 71637
24825 71637 72928
135044 13265 143918
143918 13265 135044
13265 135044 143918
51750 29288 108430
108430 29288 51750
29288 51750 108430
110030 72508 85127
85127 72508 110030
72508 85127 110030
106669 116684 124264
116684 106669 124264
124264 106669 116684
135281 9798 89293
9798 89293 135281
89293 9798 135281
83973 52158 112509
52158 83973 112509
112509 52158 83973
124350 24724 48968
48968 24724 124350
24724 48968 124350
55707 31547 56109
56109 31547 55707
31547 55707 56109
115949 59975 99015
99015 59975 115949
59975 99015 115949
139224 38276 90853
90853 38276 139224
38276 90853 139224
101733 88695 90120
88695 90120 101733
90120 88695 101733
81446 127186 149587
149587 81446 127186
127186 81446 149587
36018 60095 73022
60095 36018 73022
73022 36018 60095
9893 67197 136115
67197 9893 136115
136115 9893 67197
89366 6738 62079
6738 62079 89366
62079 6738 89366
84123 62092 98926
98926 62092 84123
62092 84123 98926
32329 10417 139497
139497 10417 32329
10417 32329 139497
112529 19427 121218
19427 112529 121218
121218 19427 112529
14426 51587 68219
68219 14426 51587
51587 14426 68219
52284 38397 117741
38397 52284 117741
117741 38397 52284
5754 35126 109205
109205 5754 35126
35126 5754 109205
54046 64705 67630
64705 54046 67630
67630 54046 64705
146433 61121 74459
61121 74459 146433
74459 61121 146433
59832 9102 46456
46456 9102 59832
9102 46456 59832
105238 34069 93041
93041 34069 105238
34069 93041 105238
28237 6088 6887
6887 6088 28237
6088 6887 28237
51531 77740 131447
77740 51531 131447
131447 51531 77740
104925 59280 132971
132971 59280 104925
59280 104925 132971
135425 29931 35916
35916 29931 135425
29931 35916 135425
65707 82018 119799
82018 65707 119799
119799 65707 82018
41435 30545 97463
97463 30545 41435
30545 41435 97463
67174 16483 17998
17998 16483 67174
16483 17998 67174
48028 35462 82235
35462 48028 82235
82235 35462 48028
42817 30870 131994
131994 30870 42817
30870 42817 131994
76269 35863 101794
35863 76269 101794
101794 35863 76269
118559 110339 129109
129109 110339 118559
110339 118559 129109
57652 11737 18581
18581 11737 57652
11737 18581 57652
75127 56948 94536
56948 75127 94536
94536 56948 75127
134165 10089 54364
10089 54364 134165
54364 10089 134165
91535 8818 94249
8818 91535 94249
94249 8818 91535
130027 52272 137630
52272 130027 137630
137630 52272 130027
111910 26733 126885
26733 111910 126885
126885 26733 111910
33832 111796 124675
124675 33832 111796
111796 33832 124675
32464 59616 129575
59616 32464 129575
129575 32464 59616
110556 74534 140119
140119 74534 110556
74534 110556 140119
115724 40018 52623
52623 40018 115724
40018 52623 115724
118721 2845 40308
2845 40308 118721
40308 2845 118721
107389 24793 107620
107620 24793 107389
24793 107389 107620
142876 20799 44003
20799 44003 142876
44003 20799 142876
120017 42312 84234
42312 84234 120017
84234 42312 120017
12285 110906 145404
110906 12285 145404
145404 12285 110906
72077 19254 49873
49873 19254 72077
19254 49873 72077
49398 93598 134079
134079 49398 93598
93598 49398 134079
41756 36156 125286
125286 36156 41756
36156 41756 125286
11761 27647 123312
123312 11761 27647
27647 11761 123312
70982 36827 73428
36827 70982 73428
73428 36827 70982
100513 75618 80137
75618 80137 100513
80137 75618 100513
142669 4697 93954
4697 93954 142669
93954 4697 142669
101032 125159 140880
125159 101032 140880
140880 101032 125159
121775 17174 116654
17174 116654 121775
116654 17174 121775
95576 86263 103153
86263 95576 103153
103153 86263 95576
16770 14043 72029
14043 16770 72029
72029 14043 16770
146123 120071 136426
120071 136426 146123
136426 120071 146123
19428 21094 138791
138791 19428 21094
21094 19428 138791
7940 5412 47904
47904 5412 7940
5412 7940 47904
149947 65492 119655
119655 65492 149947
65492 119655 149947
18956 48196 100224
48196 18956 100224
100224 18956 48196
98439 3798 39830
39830 3798 98439
3798 39830 98439
20777 26996 138128
26996 20777 138128
138128 20777 26996
33500 33666 93176
93176 33500 33666
33666 33500 93176
57896 48873 89230
48873 57896 89230
89230 48873 57896
135827 102207 114639
114639 102207 135827
102207 114639 135827
13322 140247 145089
140247 13322 145089
145089 13322 140247
82522 50908 73138
50908 73138 82522
73138 50908 82522
141932 5263 91139
5263 91139 141932
91139 5263 141932
109984 19614 70401
19614 70401 109984
70401 19614 109984
59064 36931 69289
69289 36931 59064
36931 59064 69289
90179 59138 115588
59138 90179 115588
115588 59138 90179
129690 70290 146408
70290 129690 146408
146408 70290 129690
83133 75374 100920
75374 83133 100920
100920 75374 83133
142213 137411 147887
147887 137411 142213
137411 142213 147887
83015 75479 144975
144975 75479 83015
75479 83015 144975
6251 29607 71978
29607 6251 71978
71978 6251 29607
46870 35413 88334
35413 46870 88334
88334 35413 46870
16966 117583 135579
117583 16966 135579
135579 16966 117583
25782 32775 55796
55796 25782 32775
32775 25782 55796
47899 90526 110793
110793 47899 90526
90526 47899 110793
3348 80134 118556
80134 3348 118556
118556 3348 80134
95551 123741 141363
141363 95551 123741
123741 95551 141363
60135 24713 148222
148222 24713 60135
24713 60135 148222
28750 28321 63274
28321 28750 63274
63274 28321 28750
136801 111431 125991
125991 111431 136801
111431 125991 136801
3148 15347 130298
15347 3148 130298
130298 3148 15347
102752 9763 114942
9763 102752 114942
114942 9763 102752
38673 27485 117312
117312 27485 38673
27485 38673 117312
144069 26315 102488
26315 102488 144069
102488 26315 144069
85073 18563 65806
18563 65806 85073
65806 18563 85073
104291 50224 130598
130598 50224 104291
50224 104291 130598
80921 95277 108661
95277 80921 108661
108661 80921 95277
70218 57646 113534
113534 57646 70218
57646 70218 113534
136587 107441 116735
116735 107441 136587
107441 116735 136587
66110 12521 147585
12521 66110 147585
147585 12521 66110
19226 66698 92276
92276 19226 66698
66698 19226 92276
145142 40115 72100
40115 72100 145142
72100 40115 145142
64780 14762 22492
22492 14762 64780
14762 22492 64780
128093 105405 120705
105405 120705 128093
120705 105405 128093
92532 28828 54425
28828 54425 92532
54425 28828 92532
57920 66164 67086
67086 57920 66164
66164 57920 67086
37496 16502 89946
16502 37496 89946
89946 16502 37496
43745 67464 146050
67464 43745 146050
146050 43745 67464
116064 81677 144034
81677 116064 144034
144034 81677 116064
14367 93760 148097
148097 14367 93760
93760 14367 148097
111784 74056 88739
88739 74056 111784
74056 88739 111784
63422 16639 47810
16639 47810 63422
47810 16639 63422
119831 16561 134101
16561 119831 134101
134101 16561 119831
83831 58234 124042
58234 83831 124042
124042 58234 83831
5144 75315 86579
86579 5144 75315
75315 5144 86579
135535 103880 142512
142512 103880 135535
103880 135535 142512
17545 28190 85468
85468 17545 28190
28190 17545 85468
58818 62664 144988
144988 58818 62664
62664 58818 144988
135206 45900 53177
45900 53177 135206
53177 45900 135206
110587 30519 61577
30519 61577 110587
61577 30519 110587
11794 43289 136125
136125 11794 43289
43289 11794 136125
64664 16127 30998
30998 16127 64664
16127 30998 64664
79868 42380 62902
62902 42380 79868
42380 62902 79868
10037 33785 121340
121340 10037 33785
33785 10037 121340
35055 41249 107918
41249 35055 107918
107918 35055 41249
64034 80094 138429
80094 64034 138429
138429 64034 80094
54108 51193 93326
93326 51193 54108
51193 54108 93326
126798 12565 43756
12565 43756 126798
43756 12565 126798
108984 70618 95753
95753 70618 108984
70618 95753 108984
65016 34260 114590
34260 65016 114590
114590 34260 65016
22277 52073 111209
111209 22277 52073
52073 22277 111209
29700 16529 30449
30449 16529 29700
16529 29700 30449
52681 31494 46746
31494 46746 52681
46746 31494 52681
121580 11236 16071
16071 11236 121580
11236 16071 121580
81053 58340 134717
58340 81053 134717
134717 58340 81053
37198 52202 87595
52202 37198 87595
87595 37198 52202
71497 2738 31689
31689 2738 71497
2738 31689 71497
45922 73073 96031
96031 45922 73073
73073 45922 96031
43115 11082 59885
59885 11082 43115
11082 43115 59885
122279 31520 34603
34603 31520 122279
31520 34603 122279
92520 57582 63712
63712 57582 92520
57582 63712 92520
10831 35023 79082
79082 10831 35023
35023 10831 79082
106706 14922 99693
14922 99693 106706
99693 14922 106706
5801 94140 129592
94140 5801 129592
129592 5801 94140
15131 122131 146354
146354 15131 122131
122131 15131 146354
51857 95829 147801
147801 51857 95829
95829 51857 147801
74338 6224 109420
109420 6224 74338
6224 74338 109420
23336 67354 78891
67354 23336 78891
78891 23336 67354
30399 39072 137942
39072 30399 137942
137942 30399 39072
117043 41789 45142
41789 45142 117043
45142 41789 117043
131719 26193 46042
26193 46042 131719
46042 26193 131719
53952 11735 120985
11735 53952 120985
120985 11735 53952
74713 99509 140063
99509 74713 140063
140063 74713 99509
72304 15014 103926
15014 72304 103926
103926 15014 72304
114064 69465 114170
114170 69465 114064
69465 114064 114170
101298 6219 42090
6219 42090 101298
42090 6219 101298
91839 51398 112063
51398 91839 112063
112063 51398 91839
92627 14214 102825
102825 14214 92627
14214 92627 102825
17438 27351 41269
27351 17438 41269
41269 17438 27351
144212 43767 92792
43767 92792 144212
92792 43767 144212
70847 92871 145732
92871 70847 145732
145732 70847 92871
52849 45445 79312
79312 45445 52849
45445 52849 79312
140029 10408 58314
58314 10408 140029
10408 58314 140029
3227 33034 128357
33034 3227 128357
128357 3227 33034
126467 43096 108628
108628 43096 126467
43096 108628 126467
90941 22625 145475
145475 22625 90941
22625 90941 145475
36838 45058 63059
45058 36838 63059
63059 36838 45058
70864 51301 130693
51301 70864 130693
130693 51301 70864
87304 58590 129892
58590 87304 129892
129892 58590 87304
92247 73617 79111
73617 79111 92247
79111 73617 92247
68473 15248 50300
15248 50300 68473
50300 15248 68473
148792 73339 74981
73339 74981 148792
74981 73339 148792
19363 4203 84159
4203 19363 84159
84159 4203 19363
6383 112766 117518
117518 6383 112766
112766 6383 117518
40 3308 117064
3308 40 117064
117064 40 3308
70226 48955 132284
132284 48955 70226
48955 70226 132284
85444 48197 62027
48197 62027 85444
62027 48197 85444
142273 82559 93311
82559 93311 142273
93311 82559 142273
91737 56487 73564
56487 73564 91737
73564 56487 91737
13751 68765 75750
75750 13751 68765
68765 13751 75750
98345 21212 121110
21212 98345 121110
121110 21212 98345
38056 96344 148452
148452 38056 96344
96344 38056 148452
112600 87648 100894
87648 100894 112600
100894 87648 112600
104473 928 132837
132837 928 104473
928 104473 132837
60198 102960 120628
120628 60198 102960
102960 60198 120628
138732 96741 132499
96741 132499 138732
132499 96741 138732
144368 33278 97720
97720 33278 144368
33278 97720 144368
75187 86165 88012
86165 75187 88012
88012 75187 86165
148361 26992 52267
52267 26992 148361
26992 52267 148361
113352 53626 93915
53626 93915 113352
93915 53626 113352
137639 96660 134905
134905 96660 137639
96660 134905 137639
87 18010 85406
18010 87 85406
85406 87 18010
50972 100018 103218
100018 50972 103218
103218 50972 100018
46918 12483 129558
129558 12483 46918
12483 46918 129558
82490 57556 95066
95066 57556 82490
57556 82490 95066
146316 53179 139125
139125 53179 146316
53179 139125 146316
38969 83471 88780
88780 38969 83471
83471 38969 88780
86608 45535 112850
112850 45535 86608
45535 86608 112850
138998 13536 83437
13536 83437 138998
83437 13536 138998
59849 21973 125497
21973 59849 125497
125497 21973 59849
128473 27600 109692
27600 109692 128473
109692 27600 128473
25724 40818 134428
40818 25724 134428
134428 25724 40818
80130 23240 116429
23240 80130 116429
116429 23240 80130
4496 77028 100343
77028 4496 100343
100343 4496 77028
44346 39974 92383
92383 39974 44346
39974 44346 92383
45681 18859 86592
86592 18859 45681
18859 45681 86592
86333 25368 47986
25368 47986 86333
47986 25368 86333
63969 2907 55849
2907 55849 63969
55849 2907 63969
49910 82077 140959
82077 49910 140959
140959 49910 82077
23471 35583 105594
35583 23471 105594
105594 23471 35583
35310 48115 55342
55342 35310 48115
48115 35310 55342
133502 8935 108091
8935 108091 133502
108091 8935 133502
56130 21800 81274
21800 56130 81274
81274 21800 56130
17027 15476 69918
15476 17027 69918
69918 15476 17027
2815 25873 121402
25873 2815 121402
121402 2815 25873
67668 53239 140030
140030 53239 67668
53239 67668 140030
62670 43845 87362
87362 43845 62670
43845 62670 87362
146261 46605 104987
104987 46605 146261
46605 104987 146261
111810 92487 142487
92487 111810 142487
142487 92487 111810
34 56311 109278
56311 34 109278
109278 34 56311
55981 14093 50938
50938 14093 55981
14093 50938 55981
136257 94204 129886
94204 129886 136257
129886 94204 136257
116798 48409 96088
96088 48409 116798
48409 96088 116798
131149 86844 108088
108088 86844 131149
86844 108088 131149
111253 39927 93288
39927 93288 111253
93288 39927 111253
74757 135287 137001
135287 74757 137001
137001 74757 135287
124999 25016 100430
25016 100430 124999
100430 25016 124999
41600 91472 140926
140926 41600 91472
91472 41600 140926
58206 88564 143049
88564 58206 143049
143049 58206 88564
63896 36364 69148
69148 36364 63896
36364 63896 69148
30299 4066 130752
130752 4066 30299
4066 30299 130752
16293 90540 124506
90540 16293 124506
124506 16293 90540
58384 57510 141356
141356 57510 58384
57510 58384 141356
11543 115208 133675
115208 11543 133675
133675 11543 115208
37901 28197 124908
28197 37901 124908
124908 28197 37901
105708 54954 72964
54954 72964 105708
72964 54954 105708
102462 70897 80121
70897 80121 102462
80121 70897 102462
51414 10464 49714
49714 10464 51414
10464 49714 51414
49093 42672 68276
68276 42672 49093
42672 49093 68276
96078 31701 116170
116170 31701 96078
31701 96078 116170
112342 4513 125189
125189 4513 112342
4513 112342 125189
44404 131605 136046
136046 44404 131605
131605 44404 136046
25934 88818 146719
146719 25934 88818
88818 25934 146719
145084 32689 115119
115119 32689 145084
32689 115119 145084
37830 116875 125744
125744 37830 116875
116875 37830 125744
25713 111903 146527
111903 25713 146527
146527 25713 111903
133420 79193 131502
79193 131502 133420
131502 79193 133420
67244 696 142298
696 67244 142298
142298 696 67244
71618 31008 101999
31008 71618 101999
101999 31008 71618
20472 9765 71967
9765 20472 71967
71967 9765 20472
67682 85634 120110
120110 67682 85634
85634 67682 120110
118056 49692 108310
108310 49692 118056
49692 108310 118056
42923 43028 90811
43028 42923 90811
90811 42923 43028
17914 53580 73028
73028 17914 53580
53580 17914 73028
52187 14106 95299
14106 52187 95299
95299 14106 52187
24721 71816 110036
110036 24721 71816
71816 24721 110036
131688 94811 134967
94811 131688 134967
134967 94811 131688
33481 31947 40658
40658 31947 33481
31947 33481 40658
44851 29305 83255
29305 44851 83255
83255 29305 44851
26221 31458 108014
31458 26221 108014
108014 26221 31458
134724 34578 117612
117612 34578 134724
34578 117612 134724
89536 10619 55811
55811 10619 89536
10619 55811 89536
62970 87088 115196
115196 62970 87088
87088 62970 115196
85085 52982 127359
127359 52982 85085
52982 85085 127359
10710 49209 147243
147243 10710 49209
49209 10710 147243
139672 30845 45472
45472 30845 139672
30845 45472 139672
123238 19866 71135
19866 71135 123238
71135 19866 123238
148920 31088 88463
31088 88463 148920
88463 31088 148920
52529 91234 91316
91316 52529 91234
91234 52529 91316
41264 107074 133625
107074 41264 133625
133625 41264 107074
3585 69612 136433
69612 3585 136433
136433 3585 69612
90160 7285 11784
7285 11784 90160
11784 7285 90160
11510 86939 101673
101673 11510 86939
86939 11510 101673
13345 92497 137293
92497 13345 137293
137293 13345 92497
63257 22370 123278
22370 63257 123278
123278 22370 63257
98839 5973 90574
5973 90574 98839
90574 5973 98839
102871 63427 111689
63427 102871 111689
111689 63427 102871
134649 73886 105785
73886 105785 134649
105785 73886 134649
7154 13694 49364
13694 7154 49364
49364 7154 13694
15899 3332 114222
114222 3332 15899
3332 15899 114222
88434 69119 119265
119265 69119 88434
69119 88434 119265
109030 99671 107559
107559 99671 109030
99671 107559 109030
97978 2950 68646
2950 68646 97978
68646 2950 97978
16496 13836 115450
13836 16496 115450
115450 13836 16496
119741 42744 111039
111039 42744 119741
42744 111039 119741
127267 44715 51348
51348 44715 127267
44715 51348 127267
74775 133773 145747
145747 74775 133773
133773 74775 145747
28837 25409 83183
83183 25409 28837
25409 28837 83183
105682 2789 5206
5206 2789 105682
2789 5206 105682
20940 61832 126206
126206 20940 61832
61832 20940 126206
31722 81960 116367
116367 31722 81960
81960 31722 116367
68087 14145 60512
60512 14145 68087
14145 60512 68087
14786 101478 102363
102363 14786 101478
101478 14786 102363
13938 47940 84392
84392 13938 47940
47940 13938 84392
8817 9653 72725
72725 8817 9653
9653 8817 72725
100501 1008 148868
1008 100501 148868
148868 1008 100501
77477 91107 124811
91107 77477 124811
124811 77477 91107
149955 38792 97230
97230 38792 149955
38792 97230 149955
60551 105794 134618
134618 60551 105794
105794 60551 134618
49723 6999 113396
113396 6999 49723
6999 49723 113396
82201 49758 144552
144552 49758 82201
49758 82201 144552
51382 115 33197
115 33197 51382
33197 115 51382
74901 56992 61562
61562 56992 74901
56992 61562 74901
44916 89486 102694
89486 44916 102694
102694 44916 89486
115262 63448 111835
111835 63448 115262
63448 111835 115262
119818 128742 146043
146043 119818 128742
128742 119818 146043
86561 33218 112730
112730 33218 86561
33218 86561 112730
5364 11751 119343
11751 5364 119343
119343 5364 11751
15620 39711 56624
56624 15620 39711
39711 15620 56624
147172 37714 51019
51019 37714 147172
37714 51019 147172
49719 64108 89093
89093 49719 64108
64108 49719 89093
120208 11516 120665
120665 11516 120208
11516 120208 120665
90136 19141 90327
90327 19141 90136
19141 90136 90327
131497 62897 73374
62897 73374 131497
73374 62897 131497
36725 62484 76001
62484 36725 76001
76001 36725 62484
106212 120294 138151
138151 106212 120294
120294 106212 138151
69494 46516 91941
46516 69494 91941
91941 46516 69494
125233 42321 93580
42321 93580 125233
93580 42321 125233
144811 91306 149117
149117 91306 144811
91306 144811 149117
46718 127133 131474
127133 46718 131474
131474 46718 127133
97769 29325 127589
127589 29325 97769
29325 97769 127589
3489 42858 125392
125392 3489 42858
42858 3489 125392
50030 145850 148047
145850 50030 148047
148047 50030 145850
110173 76979 123704
123704 76979 110173
76979 110173 123704
47526 71318 78086
71318 47526 78086
78086 47526 71318
105691 115090 120806
115090 105691 120806
120806 105691 115090
96229 36802 55975
36802 55975 96229
55975 36802 96229
105757 59294 61141
59294 61141 105757
61141 59294 105757
148289 62369 99462
99462 62369 148289
62369 99462 148289
12325 60701 86303
86303 12325 60701
60701 12325 86303
77693 27145 58509
27145 58509 77693
58509 27145 77693
71455 54780 61944
54780 61944 71455
61944 54780 71455
43495 55997 73752
73752 43495 55997
55997 43495 73752
128610 3266 106967
3266 106967 128610
106967 3266 128610
141163 11848 14452
14452 11848 141163
11848 14452 141163
123258 45706 122438
122438 45706 123258
45706 122438 123258
26340 32589 114887
32589 26340 114887
114887 26340 32589
115155 45288 109541
109541 45288 115155
45288 109541 115155
147339 120534 145932
120534 145932 147339
145932 120534 147339
107245 23123 94483
94483 23123 107245
23123 94483 107245
56156 58130 134517
134517 56156 58130
58130 56156 134517
79997 53201 83698
83698 53201 79997
53201 79997 83698
22478 12188 147333
147333 12188 22478
12188 22478 147333
94477 37911 144231
144231 37911 94477
37911 94477 144231
59098 86493 112564
86493 59098 112564
112564 59098 86493
148027 26828 97376
97376 26828 148027
26828 97376 148027
93056 38411 48444
48444 38411 93056
38411 48444 93056
4715 51605 77481
51605 4715 77481
77481 4715 51605
90454 30157 104080
30157 90454 104080
104080 30157 90454
54868 8739 30530
30530 8739 54868
8739 30530 54868
20581 47631 127424
127424 20581 47631
47631 20581 127424
35915 30922 136658
136658 30922 35915
30922 35915 136658
5258 13471 22151
13471 5258 22151
22151 5258 13471
29474 74357 78404
78404 29474 74357
74357 29474 78404
80246 30761 49774
30761 49774 80246
49774 30761 80246
71291 61127 116557
116557 61127 71291
61127 71291 116557
31003 9122 17448
17448 9122 31003
9122 17448 31003
52961 39423 60348
39423 52961 60348
60348 39423 52961
105036 58523 120040
58523 105036 120040
120040 58523 105036
130577 30220 71861
71861 30220 130577
30220 71861 130577
125690 61819 101210
101210 61819 125690
61819 101210 125690
132641 8593 30426
8593 30426 132641
30426 8593 132641
15177 104877 128463
104877 15177 128463
128463 15177 104877
79979 3436 7318
7318 3436 79979
3436 7318 79979
3195 14870 42575
42575 3195 14870
14870 3195 42575
120279 38243 52754
52754 38243 120279
38243 52754 120279
65988 3337 35388
35388 3337 65988
3337 35388 65988
34915 27865 69012
27865 34915 69012
69012 27865 34915
1283 87255 145502
87255 1283 145502
145502 1283 87255
145279 42727 99556
99556 42727 145279
42727 99556 145279
6582 73770 86120
86120 6582 73770
73770 6582 86120
105922 1970 51060
51060 1970 105922
1970 51060 105922
23405 29918 147004
29918 23405 147004
147004 23405 29918
1364 4789 76513
76513 1364 4789
4789 1364 76513
111385 1678 69389
1678 69389 111385
69389 1678 111385
43754 8290 50375
50375 8290 43754
8290 43754 50375
97417 24581 35563
35563 24581 97417
24581 35563 97417
65704 67694 122545
122545 65704 67694
67694 65704 122545
72915 53173 80457
53173 72915 80457
80457 53173 72915
108803 35721 145806
145806 35721 108803
35721 108803 145806
2381 40326 63097
63097 2381 40326
40326 2381 63097
22260 84783 147192
