82547 85997 124492
124492 82547 85997
85997 82547 124492
146491 79783 105522
105522 79783 146491
79783 105522 146491
110622 11768 22350
11768 22350 110622
22350 11768 110622
80158 80455 139229
80455 80158 139229
139229 80158 80455
115990 44321 83701
44321 83701 115990
83701 44321 115990
9161 39420 109380
39420 9161 109380
109380 9161 39420
63953 106447 148715
148715 63953 106447
106447 63953 148715
142094 67902 126850
126850 67902 142094
67902 126850 142094
134626 15147 132384
132384 15147 134626
15147 132384 134626
105168 71725 95393
95393 71725 105168
71725 95393 105168
116252 118401 145131
118401 116252 145131
145131 116252 118401
34882 20196 110448
20196 34882 110448
110448 20196 34882
132943 37275 95809
37275 95809 132943
95809 37275 132943
5216 86987 111793
86987 5216 111793
111793 5216 86987
69550 54688 108872
108872 54688 69550
54688 69550 108872
104139 713 14693
14693 713 104139
713 14693 104139
138189 51187 143516
143516 51187 138189
51187 138189 143516
64556 94831 125167
94831 64556 125167
125167 64556 94831
24642 2768 50862
50862 2768 24642
2768 24642 50862
21743 26608 97153
26608 21743 97153
97153 21743 26608
145572 142108 149213
149213 142108 145572
142108 145572 149213
110314 64206 102971
64206 102971 110314
102971 64206 110314
50686 82977 119112
119112 50686 82977
82977 50686 119112
142334 70756 121271
121271 70756 142334
70756 121271 142334
82984 14773 65980
14773 65980 82984
65980 14773 82984
112300 19798 134152
134152 19798 112300
19798 112300 134152
43423 27039 40064
40064 27039 43423
27039 40064 43423
140114 7602 78294
7602 78294 140114
78294 7602 140114
81006 19154 51645
19154 51645 81006
51645 19154 81006
85905 56440 136351
56440 85905 136351
136351 56440 85905
39979 116724 118764
118764 39979 116724
116724 39979 118764
146289 41336 145820
41336 145820 146289
145820 41336 146289
83375 26669 95002
26669 83375 95002
95002 26669 83375
99583 102399 136860
136860 99583 102399
102399 99583 136860
69517 81058 111383
81058 69517 111383
111383 69517 81058
75494 55237 147883
55237 75494 147883
147883 55237 75494
22353 55977 101780
101780 22353 55977
55977 22353 101780
148664 85661 98426
85661 98426 148664
98426 85661 148664
108177 140029 145670
140029 108177 145670
145670 108177 140029
64346 38588 143865
38588 64346 143865
143865 38588 64346
17883 45557 88125
45557 17883 88125
88125 17883 45557
50547 39370 110475
39370 50547 110475
110475 39370 50547
128442 95162 110197
95162 110197 128442
110197 95162 128442
47238 79463 101746
101746 47238 79463
79463 47238 101746
66966 9940 121125
9940 66966 121125
121125 9940 66966
17946 52230 92210
52230 17946 92210
92210 17946 52230
77592 119496 135862
135862 77592 119496
119496 77592 135862
89720 136893 140112
136893 89720 140112
140112 89720 136893
53656 27038 52305
27038 52305 53656
52305 27038 53656
143529 69392 119018
119018 69392 143529
69392 119018 143529
131617 40751 92724
40751 92724 131617
92724 40751 131617
134154 79435 114680
79435 114680 134154
114680 79435 134154
28168 33790 71246
71246 28168 33790
33790 28168 71246
145565 22148 86930
22148 86930 145565
86930 22148 145565
119887 85729 106002
85729 106002 119887
106002 85729 119887
18264 58500 111250
58500 18264 111250
111250 18264 58500
142118 73394 103901
103901 73394 142118
73394 103901 142118
50222 25340 31815
31815 25340 50222
25340 31815 50222
92707 29117 31112
31112 29117 92707
29117 31112 92707
106494 72631 138931
72631 106494 138931
138931 72631 106494
58184 16149 92883
92883 16149 58184
16149 58184 92883
71580 53745 141702
53745 71580 141702
141702 53745 71580
27025 9461 26066
9461 26066 27025
26066 9461 27025
74786 96355 110357
110357 74786 96355
96355 74786 110357
70585 49331 111347
111347 49331 70585
49331 70585 111347
49575 34874 119999
119999 34874 49575
34874 49575 119999
9139 10874 48723
10874 9139 48723
48723 9139 10874
149245 10124 41372
41372 10124 149245
10124 41372 149245
91624 54841 70378
70378 54841 91624
54841 70378 91624
1485 61423 103447
61423 1485 103447
103447 1485 61423
140031 86052 110999
110999 86052 140031
86052 110999 140031
67679 44423 48420
44423 48420 67679
48420 44423 67679
138730 84689 126466
84689 126466 138730
126466 84689 138730
143224 32807 53896
53896 32807 143224
32807 53896 143224
23631 83559 94061
94061 23631 83559
83559 23631 94061
15647 39779 75318
39779 15647 75318
75318 15647 39779
37198 74922 78291
78291 37198 74922
74922 37198 78291
32373 74582 120621
74582 32373 120621
120621 32373 74582
15253 55051 116437
116437 15253 55051
55051 15253 116437
72597 73507 77335
77335 72597 73507
73507 72597 77335
112925 28375 55512
28375 55512 112925
55512 28375 112925
14580 85736 86111
85736 14580 86111
86111 14580 85736
87512 51358 83048
83048 51358 87512
51358 83048 87512
2794 75904 95080
75904 2794 95080
95080 2794 75904
66660 74536 113825
113825 66660 74536
74536 66660 113825
32893 22774 46369
46369 22774 32893
22774 32893 46369
95486 128626 137222
128626 95486 137222
137222 95486 128626
141334 51794 106356
51794 106356 141334
106356 51794 141334
78176 45073 140863
140863 45073 78176
45073 78176 140863
116180 26825 76114
76114 26825 116180
26825 76114 116180
16042 57582 87043
57582 16042 87043
87043 16042 57582
77769 1155 10864
10864 1155 77769
1155 10864 77769
72031 43794 84447
43794 72031 84447
84447 43794 72031
145455 985 31823
985 31823 145455
31823 985 145455
18900 31060 124090
31060 18900 124090
124090 18900 31060
45410 71458 138815
138815 45410 71458
71458 45410 138815
106357 14621 117427
117427 14621 106357
14621 106357 117427
85113 22116 81269
81269 22116 85113
22116 81269 85113
45459 70199 77809
77809 45459 70199
70199 45459 77809
8673 5116 147733
5116 8673 147733
147733 5116 8673
4075 80699 91714
80699 4075 91714
91714 4075 80699
21759 109776 125635
109776 21759 125635
125635 21759 109776
124832 71984 132623
132623 71984 124832
71984 124832 132623
119089 48685 88057
48685 88057 119089
88057 48685 119089
13362 62517 141352
141352 13362 62517
62517 13362 141352
148765 7595 53963
7595 53963 148765
53963 7595 148765
95119 128254 135644
135644 95119 128254
128254 95119 135644
130124 94043 133326
133326 94043 130124
94043 130124 133326
14060 2083 60634
60634 2083 14060
2083 14060 60634
68472 1733 24985
1733 24985 68472
24985 1733 68472
2781 4250 24857
4250 2781 24857
24857 2781 4250
42790 9326 24325
9326 24325 42790
24325 9326 42790
129900 78516 98132
98132 78516 129900
78516 98132 129900
30316 38982 75586
38982 30316 75586
75586 30316 38982
17507 60521 64493
60521 17507 64493
64493 17507 60521
102724 93108 97368
97368 93108 102724
93108 97368 102724
44982 96038 99889
96038 44982 99889
99889 44982 96038
16638 42080 48880
48880 16638 42080
42080 16638 48880
94246 4366 11715
4366 11715 94246
11715 4366 94246
117909 125547 133892
133892 117909 125547
125547 117909 133892
93063 41197 53116
41197 53116 93063
53116 41197 93063
148970 47898 69155
47898 69155 148970
69155 47898 148970
34789 77691 81311
81311 34789 77691
77691 34789 81311
57751 105479 123276
123276 57751 105479
105479 57751 123276
65810 77885 142393
142393 65810 77885
77885 65810 142393
113297 44330 59929
44330 59929 113297
59929 44330 113297
118231 829 105040
105040 829 118231
829 105040 118231
128488 10926 149276
149276 10926 128488
10926 128488 149276
130921 59829 94903
59829 94903 130921
94903 59829 130921
59986 42714 145262
145262 42714 59986
42714 59986 145262
3511 93508 147787
93508 3511 147787
147787 3511 93508
36106 75314 147814
75314 36106 147814
147814 36106 75314
125544 23139 108210
23139 108210 125544
108210 23139 125544
131207 23977 28602
28602 23977 131207
23977 28602 131207
103426 4242 109515
4242 103426 109515
109515 4242 103426
65066 73381 103985
103985 65066 73381
73381 65066 103985
14685 37955 116025
116025 14685 37955
37955 14685 116025
148775 77940 124854
77940 124854 148775
124854 77940 148775
34135 78239 110169
110169 34135 78239
78239 34135 110169
68025 34059 117189
34059 68025 117189
117189 34059 68025
10240 42739 145231
42739 10240 145231
145231 10240 42739
60675 25578 38728
38728 25578 60675
25578 38728 60675
52515 5286 116334
116334 5286 52515
5286 52515 116334
88755 16401 96381
96381 16401 88755
16401 88755 96381
108160 54769 126945
54769 108160 126945
126945 54769 108160
73643 33621 38589
38589 33621 73643
33621 38589 73643
9747 55599 79268
79268 9747 55599
55599 9747 79268
47859 114497 120052
120052 47859 114497
114497 47859 120052
45466 59047 84241
59047 45466 84241
84241 45466 59047
147121 120759 136683
136683 120759 147121
120759 136683 147121
72483 116809 127064
127064 72483 116809
116809 72483 127064
110908 61716 141905
141905 61716 110908
61716 110908 141905
140275 59700 128762
59700 128762 140275
128762 59700 140275
19745 8054 93070
8054 19745 93070
93070 8054 19745
112293 68155 134928
68155 112293 134928
134928 68155 112293
99634 83916 129464
129464 83916 99634
83916 99634 129464
145276 12402 72176
12402 72176 145276
72176 12402 145276
91797 15740 101190
101190 15740 91797
15740 91797 101190
11330 31409 92459
31409 11330 92459
92459 11330 31409
36029 61461 84991
61461 36029 84991
84991 36029 61461
56148 66351 130691
66351 56148 130691
130691 56148 66351
62145 18202 131996
131996 18202 62145
18202 62145 131996
32341 28438 101846
101846 28438 32341
28438 32341 101846
145527 54283 90171
90171 54283 145527
54283 90171 145527
72230 1118 26984
26984 1118 72230
1118 26984 72230
26163 43908 73028
73028 26163 43908
43908 26163 73028
58564 1587 102175
102175 1587 58564
1587 58564 102175
35510 44487 56042
44487 35510 56042
56042 35510 44487
113184 67244 134821
67244 113184 134821
134821 67244 113184
9976 108619 128376
128376 9976 108619
108619 9976 128376
128823 69200 116161
69200 116161 128823
116161 69200 128823
140018 121 58009
121 58009 140018
58009 121 140018
102317 42200 136529
42200 102317 136529
136529 42200 102317
37436 37730 49806
49806 37436 37730
37730 37436 49806
75139 63452 70331
63452 70331 75139
70331 63452 75139
64440 27663 49291
49291 27663 64440
27663 49291 64440
138849 77965 140921
140921 77965 138849
77965 138849 140921
98966 79586 116952
79586 98966 116952
116952 79586 98966
111751 32582 113862
32582 111751 113862
113862 32582 111751
129746 29797 57215
57215 29797 129746
29797 57215 129746
37655 12989 92804
92804 12989 37655
12989 37655 92804
41496 66753 102574
102574 41496 66753
66753 41496 102574
23823 37726 141828
141828 23823 37726
37726 23823 141828
112609 71565 116275
71565 112609 116275
116275 71565 112609
9534 76943 92845
76943 9534 92845
92845 9534 76943
148523 143402 143682
143682 143402 148523
143402 143682 148523
9670 56903 101589
56903 9670 101589
101589 9670 56903
60366 21494 142640
142640 21494 60366
21494 60366 142640
102342 137879 143736
143736 102342 137879
137879 102342 143736
67017 27145 89611
89611 27145 67017
27145 67017 89611
31186 5355 104527
104527 5355 31186
5355 31186 104527
14436 128169 129217
128169 14436 129217
129217 14436 128169
12801 10526 109248
10526 12801 109248
109248 10526 12801
75076 65596 93208
93208 65596 75076
65596 75076 93208
69966 14800 45498
45498 14800 69966
14800 45498 69966
45182 53475 122529
53475 45182 122529
122529 45182 53475
127182 81273 111084
111084 81273 127182
81273 111084 127182
132855 92661 144890
144890 92661 132855
92661 132855 144890
102867 30705 105967
105967 30705 102867
30705 102867 105967
54862 99307 105551
99307 54862 105551
105551 54862 99307
35263 60346 127362
127362 35263 60346
60346 35263 127362
31401 62886 112479
112479 31401 62886
62886 31401 112479
80027 139398 147251
147251 80027 139398
139398 80027 147251
41803 93718 144766
144766 41803 93718
93718 41803 144766
30649 65331 116216
65331 30649 116216
116216 30649 65331
67620 60528 76137
76137 60528 67620
60528 67620 76137
73296 25600 93825
93825 25600 73296
25600 73296 93825
58527 25133 41743
41743 25133 58527
25133 41743 58527
53348 35970 125083
125083 35970 53348
35970 53348 125083
149528 49977 141347
141347 49977 149528
49977 141347 149528
95367 25771 98531
98531 25771 95367
25771 95367 98531
44875 35992 60452
60452 35992 44875
35992 44875 60452
56181 123622 139295
123622 56181 139295
139295 56181 123622
23919 91453 149874
149874 23919 91453
91453 23919 149874
92442 21332 128838
21332 92442 128838
128838 21332 92442
93280 110898 119572
119572 93280 110898
110898 93280 119572
37970 59402 133697
133697 37970 59402
59402 37970 133697
117508 24890 140878
24890 117508 140878
140878 24890 117508
55170 7880 56857
56857 7880 55170
7880 55170 56857
111089 18719 118029
118029 18719 111089
18719 111089 118029
6507 6201 67291
67291 6201 6507
6201 6507 67291
129080 54272 121562
54272 121562 129080
121562 54272 129080
95236 34417 34440
34440 34417 95236
34417 34440 95236
121829 93475 100193
100193 93475 121829
93475 100193 121829
79034 79163 146394
79163 79034 146394
146394 79034 79163
97911 91332 122060
91332 97911 122060
122060 91332 97911
122570 11194 120821
11194 120821 122570
120821 11194 122570
37896 33651 100875
100875 33651 37896
33651 37896 100875
101607 103056 138857
103056 101607 138857
138857 101607 103056
71163 38062 142440
142440 38062 71163
38062 71163 142440
1999 41955 111778
41955 1999 111778
111778 1999 41955
83347 117901 119498
117901 83347 119498
119498 83347 117901
58091 24389 26441
26441 24389 58091
24389 26441 58091
16997 52713 85240
85240 16997 52713
52713 16997 85240
87706 38200 45321
45321 38200 87706
38200 45321 87706
139033 40612 79660
40612 79660 139033
79660 40612 139033
91461 57847 135103
135103 57847 91461
57847 91461 135103
77680 868 10524
868 10524 77680
10524 868 77680
58559 17613 34718
34718 17613 58559
17613 34718 58559
64334 41300 54506
54506 41300 64334
41300 54506 64334
30101 49172 142299
49172 30101 142299
142299 30101 49172
27862 38697 140366
38697 27862 140366
140366 27862 38697
23836 63209 98210
63209 23836 98210
98210 23836 63209
45145 116099 133737
133737 45145 116099
116099 45145 133737
7151 104975 141852
104975 7151 141852
141852 7151 104975
18338 127153 136711
127153 18338 136711
136711 18338 127153
49021 108374 114418
108374 49021 114418
114418 49021 108374
29447 22308 76723
76723 22308 29447
22308 29447 76723
12065 44141 89787
89787 12065 44141
44141 12065 89787
5559 11272 140212
11272 5559 140212
140212 5559 11272
109846 131637 144638
144638 109846 131637
131637 109846 144638
27540 64857 78592
64857 27540 78592
78592 27540 64857
60740 41859 108780
108780 41859 60740
41859 60740 108780
114585 119202 140113
119202 114585 140113
140113 114585 119202
146501 102977 125001
102977 125001 146501
125001 102977 146501
34691 109737 133259
109737 34691 133259
133259 34691 109737
87809 27872 142829
142829 27872 87809
27872 87809 142829
28123 82664 130376
130376 28123 82664
82664 28123 130376
140613 68098 121008
68098 121008 140613
121008 68098 140613
141902 34049 96953
96953 34049 141902
34049 96953 141902
125057 54587 70607
70607 54587 125057
54587 70607 125057
111874 28045 98128
28045 98128 111874
98128 28045 111874
136942 4535 52717
4535 52717 136942
52717 4535 136942
1094 113963 140948
113963 1094 140948
140948 1094 113963
56907 63571 102970
63571 56907 102970
102970 56907 63571
12822 86841 88910
88910 12822 86841
86841 12822 88910
14827 13111 135322
13111 14827 135322
135322 13111 14827
112610 6684 56006
56006 6684 112610
6684 56006 112610
131374 36754 149578
149578 36754 131374
36754 131374 149578
81123 73914 82610
82610 73914 81123
73914 81123 82610
67624 16712 31173
16712 31173 67624
31173 16712 67624
51639 14463 123514
14463 51639 123514
123514 14463 51639
73563 32413 120517
120517 32413 73563
32413 73563 120517
104385 26506 35411
26506 35411 104385
35411 26506 104385
5151 10412 127133
127133 5151 10412
10412 5151 127133
27808 2971 56285
56285 2971 27808
2971 27808 56285
40378 33292 39161
39161 33292 40378
33292 39161 40378
13760 62656 102022
62656 13760 102022
102022 13760 62656
44223 11543 18305
11543 18305 44223
18305 11543 44223
41285 88563 94048
94048 41285 88563
88563 41285 94048
26676 136076 137752
137752 26676 136076
136076 26676 137752
134537 124255 124849
124255 124849 134537
124849 124255 134537
86848 70436 81005
81005 70436 86848
70436 81005 86848
141123 23399 133057
23399 133057 141123
133057 23399 141123
143289 12775 43745
12775 43745 143289
43745 12775 143289
51896 65009 83356
65009 51896 83356
83356 51896 65009
83256 84173 101918
101918 83256 84173
84173 83256 101918
143869 1096 10784
1096 10784 143869
10784 1096 143869
118664 32804 37357
37357 32804 118664
32804 37357 118664
71363 57483 85707
85707 57483 71363
57483 71363 85707
17874 46659 110895
46659 17874 110895
110895 17874 46659
124452 39348 129979
39348 124452 129979
129979 39348 124452
141455 44775 47344
44775 47344 141455
47344 44775 141455
148434 7177 114015
7177 114015 148434
114015 7177 148434
25280 79927 91292
91292 25280 79927
79927 25280 91292
130381 4884 7828
7828 4884 130381
4884 7828 130381
15438 130830 134525
134525 15438 130830
130830 15438 134525
20151 73572 136702
136702 20151 73572
73572 20151 136702
22611 37672 115879
37672 22611 115879
115879 22611 37672
33248 57396 73151
57396 33248 73151
73151 33248 57396
136525 97907 100102
100102 97907 136525
97907 100102 136525
8241 3071 143888
3071 8241 143888
143888 3071 8241
59483 87305 148632
148632 59483 87305
87305 59483 148632
48704 28121 126155
28121 48704 126155
126155 28121 48704
88636 68903 139244
139244 68903 88636
68903 88636 139244
19898 93402 110153
93402 19898 110153
110153 19898 93402
77800 80751 100995
100995 77800 80751
80751 77800 100995
113941 129347 134495
129347 113941 134495
134495 113941 129347
129554 59164 97002
59164 97002 129554
97002 59164 129554
74348 10537 62442
10537 62442 74348
62442 10537 74348
72729 68319 136409
136409 68319 72729
68319 72729 136409
136257 43028 117900
117900 43028 136257
43028 117900 136257
48611 42171 129545
129545 42171 48611
42171 48611 129545
26889 4900 137976
137976 4900 26889
4900 26889 137976
82434 10287 35236
35236 10287 82434
10287 35236 82434
94486 122227 138750
122227 94486 138750
138750 94486 122227
66215 101344 109417
109417 66215 101344
101344 66215 109417
93669 44567 66616
44567 66616 93669
66616 44567 93669
122594 44099 148171
148171 44099 122594
44099 122594 148171
62271 86310 115173
86310 62271 115173
115173 62271 86310
51924 110900 130126
130126 51924 110900
110900 51924 130126
112277 51725 95180
51725 95180 112277
95180 51725 112277
109486 52767 91194
52767 91194 109486
91194 52767 109486
118487 41052 68963
41052 68963 118487
68963 41052 118487
44343 7454 66635
66635 7454 44343
7454 44343 66635
126482 84243 88989
88989 84243 126482
84243 88989 126482
19549 16289 35369
35369 16289 19549
16289 19549 35369
129071 131743 136503
136503 129071 131743
131743 129071 136503
115481 6540 55128
6540 55128 115481
55128 6540 115481
120191 121009 142951
121009 120191 142951
142951 120191 121009
675 40375 56790
56790 675 40375
40375 675 56790
65423 72523 136494
72523 65423 136494
136494 65423 72523
104213 36164 144974
144974 36164 104213
36164 104213 144974
32276 9973 136130
136130 9973 32276
9973 32276 136130
102755 1991 9054
1991 9054 102755
9054 1991 102755
122808 120691 129787
129787 120691 122808
120691 122808 129787
49146 42177 80915
42177 49146 80915
80915 42177 49146
84964 50912 118122
118122 50912 84964
50912 84964 118122
19446 84596 133983
133983 19446 84596
84596 19446 133983
65883 89673 99472
99472 65883 89673
89673 65883 99472
92062 67821 114357
67821 92062 114357
114357 67821 92062
78754 66624 101831
66624 78754 101831
101831 66624 78754
121357 321 132327
132327 321 121357
321 121357 132327
114034 105512 149995
149995 105512 114034
105512 114034 149995
28149 9020 35670
35670 9020 28149
9020 28149 35670
10147 13443 39028
39028 10147 13443
13443 10147 39028
24960 59111 148439
148439 24960 59111
59111 24960 148439
137943 69975 127053
127053 69975 137943
69975 127053 137943
137689 87671 115603
115603 87671 137689
87671 115603 137689
67479 78606 111304
111304 67479 78606
78606 67479 111304
36079 72712 82771
82771 36079 72712
72712 36079 82771
94015 12 81200
12 81200 94015
81200 12 94015
101353 107210 137837
107210 101353 137837
137837 101353 107210
37702 103563 110753
103563 37702 110753
110753 37702 103563
25523 34797 145991
145991 25523 34797
34797 25523 145991
33301 95197 97607
95197 33301 97607
97607 33301 95197
17138 64418 87052
87052 17138 64418
64418 17138 87052
98151 35427 127851
35427 98151 127851
127851 35427 98151
30362 43416 97915
43416 30362 97915
97915 30362 43416
103844 5763 29178
29178 5763 103844
5763 29178 103844
22599 31790 85020
85020 22599 31790
31790 22599 85020
16228 17806 38345
17806 16228 38345
38345 16228 17806
60081 2765 145374
145374 2765 60081
2765 60081 145374
46911 56190 93598
56190 46911 93598
93598 46911 56190
64591 8344 75648
75648 8344 64591
8344 64591 75648
80604 35805 81985
81985 35805 80604
35805 80604 81985
43371 28957 131166
28957 43371 131166
131166 28957 43371
137827 46356 50974
50974 46356 137827
46356 50974 137827
146380 91501 144016
91501 144016 146380
144016 91501 146380
124801 99565 140908
99565 124801 140908
140908 99565 124801
120757 25864 114156
114156 25864 120757
25864 114156 120757
118657 100283 131683
100283 118657 131683
131683 100283 118657
115606 33551 136564
33551 115606 136564
136564 33551 115606
113823 7686 115554
115554 7686 113823
7686 113823 115554
49467 51264 74060
74060 49467 51264
51264 49467 74060
19879 15983 135452
15983 19879 135452
135452 15983 19879
128911 45003 115265
115265 45003 128911
45003 115265 128911
119799 81111 121501
81111 119799 121501
121501 81111 119799
131768 90405 118581
118581 90405 131768
90405 118581 131768
146928 68365 73697
73697 68365 146928
68365 73697 146928
144684 11523 91416
11523 91416 144684
91416 11523 144684
129705 34114 81957
81957 34114 129705
34114 81957 129705
48874 66370 122836
122836 48874 66370
66370 48874 122836
75854 87407 90100
87407 75854 90100
90100 75854 87407
132449 10478 28400
28400 10478 132449
10478 28400 132449
14743 38616 43990
43990 14743 38616
38616 14743 43990
5234 2049 145569
2049 5234 145569
145569 2049 5234
46207 45849 145899
45849 46207 145899
145899 45849 46207
97383 59543 147954
147954 59543 97383
59543 97383 147954
101728 24966 107136
107136 24966 101728
24966 101728 107136
125615 68390 108009
108009 68390 125615
68390 108009 125615
22381 8365 90748
90748 8365 22381
8365 22381 90748
145301 109766 134068
109766 134068 145301
134068 109766 145301
101765 66566 76489
76489 66566 101765
66566 76489 101765
83531 20177 76225
76225 20177 83531
20177 76225 83531
55306 97078 135069
97078 55306 135069
135069 55306 97078
94189 3588 107127
3588 94189 107127
107127 3588 94189
119744 9853 134380
9853 119744 134380
134380 9853 119744
8846 68090 111904
68090 8846 111904
111904 8846 68090
30270 128172 130378
130378 30270 128172
128172 30270 130378
102720 29573 68220
68220 29573 102720
29573 68220 102720
135183 102869 141021
102869 135183 141021
141021 102869 135183
44513 30042 132710
132710 30042 44513
30042 44513 132710
95544 109405 125761
109405 95544 125761
125761 95544 109405
41179 57133 91691
91691 41179 57133
57133 41179 91691
139931 90291 126145
90291 126145 139931
126145 90291 139931
58539 12944 54561
12944 54561 58539
54561 12944 58539
108710 51318 82247
51318 82247 108710
82247 51318 108710
71418 29707 123145
123145 29707 71418
29707 71418 123145
100053 19203 52883
19203 52883 100053
52883 19203 100053
90670 36783 72629
72629 36783 90670
36783 72629 90670
113821 29846 63878
29846 63878 113821
63878 29846 113821
4485 90565 147632
90565 4485 147632
147632 4485 90565
93276 57059 68243
57059 68243 93276
68243 57059 93276
42599 83534 113151
83534 42599 113151
113151 42599 83534
16805 86122 132468
132468 16805 86122
86122 16805 132468
30343 113858 126645
126645 30343 113858
113858 30343 126645
114169 13125 125833
125833 13125 114169
13125 114169 125833
134781 36869 92367
36869 92367 134781
92367 36869 134781
96349 87544 124113
124113 87544 96349
87544 96349 124113
93517 54691 112243
112243 54691 93517
54691 93517 112243
41099 51396 137755
137755 41099 51396
51396 41099 137755
147412 43861 57628
43861 57628 147412
57628 43861 147412
94325 135852 148955
135852 94325 148955
148955 94325 135852
142091 100719 101284
100719 101284 142091
101284 100719 142091
93419 98719 145576
145576 93419 98719
98719 93419 145576
116791 45742 113792
45742 113792 116791
113792 45742 116791
119139 29365 42024
42024 29365 119139
29365 42024 119139
31579 27448 115303
27448 31579 115303
115303 27448 31579
115227 8943 75446
8943 75446 115227
75446 8943 115227
54948 67392 96428
67392 54948 96428
96428 54948 67392
139345 103173 110676
103173 110676 139345
110676 103173 139345
130030 102277 120548
120548 102277 130030
102277 120548 130030
54739 64941 137770
137770 54739 64941
64941 54739 137770
100724 36399 43031
36399 43031 100724
43031 36399 100724
98051 36905 99595
36905 98051 99595
99595 36905 98051
66982 3415 105424
105424 3415 66982
3415 66982 105424
146498 44362 130594
130594 44362 146498
44362 130594 146498
144693 11096 121279
121279 11096 144693
11096 121279 144693
105820 28236 130123
130123 28236 105820
28236 105820 130123
8754 42336 146487
42336 8754 146487
146487 8754 42336
30209 51967 112222
112222 30209 51967
51967 30209 112222
33478 7603 9251
9251 7603 33478
7603 9251 33478
27388 63629 115427
115427 27388 63629
63629 27388 115427
35592 47961 91581
47961 35592 91581
91581 35592 47961
104112 6467 111025
6467 104112 111025
111025 6467 104112
21316 94971 127121
94971 21316 127121
127121 21316 94971
21904 47692 77604
47692 21904 77604
77604 21904 47692
44647 86330 111485
111485 44647 86330
86330 44647 111485
53503 37164 122105
37164 53503 122105
122105 37164 53503
17400 39486 146575
146575 17400 39486
39486 17400 146575
144694 96300 101787
96300 101787 144694
101787 96300 144694
134027 670 83402
83402 670 134027
670 83402 134027
89979 59746 131082
131082 59746 89979
59746 89979 131082
12793 4632 33777
4632 12793 33777
33777 4632 12793
133047 27369 87738
27369 87738 133047
87738 27369 133047
88250 31584 84430
84430 31584 88250
31584 84430 88250
69141 25975 110957
110957 25975 69141
25975 69141 110957
104185 36503 100701
100701 36503 104185
36503 100701 104185
31408 45242 139344
139344 31408 45242
45242 31408 139344
105202 9997 28964
9997 28964 105202
28964 9997 105202
148457 107075 116079
107075 116079 148457
116079 107075 148457
146235 32560 47793
47793 32560 146235
32560 47793 146235
47442 38285 118366
118366 38285 47442
38285 47442 118366
24483 7844 98577
7844 24483 98577
98577 7844 24483
41214 35165 79964
35165 41214 79964
79964 35165 41214
147335 33932 35988
33932 35988 147335
35988 33932 147335
42453 19719 98109
19719 42453 98109
98109 19719 42453
7178 8466 115672
8466 7178 115672
115672 7178 8466
92523 108305 127569
127569 92523 108305
108305 92523 127569
43911 66294 76634
76634 43911 66294
66294 43911 76634
77948 89194 91281
91281 77948 89194
89194 77948 91281
89561 1498 123939
123939 1498 89561
1498 89561 123939
106789 13652 36858
36858 13652 106789
13652 36858 106789
396 47117 138145
47117 396 138145
138145 396 47117
81317 10843 36954
36954 10843 81317
10843 36954 81317
135154 9996 72106
9996 72106 135154
72106 9996 135154
45282 40888 149861
149861 40888 45282
40888 45282 149861
38191 79082 141247
141247 38191 79082
79082 38191 141247
98756 19881 139022
19881 98756 139022
139022 19881 98756
23246 82544 89686
82544 23246 89686
89686 23246 82544
102560 46068 111385
111385 46068 102560
46068 102560 111385
141938 56920 140153
140153 56920 141938
56920 140153 141938
117848 33486 104552
104552 33486 117848
33486 104552 117848
66278 68986 133021
68986 66278 133021
133021 66278 68986
42491 18618 25006
25006 18618 42491
18618 25006 42491
23664 62370 96990
96990 23664 62370
62370 23664 96990
38423 2401 91254
91254 2401 38423
2401 38423 91254
139520 17936 128944
128944 17936 139520
17936 128944 139520
113103 90919 140926
140926 90919 113103
90919 113103 140926
39275 128697 140834
140834 39275 128697
128697 39275 140834
111880 52636 115156
115156 52636 111880
52636 111880 115156
82156 71559 143562
143562 71559 82156
71559 82156 143562
124542 38036 139570
139570 38036 124542
38036 124542 139570
122173 24588 98537
24588 98537 122173
98537 24588 122173
22630 102181 134137
102181 22630 134137
134137 22630 102181
36871 94689 148149
94689 36871 148149
148149 36871 94689
110144 52272 140297
52272 110144 140297
140297 52272 110144
106895 90606 118394
118394 90606 106895
90606 106895 118394
92517 91778 142731
142731 91778 92517
91778 92517 142731
120875 58296 89550
58296 89550 120875
89550 58296 120875
105062 76746 121361
121361 76746 105062
76746 105062 121361
134798 30147 38504
30147 38504 134798
38504 30147 134798
113786 11306 146155
146155 11306 113786
11306 113786 146155
149907 51119 137684
137684 51119 149907
51119 137684 149907
107709 10742 115459
115459 10742 107709
10742 107709 115459
54353 1850 116410
116410 1850 54353
1850 54353 116410
127801 63654 133866
63654 127801 133866
133866 63654 127801
40564 16993 17181
17181 16993 40564
16993 17181 40564
102991 64908 136115
64908 102991 136115
136115 64908 102991
109784 72317 148218
148218 72317 109784
72317 109784 148218
133238 106435 133890
106435 133238 133890
133890 106435 133238
57475 29967 141238
141238 29967 57475
29967 57475 141238
29672 13103 95868
95868 13103 29672
13103 29672 95868
57432 74038 141228
74038 57432 141228
141228 57432 74038
53411 88667 147320
88667 53411 147320
147320 53411 88667
87267 37358 39959
37358 39959 87267
39959 37358 87267
127233 108018 119123
119123 108018 127233
108018 119123 127233
13313 40997 51102
51102 13313 40997
40997 13313 51102
47881 6606 69915
69915 6606 47881
6606 47881 69915
21712 15393 136110
15393 21712 136110
136110 15393 21712
27506 31920 66928
31920 27506 66928
66928 27506 31920
3863 6826 28912
6826 3863 28912
28912 3863 6826
18677 1753 48889
48889 1753 18677
1753 18677 48889
132955 58668 88297
58668 88297 132955
88297 58668 132955
5734 107067 149294
149294 5734 107067
107067 5734 149294
13881 92722 139146
139146 13881 92722
92722 13881 139146
22315 10111 28575
10111 22315 28575
28575 10111 22315
48326 69678 126101
126101 48326 69678
69678 48326 126101
116214 96159 105850
96159 105850 116214
105850 96159 116214
84781 68782 131048
68782 84781 131048
131048 68782 84781
111047 61121 114179
61121 111047 114179
114179 61121 111047
75251 107388 129649
107388 75251 129649
129649 75251 107388
13847 13704 69465
13704 13847 69465
69465 13704 13847
128817 119351 144321
144321 119351 128817
119351 128817 144321
5471 37789 123681
123681 5471 37789
37789 5471 123681
2689 53930 121980
53930 2689 121980
121980 2689 53930
75046 9788 34665
9788 34665 75046
34665 9788 75046
6024 62160 120961
120961 6024 62160
62160 6024 120961
130679 34669 75694
34669 75694 130679
75694 34669 130679
83364 14118 19346
19346 14118 83364
14118 19346 83364
79942 9067 36435
9067 36435 79942
36435 9067 79942
56949 4622 95190
95190 4622 56949
4622 56949 95190
51279 102602 117061
117061 51279 102602
102602 51279 117061
95448 100309 103234
100309 95448 103234
103234 95448 100309
121285 43655 132324
132324 43655 121285
43655 121285 132324
7597 68731 90141
68731 7597 90141
90141 7597 68731
49003 20180 28012
28012 20180 49003
20180 28012 49003
117278 38469 83055
38469 83055 117278
83055 38469 117278
90635 30673 78861
78861 30673 90635
30673 78861 90635
62486 127711 147647
147647 62486 127711
127711 62486 147647
68670 7353 107496
7353 68670 107496
107496 7353 68670
147508 52680 147778
52680 147508 147778
147778 52680 147508
146624 10253 86893
86893 10253 146624
10253 86893 146624
87225 115694 137456
137456 87225 115694
115694 87225 137456
60789 31845 97831
97831 31845 60789
31845 60789 97831
144429 26873 138886
26873 138886 144429
138886 26873 144429
69945 61082 76510
76510 61082 69945
61082 69945 76510
137559 26295 97865
97865 26295 137559
26295 97865 137559
10221 27967 77293
27967 10221 77293
77293 10221 27967
86632 27552 59886
59886 27552 86632
27552 59886 86632
39754 72275 107492
72275 39754 107492
107492 39754 72275
118662 93721 138413
93721 118662 138413
138413 93721 118662
3124 44756 120965
120965 3124 44756
44756 3124 120965
37826 43545 52112
52112 37826 43545
43545 37826 52112
88354 76174 90561
76174 88354 90561
90561 76174 88354
42051 33897 90871
90871 33897 42051
33897 42051 90871
42627 10390 91420
10390 42627 91420
91420 10390 42627
51445 18546 32526
18546 32526 51445
32526 18546 51445
149839 2347 144756
144756 2347 149839
2347 144756 149839
15636 28198 142144
142144 15636 28198
28198 15636 142144
139364 15960 54538
54538 15960 139364
15960 54538 139364
60183 123796 146202
146202 60183 123796
123796 60183 146202
14103 69030 101650
69030 14103 101650
101650 14103 69030
81288 104625 137610
137610 81288 104625
104625 81288 137610
140216 89842 109492
89842 109492 140216
109492 89842 140216
80656 136109 137115
136109 80656 137115
137115 80656 136109
80293 22399 28422
22399 28422 80293
28422 22399 80293
12236 17725 29518
17725 12236 29518
29518 12236 17725
96712 119251 140627
140627 96712 119251
119251 96712 140627
92699 56620 138590
138590 56620 92699
56620 92699 138590
142595 82785 138113
138113 82785 142595
82785 138113 142595
125264 13617 32554
13617 32554 125264
32554 13617 125264
47433 38549 94844
38549 47433 94844
94844 38549 47433
385 5537 110130
5537 385 110130
110130 385 5537
38749 28034 37653
28034 37653 38749
37653 28034 38749
40515 2246 12612
12612 2246 40515
2246 12612 40515
67630 70106 134064
70106 67630 134064
134064 67630 70106
46579 5957 19533
5957 19533 46579
19533 5957 46579
42253 89332 143325
89332 42253 143325
143325 42253 89332
141661 9904 15227
9904 15227 141661
15227 9904 141661
111453 28616 128016
28616 111453 128016
128016 28616 111453
135505 33761 109772
33761 109772 135505
109772 33761 135505
23492 32900 106733
106733 23492 32900
32900 23492 106733
115469 97464 129498
129498 97464 115469
97464 115469 129498
123856 25908 46651
25908 46651 123856
46651 25908 123856
106635 61401 106217
61401 106217 106635
106217 61401 106635
109543 21292 83532
83532 21292 109543
21292 83532 109543
137774 64373 142959
64373 137774 142959
142959 64373 137774
37996 21219 135141
135141 21219 37996
21219 37996 135141
45823 67556 103182
67556 45823 103182
103182 45823 67556
70356 31395 132346
31395 70356 132346
132346 31395 70356
75285 78414 120624
78414 75285 120624
120624 75285 78414
5026 114243 125830
114243 5026 125830
125830 5026 114243
86671 101013 121851
101013 86671 121851
121851 86671 101013
10375 94970 145187
145187 10375 94970
94970 10375 145187
83955 65528 121437
121437 65528 83955
65528 83955 121437
95580 17396 96847
17396 95580 96847
96847 17396 95580
73061 72003 90076
90076 72003 73061
72003 73061 90076
130231 138399 143095
143095 130231 138399
138399 130231 143095
11538 45835 72220
72220 11538 45835
45835 11538 72220
137378 25155 26100
26100 25155 137378
25155 26100 137378
27669 58056 68165
58056 27669 68165
68165 27669 58056
131221 870 128588
128588 870 131221
870 128588 131221
43246 35183 67704
35183 43246 67704
67704 35183 43246
136971 35672 127389
127389 35672 136971
35672 127389 136971
54533 17135 68376
68376 17135 54533
17135 54533 68376
76525 83234 89769
89769 76525 83234
83234 76525 89769
148630 5902 25375
25375 5902 148630
5902 25375 148630
90777 79205 106573
106573 79205 90777
79205 90777 106573
137839 12607 85761
85761 12607 137839
12607 85761 137839
108255 132193 144460
132193 108255 144460
144460 108255 132193
58441 16601 65881
65881 16601 58441
16601 58441 65881
73498 14311 125355
125355 14311 73498
14311 73498 125355
125422 14798 149289
14798 125422 149289
149289 14798 125422
520 115641 146364
146364 520 115641
115641 520 146364
29500 128003 140801
128003 29500 140801
140801 29500 128003
60677 104731 123812
104731 60677 123812
123812 60677 104731
19926 7977 111713
111713 7977 19926
7977 19926 111713
30408 36382 128220
36382 30408 128220
128220 30408 36382
122017 46026 120418
120418 46026 122017
46026 120418 122017
54876 98233 99016
98233 54876 99016
99016 54876 98233
3274 89263 114841
89263 3274 114841
114841 3274 89263
7317 69300 93168
69300 7317 93168
93168 7317 69300
138373 9978 120134
9978 120134 138373
120134 9978 138373
21590 8451 143484
8451 21590 143484
143484 8451 21590
8762 111391 126731
126731 8762 111391
111391 8762 126731
97390 76543 95071
95071 76543 97390
76543 95071 97390
141613 47578 111757
111757 47578 141613
47578 111757 141613
71942 59673 139760
139760 59673 71942
59673 71942 139760
1336 77714 119032
119032 1336 77714
77714 1336 119032
113240 18378 36486
18378 36486 113240
36486 18378 113240
20453 48146 129402
129402 20453 48146
48146 20453 129402
120719 44469 131106
44469 120719 131106
131106 44469 120719
48946 120900 139788
139788 48946 120900
120900 48946 139788
18589 32647 48827
32647 18589 48827
48827 18589 32647
42298 31676 124306
31676 42298 124306
124306 31676 42298
51820 31898 121737
31898 51820 121737
121737 31898 51820
145150 25315 33049
25315 33049 145150
33049 25315 145150
27286 35470 115199
115199 27286 35470
35470 27286 115199
30513 15443 91712
91712 15443 30513
15443 30513 91712
80701 41695 88587
88587 41695 80701
41695 80701 88587
110024 5529 29607
29607 5529 110024
5529 29607 110024
116443 118519 137415
118519 116443 137415
137415 116443 118519
123484 9865 102027
102027 9865 123484
9865 102027 123484
22704 7936 71603
7936 22704 71603
71603 7936 22704
9443 18099 113874
18099 9443 113874
113874 9443 18099
128260 112855 148739
112855 128260 148739
148739 112855 128260
54896 89794 149860
89794 54896 149860
149860 54896 89794
80824 139416 148437
139416 80824 148437
148437 80824 139416
38297 39087 111553
39087 38297 111553
111553 38297 39087
83035 73544 123444
73544 83035 123444
123444 73544 83035
53430 63139 125094
63139 53430 125094
125094 53430 63139
88714 38808 101027
101027 38808 88714
38808 88714 101027
17077 56977 92255
56977 17077 92255
92255 17077 56977
5620 4453 140294
4453 5620 140294
140294 4453 5620
1052 45190 66949
45190 1052 66949
66949 1052 45190
41077 83143 132583
132583 41077 83143
83143 41077 132583
75402 239 99468
99468 239 75402
239 75402 99468
26144 72925 98265
72925 26144 98265
98265 26144 72925
33096 130183 147205
130183 33096 147205
147205 33096 130183
59696 12980 66924
66924 12980 59696
12980 59696 66924
146168 3352 44414
3352 44414 146168
44414 3352 146168
30773 16192 88783
16192 30773 88783
88783 16192 30773
141039 22515 84942
22515 84942 141039
84942 22515 141039
105916 33896 84487
84487 33896 105916
33896 84487 105916
88239 16844 37181
16844 37181 88239
37181 16844 88239
125133 90443 100966
100966 90443 125133
90443 100966 125133
89759 98659 112460
112460 89759 98659
98659 89759 112460
83959 15577 89142
15577 83959 89142
89142 15577 83959
100425 29971 99852
99852 29971 100425
29971 99852 100425
70852 16614 95867
16614 70852 95867
95867 16614 70852
50228 84910 129326
129326 50228 84910
84910 50228 129326
138314 39688 117513
117513 39688 138314
39688 117513 138314
43385 27836 63740
63740 27836 43385
27836 43385 63740
117045 94471 145101
94471 117045 145101
145101 94471 117045
125357 83044 127489
127489 83044 125357
83044 125357 127489
135704 78197 132218
78197 132218 135704
132218 78197 135704
110488 118216 146672
146672 110488 118216
118216 110488 146672
91037 10616 38578
10616 38578 91037
38578 10616 91037
106258 88422 137521
88422 106258 137521
137521 88422 106258
16457 100959 113761
113761 16457 100959
100959 16457 113761
107677 73470 129041
73470 107677 129041
129041 73470 107677
108871 53936 130840
53936 108871 130840
130840 53936 108871
122952 26690 34823
34823 26690 122952
26690 34823 122952
105160 94416 115334
94416 105160 115334
115334 94416 105160
52122 31627 102039
31627 52122 102039
102039 31627 52122
119699 46 109694
109694 46 119699
46 109694 119699
91116 8572 101354
8572 91116 101354
101354 8572 91116
26411 56054 132377
132377 26411 56054
56054 26411 132377
18096 20538 62585
20538 18096 62585
62585 18096 20538
64533 21374 120310
21374 64533 120310
120310 21374 64533
114769 25645 146247
25645 114769 146247
146247 25645 114769
18837 62034 88336
62034 18837 88336
88336 18837 62034
107540 3214 54618
3214 54618 107540
54618 3214 107540
61674 40663 86254
86254 40663 61674
40663 61674 86254
34577 26950 47129
47129 26950 34577
26950 34577 47129
