92841 19461 79150
79150 19461 92841
19461 79150 92841
111467 73195 140636
73195 111467 140636
140636 73195 111467
52345 103361 139649
103361 52345 139649
139649 52345 103361
98501 6376 89679
6376 89679 98501
89679 6376 98501
53066 58165 118570
118570 53066 58165
58165 53066 118570
9535 34885 104468
104468 9535 34885
34885 9535 104468
45841 38018 148138
38018 45841 148138
148138 38018 45841
90518 724 84720
724 84720 90518
84720 724 90518
51778 51477 118316
118316 51477 51778
51477 51778 118316
19542 142203 143161
142203 19542 143161
143161 19542 142203
22667 15572 141857
141857 15572 22667
15572 22667 141857
14441 105418 112669
112669 14441 105418
105418 14441 112669
27642 49432 130272
130272 27642 49432
49432 27642 130272
149723 122559 134648
122559 134648 149723
134648 122559 149723
33724 65833 91108
91108 33724 65833
65833 33724 91108
119865 3946 33987
3946 33987 119865
33987 3946 119865
124332 21061 130737
21061 124332 130737
130737 21061 124332
58288 46814 73599
46814 58288 73599
73599 46814 58288
22802 13427 62467
62467 13427 22802
13427 22802 62467
109521 24002 125792
24002 109521 125792
125792 24002 109521
46555 50033 98474
50033 46555 98474
98474 46555 50033
28839 30301 141555
30301 28839 141555
141555 28839 30301
98816 15116 41413
41413 15116 98816
15116 41413 98816
17495 11172 114009
11172 17495 114009
114009 11172 17495
78027 37692 104848
104848 37692 78027
37692 78027 104848
4460 54522 85281
85281 4460 54522
54522 4460 85281
127153 48334 109363
48334 109363 127153
109363 48334 127153
710 43594 144326
144326 710 43594
43594 710 144326
115485 40674 95728
95728 40674 115485
40674 95728 115485
147214 51391 112745
112745 51391 147214
51391 112745 147214
133202 108381 140853
108381 133202 140853
140853 108381 133202
128881 141817 142171
142171 128881 141817
141817 128881 142171
43856 108070 117416
108070 43856 117416
117416 43856 108070
136843 22037 28673
28673 22037 136843
22037 28673 136843
83762 11649 36655
36655 11649 83762
11649 36655 83762
93943 67672 101711
67672 93943 101711
101711 67672 93943
111396 10871 99050
10871 99050 111396
99050 10871 111396
52071 39645 113518
113518 39645 52071
39645 52071 113518
2228 114397 143968
143968 2228 114397
114397 2228 143968
123793 95793 103721
103721 95793 123793
95793 103721 123793
131829 24872 25235
25235 24872 131829
24872 25235 131829
51936 34875 84191
34875 51936 84191
84191 34875 51936
39678 80746 106734
106734 39678 80746
80746 39678 106734
63471 119547 140206
140206 63471 119547
119547 63471 140206
54325 5489 6623
5489 6623 54325
6623 5489 54325
112766 78738 96585
96585 78738 112766
78738 96585 112766
78635 17031 95702
95702 17031 78635
17031 78635 95702
139085 129760 141904
129760 139085 141904
141904 129760 139085
82842 107991 113500
113500 82842 107991
107991 82842 113500
128639 63549 114789
63549 114789 128639
114789 63549 128639
88026 5780 50742
50742 5780 88026
5780 50742 88026
31828 65604 116388
116388 31828 65604
65604 31828 116388
143547 84502 94728
94728 84502 143547
84502 94728 143547
70292 57991 81860
57991 70292 81860
81860 57991 70292
9319 16352 102140
16352 9319 102140
102140 9319 16352
114517 75147 80396
80396 75147 114517
75147 80396 114517
79435 138722 142700
142700 79435 138722
138722 79435 142700
127095 110657 124782
124782 110657 127095
110657 124782 127095
132165 7352 29577
7352 29577 132165
29577 7352 132165
31370 26489 47384
47384 26489 31370
26489 31370 47384
129103 71435 122324
71435 122324 129103
122324 71435 129103
108473 86236 88609
86236 88609 108473
88609 86236 108473
121379 11456 62730
11456 62730 121379
62730 11456 121379
136338 59732 107694
107694 59732 136338
59732 107694 136338
147830 17642 112603
112603 17642 147830
17642 112603 147830
1082 4625 129141
4625 1082 129141
129141 1082 4625
100213 26622 34744
34744 26622 100213
26622 34744 100213
142432 21606 63185
63185 21606 142432
21606 63185 142432
89520 990 102814
990 89520 102814
102814 990 89520
46477 24595 35553
35553 24595 46477
24595 35553 46477
25822 97961 145411
97961 25822 145411
145411 25822 97961
45316 70245 81985
70245 45316 81985
81985 45316 70245
95425 44509 53287
53287 44509 95425
44509 53287 95425
144920 81012 85424
81012 85424 144920
85424 81012 144920
332 91525 129773
91525 332 129773
129773 332 91525
81089 28455 149431
149431 28455 81089
28455 81089 149431
52321 60001 130765
60001 52321 130765
130765 52321 60001
45740 76789 81043
76789 45740 81043
81043 45740 76789
62034 16762 95158
95158 16762 62034
16762 62034 95158
113974 57788 89183
57788 89183 113974
89183 57788 113974
56106 3403 8252
8252 3403 56106
3403 8252 56106
43821 2521 119913
119913 2521 43821
2521 43821 119913
82944 29362 73612
73612 29362 82944
29362 73612 82944
140658 99474 112900
112900 99474 140658
99474 112900 140658
17304 6398 29214
6398 17304 29214
29214 6398 17304
77351 80698 133024
133024 77351 80698
80698 77351 133024
42984 45554 59020
45554 42984 59020
59020 42984 45554
19326 72486 145748
72486 19326 145748
145748 19326 72486
135476 16378 133831
133831 16378 135476
16378 133831 135476
108757 47938 105145
47938 105145 108757
105145 47938 108757
106360 32672 112867
32672 106360 112867
112867 32672 106360
130526 36647 135789
135789 36647 130526
36647 130526 135789
115190 68913 142764
68913 115190 142764
142764 68913 115190
92840 2342 90414
90414 2342 92840
2342 90414 92840
28882 85294 143063
85294 28882 143063
143063 28882 85294
43973 2862 23775
23775 2862 43973
2862 23775 43973
81252 62741 88618
62741 81252 88618
88618 62741 81252
116897 14588 110760
14588 110760 116897
110760 14588 116897
82537 66739 145449
145449 66739 82537
66739 82537 145449
7065 4288 90195
90195 4288 7065
4288 7065 90195
127090 40449 121541
121541 40449 127090
40449 121541 127090
49490 77864 104862
77864 49490 104862
104862 49490 77864
109720 3048 97201
97201 3048 109720
3048 97201 109720
40876 76998 113682
76998 40876 113682
113682 40876 76998
23562 106678 113031
113031 23562 106678
106678 23562 113031
28198 2147 101664
2147 28198 101664
101664 2147 28198
41590 66614 83000
66614 41590 83000
83000 41590 66614
41488 27855 46475
27855 41488 46475
46475 27855 41488
63987 116107 129560
129560 63987 116107
116107 63987 129560
61632 132781 149486
132781 61632 149486
149486 61632 132781
126726 46064 84797
46064 84797 126726
84797 46064 126726
10592 14270 18488
18488 10592 14270
14270 10592 18488
107561 81277 139422
139422 81277 107561
81277 107561 139422
69870 28018 37719
37719 28018 69870
28018 37719 69870
132155 75044 135897
75044 132155 135897
135897 75044 132155
118790 98149 105395
105395 98149 118790
98149 105395 118790
140464 18812 121525
121525 18812 140464
18812 121525 140464
13606 45558 59268
45558 13606 59268
59268 13606 45558
76157 232 106607
106607 232 76157
232 76157 106607
33635 84770 103003
103003 33635 84770
84770 33635 103003
66559 14636 63385
63385 14636 66559
14636 63385 66559
48639 22922 147481
147481 22922 48639
22922 48639 147481
78583 34518 68616
68616 34518 78583
34518 68616 78583
54091 37388 69080
37388 54091 69080
69080 37388 54091
28397 44866 84551
44866 28397 84551
84551 28397 44866
86432 74509 129712
74509 86432 129712
129712 74509 86432
59487 91750 130240
91750 59487 130240
130240 59487 91750
149165 32981 135126
32981 135126 149165
135126 32981 149165
93795 6335 99375
6335 93795 99375
99375 6335 93795
40453 69004 96026
69004 40453 96026
96026 40453 69004
33699 75501 113024
75501 33699 113024
113024 33699 75501
1530 131976 135725
131976 1530 135725
135725 1530 131976
10334 53696 103557
103557 10334 53696
53696 10334 103557
149061 65425 76661
65425 76661 149061
76661 65425 149061
126715 65856 105958
65856 105958 126715
105958 65856 126715
77180 13773 29605
13773 29605 77180
29605 13773 77180
117117 103178 135280
103178 117117 135280
135280 103178 117117
76844 50938 128704
128704 50938 76844
50938 76844 128704
83701 46482 131702
131702 46482 83701
46482 83701 131702
33546 79950 82311
82311 33546 79950
79950 33546 82311
16623 130864 135273
130864 16623 135273
135273 16623 130864
64061 53395 146356
53395 64061 146356
146356 53395 64061
126580 90513 124213
90513 124213 126580
124213 90513 126580
71811 74608 138489
74608 71811 138489
138489 71811 74608
120027 63959 128990
63959 120027 128990
128990 63959 120027
100857 90546 128136
90546 100857 128136
128136 90546 100857
107763 25304 54821
25304 54821 107763
54821 25304 107763
53551 112439 140832
140832 53551 112439
112439 53551 140832
47312 83547 92459
83547 47312 92459
92459 47312 83547
27124 119238 143227
119238 27124 143227
143227 27124 119238
10027 106397 143573
106397 10027 143573
143573 10027 106397
49259 60327 70042
70042 49259 60327
60327 49259 70042
11352 46628 131589
131589 11352 46628
46628 11352 131589
148438 1040 129615
129615 1040 148438
1040 129615 148438
16353 78954 138261
138261 16353 78954
78954 16353 138261
66590 107449 130980
107449 66590 130980
130980 66590 107449
39108 17777 51271
17777 39108 51271
51271 17777 39108
103463 12019 39703
39703 12019 103463
12019 39703 103463
65925 54530 108003
108003 54530 65925
54530 65925 108003
109842 48787 146118
48787 109842 146118
146118 48787 109842
84308 55561 145839
145839 55561 84308
55561 84308 145839
105554 33168 135223
33168 105554 135223
135223 33168 105554
111771 22528 29780
22528 29780 111771
29780 22528 111771
13298 16722 115934
16722 13298 115934
115934 13298 16722
24671 43822 135291
135291 24671 43822
43822 24671 135291
81146 69039 120004
69039 81146 120004
120004 69039 81146
116984 46851 141891
141891 46851 116984
46851 116984 141891
71588 107130 135595
135595 71588 107130
107130 71588 135595
138747 99543 139144
99543 138747 139144
139144 99543 138747
128945 20685 45917
20685 45917 128945
45917 20685 128945
46929 69556 141009
69556 46929 141009
141009 46929 69556
87076 106545 128981
128981 87076 106545
106545 87076 128981
51780 56526 134165
134165 51780 56526
56526 51780 134165
889 69588 118644
118644 889 69588
69588 889 118644
20015 47397 47963
47397 20015 47963
47963 20015 47397
45493 49582 50459
50459 45493 49582
49582 45493 50459
120156 26415 27928
26415 27928 120156
27928 26415 120156
103170 15326 92436
92436 15326 103170
15326 92436 103170
74549 145542 148187
148187 74549 145542
145542 74549 148187
54692 112835 149855
149855 54692 112835
112835 54692 149855
65047 30381 37478
30381 37478 65047
37478 30381 65047
83127 51517 109656
51517 83127 109656
109656 51517 83127
32833 4577 75776
4577 32833 75776
75776 4577 32833
63305 53386 146317
146317 53386 63305
53386 63305 146317
70442 58809 122704
58809 70442 122704
122704 58809 70442
55282 73082 119435
119435 55282 73082
73082 55282 119435
80144 70843 77466
77466 70843 80144
70843 77466 80144
106617 3877 115900
115900 3877 106617
3877 106617 115900
54001 41934 42119
42119 41934 54001
41934 42119 54001
112320 63338 146405
146405 63338 112320
63338 112320 146405
74994 27726 95086
27726 74994 95086
95086 27726 74994
125683 91630 112712
112712 91630 125683
91630 112712 125683
52368 95235 110655
95235 52368 110655
110655 52368 95235
87302 73364 89644
73364 87302 89644
89644 73364 87302
64763 48386 86968
86968 48386 64763
48386 64763 86968
57017 67626 84053
67626 57017 84053
84053 57017 67626
20905 47577 70203
47577 20905 70203
70203 20905 47577
63000 107623 122951
122951 63000 107623
107623 63000 122951
54887 60195 89963
60195 54887 89963
89963 54887 60195
45384 59770 82840
59770 45384 82840
82840 45384 59770
34688 31456 103755
31456 34688 103755
103755 31456 34688
50437 22404 36450
36450 22404 50437
22404 36450 50437
101219 33445 98081
33445 98081 101219
98081 33445 101219
144066 132283 145871
145871 132283 144066
132283 144066 145871
96752 28241 61426
61426 28241 96752
28241 61426 96752
8325 39167 60082
60082 8325 39167
39167 8325 60082
95489 71099 110487
71099 95489 110487
110487 71099 95489
66851 52255 54791
52255 54791 66851
54791 52255 66851
99124 54142 131847
54142 99124 131847
131847 54142 99124
93861 53788 144221
53788 93861 144221
144221 53788 93861
20240 12855 87728
12855 20240 87728
87728 12855 20240
129321 38175 47448
38175 47448 129321
47448 38175 129321
102075 45409 93597
93597 45409 102075
45409 93597 102075
96622 25870 27155
25870 27155 96622
27155 25870 96622
60300 102 29806
29806 102 60300
102 29806 60300
55201 84104 130885
84104 55201 130885
130885 55201 84104
126799 116893 134296
116893 126799 134296
134296 116893 126799
103629 23887 135783
135783 23887 103629
23887 103629 135783
72715 39974 84564
84564 39974 72715
39974 72715 84564
140570 35064 58453
58453 35064 140570
35064 58453 140570
115023 33415 109399
33415 109399 115023
109399 33415 115023
101117 44689 87396
44689 87396 101117
87396 44689 101117
62772 76892 95484
76892 62772 95484
95484 62772 76892
45883 54318 118010
118010 45883 54318
54318 45883 118010
11032 86375 131801
86375 11032 131801
131801 11032 86375
42730 21566 70767
70767 21566 42730
21566 42730 70767
82887 43871 132192
132192 43871 82887
43871 82887 132192
40654 43112 74377
74377 40654 43112
43112 40654 74377
101985 10459 118306
118306 10459 101985
10459 101985 118306
83748 38457 78257
78257 38457 83748
38457 78257 83748
1645 33567 34116
33567 1645 34116
34116 1645 33567
52010 41145 49531
41145 49531 52010
49531 41145 52010
53672 14094 80478
14094 53672 80478
80478 14094 53672
18302 39867 133243
39867 18302 133243
133243 18302 39867
76510 19155 105519
19155 76510 105519
105519 19155 76510
112979 88400 146783
88400 112979 146783
146783 88400 112979
95252 76775 133175
76775 95252 133175
133175 76775 95252
36705 115454 143948
143948 36705 115454
115454 36705 143948
61757 54262 110015
110015 54262 61757
54262 61757 110015
8048 41033 56031
41033 8048 56031
56031 8048 41033
22349 116636 143088
116636 22349 143088
143088 22349 116636
39852 101092 123010
101092 39852 123010
123010 39852 101092
76548 445 84306
84306 445 76548
445 76548 84306
61431 27184 77309
27184 61431 77309
77309 27184 61431
132855 24300 140828
140828 24300 132855
24300 132855 140828
69918 78722 135272
135272 69918 78722
78722 69918 135272
45054 14795 72217
14795 45054 72217
72217 14795 45054
25988 24733 83418
24733 25988 83418
83418 24733 25988
20628 63593 121082
63593 20628 121082
121082 20628 63593
141888 18707 43004
18707 43004 141888
43004 18707 141888
27797 5691 48017
5691 27797 48017
48017 5691 27797
76067 1188 131698
131698 1188 76067
1188 76067 131698
120870 75334 119821
119821 75334 120870
75334 119821 120870
31271 91012 105818
91012 31271 105818
105818 31271 91012
11335 35590 147170
147170 11335 35590
35590 11335 147170
97550 53052 69199
53052 69199 97550
69199 53052 97550
108537 21558 132800
21558 108537 132800
132800 21558 108537
45958 52642 88890
52642 45958 88890
88890 45958 52642
93957 22381 144907
144907 22381 93957
22381 93957 144907
94395 92502 126858
126858 92502 94395
92502 94395 126858
142995 23888 35931
35931 23888 142995
23888 35931 142995
61015 59826 67074
67074 59826 61015
59826 61015 67074
43094 35654 45102
45102 35654 43094
35654 43094 45102
134948 21545 59229
59229 21545 134948
21545 59229 134948
102455 8394 126370
8394 102455 126370
126370 8394 102455
42052 1514 115425
115425 1514 42052
1514 42052 115425
86756 31267 51056
31267 51056 86756
51056 31267 86756
59926 58533 110589
58533 59926 110589
110589 58533 59926
57985 85883 115898
85883 57985 115898
115898 57985 85883
93324 15691 58795
15691 58795 93324
58795 15691 93324
75164 23491 41546
23491 41546 75164
41546 23491 75164
27326 51089 71533
51089 27326 71533
71533 27326 51089
143381 39883 95889
95889 39883 143381
39883 95889 143381
12879 16675 70470
16675 12879 70470
70470 12879 16675
78534 82679 112605
112605 78534 82679
82679 78534 112605
10908 38726 96847
38726 10908 96847
96847 10908 38726
61963 22523 139789
139789 22523 61963
22523 61963 139789
83129 14494 35023
14494 35023 83129
35023 14494 83129
111990 20977 109951
20977 109951 111990
109951 20977 111990
113229 2535 84422
2535 84422 113229
84422 2535 113229
28694 89784 126113
89784 28694 126113
126113 28694 89784
31193 91440 97794
97794 31193 91440
91440 31193 97794
49435 109819 146236
146236 49435 109819
109819 49435 146236
121471 82116 107828
107828 82116 121471
82116 107828 121471
72674 573 108966
573 72674 108966
108966 573 72674
30454 56419 71040
56419 30454 71040
71040 30454 56419
25160 30597 101128
30597 25160 101128
101128 25160 30597
77276 13023 118229
13023 77276 118229
118229 13023 77276
57958 79992 86334
79992 57958 86334
86334 57958 79992
83826 125807 134654
134654 83826 125807
125807 83826 134654
120567 51774 108480
108480 51774 120567
51774 108480 120567
201 70794 111313
70794 201 111313
111313 201 70794
50232 28646 106459
28646 50232 106459
106459 28646 50232
45001 58443 65026
65026 45001 58443
58443 45001 65026
24257 104496 149830
104496 24257 149830
149830 24257 104496
26895 56034 145961
145961 26895 56034
56034 26895 145961
39003 13043 118106
13043 39003 118106
118106 13043 39003
83389 39222 124754
124754 39222 83389
39222 83389 124754
88922 49926 144386
49926 88922 144386
144386 49926 88922
114982 65270 111430
65270 111430 114982
111430 65270 114982
52229 29759 91049
91049 29759 52229
29759 52229 91049
107312 118258 144738
118258 107312 144738
144738 107312 118258
7097 44174 61413
44174 7097 61413
61413 7097 44174
107723 60700 91548
91548 60700 107723
60700 91548 107723
148556 67629 105427
67629 105427 148556
105427 67629 148556
42013 5236 146340
146340 5236 42013
5236 42013 146340
9663 96222 143568
96222 9663 143568
143568 9663 96222
71159 57863 135018
135018 57863 71159
57863 71159 135018
131008 53500 142004
142004 53500 131008
53500 131008 142004
136410 2605 126510
126510 2605 136410
2605 126510 136410
68555 24459 42226
24459 42226 68555
42226 24459 68555
2639 54078 104856
104856 2639 54078
54078 2639 104856
107939 16718 36175
16718 36175 107939
36175 16718 107939
123680 14709 148485
14709 123680 148485
148485 14709 123680
11401 95657 134688
134688 11401 95657
95657 11401 134688
4289 85869 143273
143273 4289 85869
85869 4289 143273
82166 50753 80154
80154 50753 82166
50753 80154 82166
41496 6349 22506
6349 22506 41496
22506 6349 41496
94697 43231 71098
71098 43231 94697
43231 71098 94697
20903 18418 47546
18418 20903 47546
47546 18418 20903
100961 58037 108661
58037 100961 108661
108661 58037 100961
37650 70201 75120
75120 37650 70201
70201 37650 75120
59178 22680 135650
22680 59178 135650
135650 22680 59178
112907 11201 101460
11201 101460 112907
101460 11201 112907
121182 45101 137766
137766 45101 121182
45101 121182 137766
45371 100025 116886
116886 45371 100025
100025 45371 116886
43391 50300 66389
50300 43391 66389
66389 43391 50300
140190 23267 35424
35424 23267 140190
23267 35424 140190
5947 50881 133904
50881 5947 133904
133904 5947 50881
111822 6992 7406
6992 7406 111822
7406 6992 111822
31157 52312 89128
52312 31157 89128
89128 31157 52312
45122 139565 144873
139565 45122 144873
144873 45122 139565
125861 94403 130359
94403 125861 130359
130359 94403 125861
100121 1848 66482
1848 66482 100121
66482 1848 100121
117538 118380 124010
118380 117538 124010
124010 117538 118380
100361 105633 118131
105633 100361 118131
118131 100361 105633
94898 43544 57387
57387 43544 94898
43544 57387 94898
133051 45864 123162
123162 45864 133051
45864 123162 133051
15031 93046 142510
93046 15031 142510
142510 15031 93046
101774 60414 83374
83374 60414 101774
60414 83374 101774
8812 4000 119166
119166 4000 8812
4000 8812 119166
118645 77419 125043
77419 118645 125043
125043 77419 118645
103758 12635 118297
118297 12635 103758
12635 103758 118297
81681 66096 121828
121828 66096 81681
66096 81681 121828
102614 35075 128666
128666 35075 102614
35075 102614 128666
38538 38023 55725
38023 38538 55725
55725 38023 38538
3525 53869 130851
130851 3525 53869
53869 3525 130851
134945 83088 121103
83088 121103 134945
121103 83088 134945
133116 2469 27969
27969 2469 133116
2469 27969 133116
67186 82600 102649
82600 67186 102649
102649 67186 82600
39557 28668 82471
82471 28668 39557
28668 39557 82471
135974 81913 117025
81913 117025 135974
117025 81913 135974
21229 45609 132940
132940 21229 45609
45609 21229 132940
69913 106280 145540
106280 69913 145540
145540 69913 106280
67895 45910 106793
106793 45910 67895
45910 67895 106793
92513 89325 123246
89325 92513 123246
123246 89325 92513
102188 116049 121477
116049 102188 121477
121477 102188 116049
113334 107179 146445
146445 107179 113334
107179 113334 146445
13417 8900 31951
31951 8900 13417
8900 13417 31951
139368 6300 55784
55784 6300 139368
6300 55784 139368
94037 123335 127038
123335 94037 127038
127038 94037 123335
66698 40385 57073
40385 57073 66698
57073 40385 66698
91261 8412 134642
134642 8412 91261
8412 91261 134642
147841 50923 136984
136984 50923 147841
50923 136984 147841
386 90662 130675
130675 386 90662
90662 386 130675
70635 128454 137707
137707 70635 128454
128454 70635 137707
133874 99478 129588
99478 129588 133874
129588 99478 133874
72962 55034 105415
55034 72962 105415
105415 55034 72962
93529 86056 125544
125544 86056 93529
86056 93529 125544
148580 90431 98814
90431 98814 148580
98814 90431 148580
130760 19089 33593
19089 33593 130760
33593 19089 130760
111406 86119 137630
137630 86119 111406
86119 111406 137630
103224 111719 118163
118163 103224 111719
111719 103224 118163
142888 45799 116339
45799 116339 142888
116339 45799 142888
85091 103634 114403
114403 85091 103634
103634 85091 114403
2457 41175 60359
60359 2457 41175
41175 2457 60359
56495 9040 67523
9040 56495 67523
67523 9040 56495
33746 60390 97611
60390 33746 97611
97611 33746 60390
28377 33469 103545
103545 28377 33469
33469 28377 103545
29401 92729 139183
92729 29401 139183
139183 29401 92729
95487 409 42892
42892 409 95487
409 42892 95487
13145 51225 104561
51225 13145 104561
104561 13145 51225
90220 71494 104508
71494 90220 104508
104508 71494 90220
120854 11003 81737
11003 81737 120854
81737 11003 120854
49768 2000 77092
77092 2000 49768
2000 49768 77092
20149 58572 120010
58572 20149 120010
120010 20149 58572
73242 79439 142175
79439 73242 142175
142175 73242 79439
137002 49199 98729
49199 98729 137002
98729 49199 137002
93929 95072 141177
141177 93929 95072
95072 93929 141177
42784 45897 49434
49434 42784 45897
45897 42784 49434
121127 10526 116319
10526 116319 121127
116319 10526 121127
45227 49859 120652
49859 45227 120652
120652 45227 49859
146769 41166 124150
124150 41166 146769
41166 124150 146769
129243 44070 116937
44070 116937 129243
116937 44070 129243
5454 81996 145837
145837 5454 81996
81996 5454 145837
92058 11049 98472
11049 92058 98472
98472 11049 92058
104320 102230 127270
127270 102230 104320
102230 104320 127270
38624 114488 128658
114488 38624 128658
128658 38624 114488
94434 16918 56840
16918 56840 94434
56840 16918 94434
131613 16968 120805
16968 120805 131613
120805 16968 131613
6969 14916 98792
14916 6969 98792
98792 6969 14916
86653 24648 58042
58042 24648 86653
24648 58042 86653
119156 91586 141874
141874 91586 119156
91586 119156 141874
149284 50171 115608
115608 50171 149284
50171 115608 149284
99860 31397 131684
31397 99860 131684
131684 31397 99860
146430 59506 104084
104084 59506 146430
59506 104084 146430
128084 12557 44017
12557 44017 128084
44017 12557 128084
131435 147096 148333
148333 131435 147096
147096 131435 148333
48595 30732 55815
30732 48595 55815
55815 30732 48595
121094 8493 90207
90207 8493 121094
8493 90207 121094
31714 39828 60929
39828 31714 60929
60929 31714 39828
49907 95166 142094
95166 49907 142094
142094 49907 95166
141140 48526 76043
48526 76043 141140
76043 48526 141140
32134 26576 125455
125455 26576 32134
26576 32134 125455
71033 21017 41567
41567 21017 71033
21017 41567 71033
33453 43729 95280
95280 33453 43729
43729 33453 95280
12648 34848 120404
34848 12648 120404
120404 12648 34848
40931 5988 64364
64364 5988 40931
5988 40931 64364
76532 8976 131101
8976 76532 131101
131101 8976 76532
41956 6103 23137
23137 6103 41956
6103 23137 41956
104905 15510 109238
15510 104905 109238
109238 15510 104905
81678 22676 136269
136269 22676 81678
22676 81678 136269
56459 81696 84547
84547 56459 81696
81696 56459 84547
1961 121925 136405
121925 1961 136405
136405 1961 121925
115687 46030 49841
49841 46030 115687
46030 49841 115687
87082 73003 138629
73003 87082 138629
138629 73003 87082
31160 59714 128443
128443 31160 59714
59714 31160 128443
64699 54898 90267
54898 64699 90267
90267 54898 64699
128673 70372 141915
70372 128673 141915
141915 70372 128673
39440 18365 110868
18365 39440 110868
110868 18365 39440
132587 8044 95939
8044 95939 132587
95939 8044 132587
17018 66 8380
8380 66 17018
66 8380 17018
90794 45441 61525
45441 61525 90794
61525 45441 90794
136735 95215 134307
95215 134307 136735
134307 95215 136735
11833 133566 140152
140152 11833 133566
133566 11833 140152
24048 16731 126477
16731 24048 126477
126477 16731 24048
117822 142542 146068
142542 117822 146068
146068 117822 142542
10774 62766 128078
128078 10774 62766
62766 10774 128078
128233 23436 121385
23436 121385 128233
121385 23436 128233
116699 57204 61079
61079 57204 116699
57204 61079 116699
129272 25551 79648
79648 25551 129272
25551 79648 129272
132481 53071 64879
64879 53071 132481
53071 64879 132481
133573 111176 113615
113615 111176 133573
111176 113615 133573
15160 32776 50309
32776 15160 50309
50309 15160 32776
76542 81893 99768
81893 76542 99768
99768 76542 81893
88970 10190 67369
10190 67369 88970
67369 10190 88970
113836 35694 43261
43261 35694 113836
35694 43261 113836
140418 43833 77942
77942 43833 140418
43833 77942 140418
70029 4617 26677
4617 26677 70029
26677 4617 70029
113517 24905 42098
24905 42098 113517
42098 24905 113517
77274 107681 146493
146493 77274 107681
107681 77274 146493
41856 45010 109427
109427 41856 45010
45010 41856 109427
42809 96830 126512
126512 42809 96830
96830 42809 126512
69837 63801 121513
63801 69837 121513
121513 63801 69837
28348 18697 70564
18697 28348 70564
70564 18697 28348
136910 68782 132274
132274 68782 136910
68782 132274 136910
133907 17169 110054
110054 17169 133907
17169 110054 133907
64084 93756 124319
93756 64084 124319
124319 64084 93756
143032 140440 142958
142958 140440 143032
140440 142958 143032
89204 38905 62839
62839 38905 89204
38905 62839 89204
54099 27175 61283
27175 54099 61283
61283 27175 54099
33617 7062 29945
29945 7062 33617
7062 29945 33617
137346 104532 113825
113825 104532 137346
104532 113825 137346
83045 31972 38935
31972 38935 83045
38935 31972 83045
113285 34180 135143
135143 34180 113285
34180 113285 135143
7664 58211 143682
143682 7664 58211
58211 7664 143682
93270 55994 131155
55994 93270 131155
131155 55994 93270
61118 22421 114093
22421 61118 114093
114093 22421 61118
104327 32492 80358
32492 80358 104327
80358 32492 104327
107535 19660 148136
148136 19660 107535
19660 107535 148136
10613 53786 143219
53786 10613 143219
143219 10613 53786
47759 30517 73449
73449 30517 47759
30517 47759 73449
114587 8474 101345
101345 8474 114587
8474 101345 114587
129740 71190 75696
75696 71190 129740
71190 75696 129740
9439 16259 100199
100199 9439 16259
16259 9439 100199
20663 40035 109378
40035 20663 109378
109378 20663 40035
60450 35332 144553
35332 60450 144553
144553 35332 60450
79537 36786 132285
132285 36786 79537
36786 79537 132285
28074 114169 117477
117477 28074 114169
114169 28074 117477
141072 133578 148919
133578 141072 148919
148919 133578 141072
38012 107424 135911
135911 38012 107424
107424 38012 135911
68246 53658 148351
53658 68246 148351
148351 53658 68246
144897 90069 149621
90069 144897 149621
149621 90069 144897
131388 38924 84608
84608 38924 131388
38924 84608 131388
97049 1927 30860
30860 1927 97049
1927 30860 97049
100801 24201 101842
24201 100801 101842
101842 24201 100801
88702 42491 139914
42491 88702 139914
139914 42491 88702
42197 31355 148160
31355 42197 148160
148160 31355 42197
34502 89041 138857
89041 34502 138857
138857 34502 89041
9782 69642 81875
81875 9782 69642
69642 9782 81875
135586 67869 138133
67869 135586 138133
138133 67869 135586
122547 58268 133479
133479 58268 122547
58268 122547 133479
144688 20873 67442
20873 67442 144688
67442 20873 144688
131158 18595 64171
18595 64171 131158
64171 18595 131158
114673 119857 144684
144684 114673 119857
119857 114673 144684
107193 64946 127080
64946 107193 127080
127080 64946 107193
73867 80994 136032
80994 73867 136032
136032 73867 80994
58644 44101 51975
51975 44101 58644
44101 51975 58644
2874 56712 136959
56712 2874 136959
136959 2874 56712
16758 130222 146827
146827 16758 130222
130222 16758 146827
31617 2225 48229
2225 31617 48229
48229 2225 31617
116785 133690 141545
133690 116785 141545
141545 116785 133690
15157 34788 133464
34788 15157 133464
133464 15157 34788
51829 65966 116576
116576 51829 65966
65966 51829 116576
45296 47717 106819
47717 45296 106819
106819 45296 47717
31569 1795 96975
1795 31569 96975
96975 1795 31569
47479 85778 121553
121553 47479 85778
85778 47479 121553
121460 2657 109663
109663 2657 121460
2657 109663 121460
53403 61765 102579
102579 53403 61765
61765 53403 102579
73476 84717 117607
117607 73476 84717
84717 73476 117607
19290 46427 143279
46427 19290 143279
143279 19290 46427
80484 14526 50385
14526 50385 80484
50385 14526 80484
147499 17102 62428
17102 62428 147499
62428 17102 147499
78741 101898 147245
147245 78741 101898
101898 78741 147245
14345 56514 102851
56514 14345 102851
102851 14345 56514
89477 111762 122501
122501 89477 111762
111762 89477 122501
35401 29373 118937
29373 35401 118937
118937 29373 35401
124911 30870 61635
61635 30870 124911
30870 61635 124911
103372 55687 139475
55687 103372 139475
139475 55687 103372
13016 102983 136493
136493 13016 102983
102983 13016 136493
144439 119465 149258
119465 144439 149258
149258 119465 144439
19064 3096 65802
3096 19064 65802
65802 3096 19064
13107 22708 144240
144240 13107 22708
22708 13107 144240
29424 53957 93475
93475 29424 53957
53957 29424 93475
71256 11254 139926
139926 11254 71256
11254 71256 139926
85714 41389 129118
41389 85714 129118
129118 41389 85714
61708 110459 128725
128725 61708 110459
110459 61708 128725
16702 34010 149145
34010 16702 149145
149145 16702 34010
15852 120489 142925
120489 15852 142925
142925 15852 120489
140949 7474 67230
7474 67230 140949
67230 7474 140949
146333 136414 141112
136414 141112 146333
141112 136414 146333
142822 58064 103991
58064 103991 142822
103991 58064 142822
83557 42437 50830
50830 42437 83557
42437 50830 83557
27913 87453 105012
87453 27913 105012
105012 27913 87453
5971 23111 40955
23111 5971 40955
40955 5971 23111
106300 40623 76833
76833 40623 106300
40623 76833 106300
142264 93354 107183
107183 93354 142264
93354 107183 142264
18871 27949 89222
89222 18871 27949
27949 18871 89222
53243 41863 146807
146807 41863 53243
41863 53243 146807
136740 118803 132844
132844 118803 136740
118803 132844 136740
104898 14619 33820
14619 33820 104898
33820 14619 104898
101910 73435 108375
73435 101910 108375
108375 73435 101910
117938 59227 144084
144084 59227 117938
59227 117938 144084
48162 39182 145567
39182 48162 145567
145567 39182 48162
81446 61526 79540
61526 79540 81446
79540 61526 81446
46027 29087 99731
99731 29087 46027
29087 46027 99731
102596 64482 142487
64482 102596 142487
142487 64482 102596
62024 23647 25493
25493 23647 62024
23647 25493 62024
2983 15358 25737
25737 2983 15358
15358 2983 25737
58393 27286 30268
30268 27286 58393
27286 30268 58393
135066 84386 139277
84386 135066 139277
139277 84386 135066
125439 10838 130549
130549 10838 125439
10838 125439 130549
133547 33861 63736
33861 63736 133547
63736 33861 133547
40705 4771 22799
22799 4771 40705
4771 22799 40705
17385 60319 143311
60319 17385 143311
143311 17385 60319
83862 56163 106807
56163 83862 106807
106807 56163 83862
143062 43132 86847
86847 43132 143062
43132 86847 143062
58928 49070 56855
56855 49070 58928
49070 56855 58928
46655 86532 94520
86532 46655 94520
94520 46655 86532
64809 27859 73288
73288 27859 64809
27859 64809 73288
68216 64333 136798
136798 64333 68216
64333 68216 136798
94578 507 102829
102829 507 94578
507 94578 102829
97381 83479 86137
86137 83479 97381
83479 86137 97381
111389 19489 149301
149301 19489 111389
19489 111389 149301
137102 39035 51372
51372 39035 137102
39035 51372 137102
10740 76966 137578
137578 10740 76966
76966 10740 137578
100661 34051 82683
34051 82683 100661
82683 34051 100661
96917 66703 76895
66703 76895 96917
76895 66703 96917
71673 25522 69609
69609 25522 71673
25522 69609 71673
24238 48565 140351
140351 24238 48565
48565 24238 140351
1987 7256 127964
7256 1987 127964
127964 1987 7256
43748 43720 77340
77340 43720 43748
43720 43748 77340
53148 11570 38656
11570 38656 53148
38656 11570 53148
21630 43806 140741
43806 21630 140741
140741 21630 43806
109045 8703 117310
117310 8703 109045
8703 109045 117310
68991 67863 77872
77872 67863 68991
67863 68991 77872
122733 34637 69374
34637 69374 122733
69374 34637 122733
113249 50206 129453
129453 50206 113249
50206 113249 129453
97633 102632 121726
102632 97633 121726
121726 97633 102632
68636 37405 115506
115506 37405 68636
37405 68636 115506
12991 21112 127499
21112 12991 127499
127499 12991 21112
61017 88725 93545
88725 61017 93545
93545 61017 88725
121151 4398 141625
4398 121151 141625
141625 4398 121151
24512 19570 31018
31018 19570 24512
19570 24512 31018
83786 4269 41096
41096 4269 83786
4269 41096 83786
45381 6881 56927
56927 6881 45381
6881 45381 56927
54266 6064 110420
110420 6064 54266
6064 54266 110420
77589 93069 120411
93069 77589 120411
120411 77589 93069
26222 28729 93707
93707 26222 28729
28729 26222 93707
5819 24476 116976
24476 5819 116976
116976 5819 24476
19644 58314 117324
117324 19644 58314
58314 19644 117324
67464 32104 35350
35350 32104 67464
32104 35350 67464
46223 92931 98713
92931 46223 98713
98713 46223 92931
123760 82520 107659
107659 82520 123760
82520 107659 123760
59702 35653 134434
35653 59702 134434
134434 35653 59702
51005 115369 136082
115369 51005 136082
136082 51005 115369
80788 107362 118713
107362 80788 118713
118713 80788 107362
133986 76484 146400
76484 133986 146400
146400 76484 133986
80654 27578 46771
27578 46771 80654
46771 27578 80654
63427 2873 108989
108989 2873 63427
2873 63427 108989
107306 97610 101336
97610 101336 107306
101336 97610 107306
27459 606 11670
11670 606 27459
606 11670 27459
1730 14969 66057
14969 1730 66057
66057 1730 14969
73969 9493 38894
38894 9493 73969
9493 38894 73969
145459 36360 53180
53180 36360 145459
36360 53180 145459
74298 66265 109911
66265 74298 109911
109911 66265 74298
138695 43425 102727
43425 102727 138695
102727 43425 138695
66370 98387 141876
98387 66370 141876
141876 66370 98387
52660 27929 144099
144099 27929 52660
27929 52660 144099
139975 795 6227
6227 795 139975
795 6227 139975
56263 89410 119094
119094 56263 89410
89410 56263 119094
8207 30835 143755
143755 8207 30835
30835 8207 143755
35522 6301 18395
6301 18395 35522
18395 6301 35522
115338 58000 65177
58000 65177 115338
65177 58000 115338
69376 76482 84186
84186 69376 76482
76482 69376 84186
4611 98137 112701
112701 4611 98137
98137 4611 112701
8922 21737 144783
21737 8922 144783
144783 8922 21737
105967 8832 66466
8832 66466 105967
66466 8832 105967
148981 75264 110593
110593 75264 148981
75264 110593 148981
104319 104012 124550
124550 104012 104319
104012 104319 124550
8042 91729 126189
91729 8042 126189
126189 8042 91729
53011 2509 64456
2509 53011 64456
64456 2509 53011
123902 69029 143394
69029 123902 143394
143394 69029 123902
126836 15747 97008
15747 97008 126836
97008 15747 126836
136042 24062 85945
85945 24062 136042
24062 85945 136042
29252 60374 109772
109772 29252 60374
60374 29252 109772
41768 4184 96879
96879 4184 41768
4184 41768 96879
83760 5768 82828
5768 82828 83760
82828 5768 83760
64644 5943 75828
75828 5943 64644
5943 64644 75828
139272 4891 112550
112550 4891 139272
4891 112550 139272
78740 43427 121720
43427 78740 121720
121720 43427 78740
101207 37981 38407
37981 38407 101207
38407 37981 101207
16518 30045 120416
120416 16518 30045
30045 16518 120416
139389 3784 107271
3784 107271 139389
107271 3784 139389
65748 53140 87273
53140 65748 87273
87273 53140 65748
99855 112152 122038
122038 99855 112152
112152 99855 122038
67035 70453 73800
73800 67035 70453
70453 67035 73800
116134 71136 127830
127830 71136 116134
71136 116134 127830
142649 74856 107916
74856 107916 142649
107916 74856 142649
123156 94978 108808
94978 108808 123156
108808 94978 123156
149739 70703 139043
139043 70703 149739
70703 139043 149739
5818 21643 46085
21643 5818 46085
46085 5818 21643
60044 20236 56430
56430 20236 60044
20236 56430 60044
110682 97770 101570
101570 97770 110682
97770 101570 110682
15196 33608 58910
58910 15196 33608
33608 15196 58910
89928 38866 134655
134655 38866 89928
38866 89928 134655
147079 21745 134474
21745 134474 147079
134474 21745 147079
144978 6002 92072
6002 92072 144978
92072 6002 144978
28192 34920 109684
109684 28192 34920
34920 28192 109684
13778 3077 109079
3077 13778 109079
109079 3077 13778
27409 42281 111858
111858 27409 42281
42281 27409 111858
71782 15792 59488
59488 15792 71782
15792 59488 71782
13766 41676 148663
41676 13766 148663
148663 13766 41676
79748 33621 61995
61995 33621 79748
33621 61995 79748
20180 34660 41561
34660 20180 41561
41561 20180 34660
106133 23694 48405
23694 48405 106133
48405 23694 106133
70121 19734 135917
135917 19734 70121
19734 70121 135917
121012 11820 55897
55897 11820 121012
11820 55897 121012
37172 44656 83345
83345 37172 44656
44656 37172 83345
127048 45075 85013
85013 45075 127048
45075 85013 127048
24112 19753 143708
143708 19753 24112
19753 24112 143708
24348 115507 146903
115507 24348 146903
146903 24348 115507
67522 6697 74076
6697 67522 74076
74076 6697 67522
13650 92452 112825
112825 13650 92452
92452 13650 112825
111382 8786 147478
147478 8786 111382
8786 111382 147478
71089 67161 105351
67161 71089 105351
105351 67161 71089
37966 23877 76992
23877 37966 76992
76992 23877 37966
114863 90795 123570
123570 90795 114863
90795 114863 123570
10963 104333 136763
136763 10963 104333
104333 10963 136763
112360 51688 61082
61082 51688 112360
51688 61082 112360
95780 101740 141327
141327 95780 101740
101740 95780 141327
146264 2966 149520
149520 2966 146264
2966 146264 149520
64761 33773 140815
140815 33773 64761
33773 64761 140815
84087 51708 73282
51708 73282 84087
73282 51708 84087
58271 39112 96500
39112 58271 96500
96500 39112 58271
20736 63521 67337
63521 20736 67337
67337 20736 63521
27014 109810 121521
109810 27014 121521
121521 27014 109810
101482 24962 55070
55070 24962 101482
24962 55070 101482
66577 17861 93958
17861 66577 93958
93958 17861 66577
71457 44547 80593
80593 44547 71457
44547 71457 80593
90472 6430 90741
90741 6430 90472
6430 90472 90741
114774 52468 116172
52468 114774 116172
116172 52468 114774
119688 47972 121780
121780 47972 119688
47972 119688 121780
127746 94322 113592
94322 113592 127746
113592 94322 127746
69453 34718 105567
34718 69453 105567
105567 34718 69453
9197 40363 79794
79794 9197 40363
40363 9197 79794
70602 72936 91429
72936 70602 91429
91429 70602 72936
133102 38192 123177
123177 38192 133102
38192 123177 133102
148191 58972 94164
58972 94164 148191
94164 58972 148191
101861 33382 107572
33382 101861 107572
107572 33382 101861
19149 49973 110024
49973 19149 110024
110024 19149 49973
72398 129748 132325
129748 72398 132325
132325 72398 129748
135333 32166 45392
45392 32166 135333
32166 45392 135333
89391 591 22574
22574 591 89391
591 22574 89391
89595 26675 59386
26675 59386 89595
59386 26675 89595
82408 89233 114346
114346 82408 89233
89233 82408 114346
60775 2520 109814
2520 60775 109814
109814 2520 60775
59047 81748 147289
147289 59047 81748
81748 59047 147289
71107 9227 59191
59191 9227 71107
9227 59191 71107
140523 36466 123477
36466 123477 140523
123477 36466 140523
74270 12747 37673
37673 12747 74270
12747 37673 74270
19959 66561 78421
78421 19959 66561
66561 19959 78421
70478 74639 147603
147603 70478 74639
74639 70478 147603
117787 36448 73367
36448 73367 117787
73367 36448 117787
72630 127856 134416
127856 72630 134416
134416 72630 127856
79400 43359 72455
72455 43359 79400
43359 72455 79400
113307 35719 106907
106907 35719 113307
35719 106907 113307
95153 94426 110552
110552 94426 95153
94426 95153 110552
