5893 54 3746
54 3746 5893
3746 54 5893
5020 5578 6649
6649 5020 5578
5578 5020 6649
5599 772 6224
6224 772 5599
772 5599 6224
14581 6113 6762
6113 6762 14581
6762 6113 14581
2444 3008 10631
10631 2444 3008
3008 2444 10631
5238 6166 11227
6166 5238 11227
11227 5238 6166
7695 4111 6283
6283 4111 7695
4111 6283 7695
8053 4975 11556
11556 4975 8053
4975 8053 11556
9167 2575 14031
2575 9167 14031
14031 2575 9167
5050 6277 11758
11758 5050 6277
6277 5050 11758
11732 7158 12778
12778 7158 11732
7158 11732 12778
3119 3832 8963
8963 3119 3832
3832 3119 8963
14164 5253 8383
5253 8383 14164
8383 5253 14164
10283 11320 13928
13928 10283 11320
11320 10283 13928
12576 2198 3083
2198 3083 12576
3083 2198 12576
1824 2087 8568
8568 1824 2087
2087 1824 8568
2180 1645 9053
1645 2180 9053
9053 1645 2180
5424 6180 10158
6180 5424 10158
10158 5424 6180
9634 460 4288
4288 460 9634
460 4288 9634
1804 302 14870
14870 302 1804
302 1804 14870
4051 11082 13320
11082 4051 13320
13320 4051 11082
5603 3249 6395
3249 5603 6395
6395 3249 5603
6893 769 12304
769 6893 12304
12304 769 6893
12539 1011 10920
1011 10920 12539
10920 1011 12539
7091 11805 12300
12300 7091 11805
11805 7091 12300
14694 1519 14892
1519 14694 14892
14892 1519 14694
8430 1692 9786
1692 8430 9786
9786 1692 8430
8812 12895 13443
13443 8812 12895
12895 8812 13443
11204 11254 12117
12117 11204 11254
11254 11204 12117
7603 3430 9808
9808 3430 7603
3430 7603 9808
4630 2150 10234
2150 4630 10234
10234 2150 4630
13107 10047 10356
10356 10047 13107
10047 10356 13107
396 1226 2551
1226 396 2551
2551 396 1226
2647 7415 14066
7415 2647 14066
14066 2647 7415
10581 6735 9690
9690 6735 10581
6735 9690 10581
11423 4596 14326
4596 11423 14326
14326 4596 11423
3039 2818 9357
9357 2818 3039
2818 3039 9357
859 3708 14985
14985 859 3708
3708 859 14985
9028 6176 13644
6176 9028 13644
13644 6176 9028
3963 2144 5625
5625 2144 3963
2144 3963 5625
6791 5183 10025
10025 5183 6791
5183 6791 10025
9881 1478 12336
1478 9881 12336
12336 1478 9881
5018 536 1281
536 1281 5018
1281 536 5018
6885 516 1166
1166 516 6885
516 1166 6885
4392 2667 11587
11587 2667 4392
2667 4392 11587
459 4011 5377
4011 459 5377
5377 459 4011
6197 12721 13390
13390 6197 12721
12721 6197 13390
6074 3395 9740
3395 6074 9740
9740 3395 6074
2359 1667 10322
10322 1667 2359
1667 2359 10322
6569 528 5230
5230 528 6569
528 5230 6569
13712 1326 2227
2227 1326 13712
1326 2227 13712
10809 949 2649
2649 949 10809
949 2649 10809
14881 7294 8167
7294 8167 14881
8167 7294 14881
4403 4809 6138
6138 4403 4809
4809 4403 6138
2926 3862 14840
3862 2926 14840
14840 2926 3862
3014 3233 5662
5662 3014 3233
3233 3014 5662
13618 11411 11451
11451 11411 13618
11411 11451 13618
11308 9796 14118
9796 11308 14118
14118 9796 11308
2801 5606 6188
6188 2801 5606
5606 2801 6188
2316 4721 8253
4721 2316 8253
8253 2316 4721
12447 150 14333
14333 150 12447
150 12447 14333
8578 4437 10021
4437 8578 10021
10021 4437 8578
1251 2057 10317
2057 1251 10317
10317 1251 2057
5710 2047 2305
2047 2305 5710
2305 2047 5710
499 4175 14180
14180 499 4175
4175 499 14180
862 10471 13676
13676 862 10471
10471 862 13676
4778 7073 8596
8596 4778 7073
7073 4778 8596
5114 2099 13631
2099 5114 13631
13631 2099 5114
470 12422 14195
12422 470 14195
14195 470 12422
4096 9936 13915
13915 4096 9936
9936 4096 13915
608 9025 13842
9025 608 13842
13842 608 9025
440 1149 4917
1149 440 4917
4917 440 1149
14782 8276 10378
10378 8276 14782
8276 10378 14782
139 9091 9963
9091 139 9963
9963 139 9091
3650 2470 8499
8499 2470 3650
2470 3650 8499
14494 2862 9020
2862 9020 14494
9020 2862 14494
2770 3983 10712
10712 2770 3983
3983 2770 10712
10421 7170 9593
7170 9593 10421
9593 7170 10421
12732 11816 13627
11816 12732 13627
13627 11816 12732
3086 5729 6610
5729 3086 6610
6610 3086 5729
10015 2012 2517
2012 2517 10015
2517 2012 10015
1639 931 8308
8308 931 1639
931 1639 8308
9193 3208 6596
3208 6596 9193
6596 3208 9193
10601 6954 10570
6954 10570 10601
10570 6954 10601
6505 855 8480
8480 855 6505
855 6505 8480
12242 2455 6001
6001 2455 12242
2455 6001 12242
1612 3739 12522
12522 1612 3739
3739 1612 12522
6566 838 4521
838 4521 6566
4521 838 6566
11613 3151 13307
3151 11613 13307
13307 3151 11613
13808 5587 9682
9682 5587 13808
5587 9682 13808
4890 6603 14055
14055 4890 6603
6603 4890 14055
14890 2402 8604
2402 8604 14890
8604 2402 14890
8443 5945 6513
6513 5945 8443
5945 6513 8443
9766 8509 11322
11322 8509 9766
8509 9766 11322
8521 5532 8477
8477 5532 8521
5532 8477 8521
579 6549 10023
6549 579 10023
10023 579 6549
7829 5790 13681
5790 7829 13681
13681 5790 7829
11474 1966 12237
1966 11474 12237
12237 1966 11474
7937 744 2136
2136 744 7937
744 2136 7937
11050 5302 6084
5302 6084 11050
6084 5302 11050
7740 4543 11057
4543 7740 11057
11057 4543 7740
14259 6757 10030
10030 6757 14259
6757 10030 14259
13526 1256 6067
6067 1256 13526
1256 6067 13526
12392 26 8537
8537 26 12392
26 8537 12392
9882 5917 8285
8285 5917 9882
5917 8285 9882
10089 14447 14660
14660 10089 14447
14447 10089 14660
8671 6619 7808
7808 6619 8671
6619 7808 8671
8326 13531 13969
13969 8326 13531
13531 8326 13969
1841 12846 13853
13853 1841 12846
12846 1841 13853
12723 102 6939
6939 102 12723
102 6939 12723
11202 1346 4629
4629 1346 11202
1346 4629 11202
12113 1441 4254
4254 1441 12113
1441 4254 12113
8795 4556 6567
4556 6567 8795
6567 4556 8795
11724 11838 13515
11838 11724 13515
13515 11724 11838
5757 8677 12429
8677 5757 12429
12429 5757 8677
11390 7883 9921
7883 9921 11390
9921 7883 11390
5470 4310 12252
12252 4310 5470
4310 5470 12252
12440 5628 10358
5628 10358 12440
10358 5628 12440
8864 11068 13053
11068 8864 13053
13053 8864 11068
12951 394 1745
1745 394 12951
394 1745 12951
507 2053 9970
2053 507 9970
9970 507 2053
5986 6881 11808
6881 5986 11808
11808 5986 6881
8548 7877 8837
8837 7877 8548
7877 8548 8837
9623 1093 14816
14816 1093 9623
1093 9623 14816
3307 686 3536
686 3307 3536
3536 686 3307
8110 8125 10651
8125 8110 10651
10651 8110 8125
11693 5014 6983
5014 6983 11693
6983 5014 11693
10344 1633 5878
1633 5878 10344
5878 1633 10344
4438 1124 13030
1124 4438 13030
13030 1124 4438
9099 11463 13603
11463 9099 13603
13603 9099 11463
11648 1427 10598
1427 10598 11648
10598 1427 11648
3642 5630 6743
6743 3642 5630
5630 3642 6743
8601 2565 7087
2565 7087 8601
7087 2565 8601
1895 5225 8998
8998 1895 5225
5225 1895 8998
5679 3700 10798
10798 3700 5679
3700 5679 10798
5325 9076 10256
9076 5325 10256
10256 5325 9076
1587 2939 5023
2939 1587 5023
5023 1587 2939
46 2253 9578
2253 46 9578
9578 46 2253
1914 5864 8560
5864 1914 8560
8560 1914 5864
2507 9529 13984
13984 2507 9529
9529 2507 13984
10891 7600 14368
14368 7600 10891
7600 10891 14368
10280 9965 14288
14288 9965 10280
9965 10280 14288
1827 4644 13779
13779 1827 4644
4644 1827 13779
1534 8748 14784
8748 1534 14784
14784 1534 8748
14331 552 4264
552 4264 14331
4264 552 14331
393 13570 14008
13570 393 14008
14008 393 13570
6517 7845 13037
7845 6517 13037
13037 6517 7845
14983 3393 12006
12006 3393 14983
3393 12006 14983
2594 5637 8346
8346 2594 5637
5637 2594 8346
7663 2592 10695
10695 2592 7663
2592 7663 10695
2603 9051 10393
9051 2603 10393
10393 2603 9051
11275 5085 11912
11912 5085 11275
5085 11275 11912
7484 2449 14963
2449 7484 14963
14963 2449 7484
14006 3731 12000
3731 12000 14006
12000 3731 14006
7334 5126 11742
5126 7334 11742
11742 5126 7334
5584 6599 14148
6599 5584 14148
14148 5584 6599
7989 1476 5488
5488 1476 7989
1476 5488 7989
11961 841 9608
841 9608 11961
9608 841 11961
14444 1227 3808
1227 3808 14444
3808 1227 14444
4444 5056 8128
5056 4444 8128
8128 4444 5056
3602 753 9853
753 3602 9853
9853 753 3602
10502 2215 10996
10996 2215 10502
2215 10502 10996
14917 11950 12811
12811 11950 14917
11950 12811 14917
4904 5086 11702
5086 4904 11702
11702 4904 5086
1187 698 7706
698 1187 7706
7706 698 1187
4987 1040 6182
6182 1040 4987
1040 4987 6182
10865 846 4767
846 4767 10865
4767 846 10865
9470 3221 14717
14717 3221 9470
3221 9470 14717
8178 7985 10247
10247 7985 8178
7985 8178 10247
2545 5634 11231
5634 2545 11231
11231 2545 5634
925 4560 6771
6771 925 4560
4560 925 6771
4471 2343 3594
3594 2343 4471
2343 3594 4471
9165 4304 11823
4304 9165 11823
11823 4304 9165
9430 9497 13523
9497 9430 13523
13523 9430 9497
462 13571 14939
13571 462 14939
14939 462 13571
751 7316 10075
10075 751 7316
7316 751 10075
19 8179 11166
8179 19 11166
11166 19 8179
7461 9635 13040
13040 7461 9635
9635 7461 13040
10594 7748 10960
7748 10594 10960
10960 7748 10594
12662 6509 9590
6509 9590 12662
9590 6509 12662
7233 9613 11188
9613 7233 11188
11188 7233 9613
5358 2734 8828
8828 2734 5358
2734 5358 8828
14151 4220 5446
5446 4220 14151
4220 5446 14151
1028 8052 12844
12844 1028 8052
8052 1028 12844
8647 2823 11282
2823 8647 11282
11282 2823 8647
2577 2546 14212
2546 2577 14212
14212 2546 2577
8562 2640 3162
3162 2640 8562
2640 3162 8562
10943 8221 14100
14100 8221 10943
8221 10943 14100
5829 9364 13876
9364 5829 13876
13876 5829 9364
11820 9982 14177
9982 11820 14177
14177 9982 11820
14387 189 14958
14958 189 14387
189 14387 14958
2081 7291 9967
7291 2081 9967
9967 2081 7291
7553 4633 10340
4633 7553 10340
10340 4633 7553
13768 6756 7687
7687 6756 13768
6756 7687 13768
9455 283 3522
3522 283 9455
283 3522 9455
14614 4709 7066
4709 7066 14614
7066 4709 14614
13395 1499 14968
1499 13395 14968
14968 1499 13395
10648 2381 14465
14465 2381 10648
2381 10648 14465
14587 8728 9323
8728 9323 14587
9323 8728 14587
12847 1245 7693
1245 7693 12847
7693 1245 12847
13306 8651 10698
10698 8651 13306
8651 10698 13306
2114 1122 8934
8934 1122 2114
1122 2114 8934
8798 3121 9518
9518 3121 8798
3121 8798 9518
12897 5459 11262
11262 5459 12897
5459 11262 12897
2475 6355 7848
6355 2475 7848
7848 2475 6355
9395 1451 10946
10946 1451 9395
1451 9395 10946
2648 956 8876
956 2648 8876
8876 956 2648
5783 5139 11685
5139 5783 11685
11685 5139 5783
328 3330 12355
12355 328 3330
3330 328 12355
14363 5779 9883
9883 5779 14363
5779 9883 14363
12494 5797 7077
7077 5797 12494
5797 7077 12494
11241 498 4645
498 4645 11241
4645 498 11241
11344 2165 6420
6420 2165 11344
2165 6420 11344
13464 3000 3067
3067 3000 13464
3000 3067 13464
9672 3842 4708
4708 3842 9672
3842 4708 9672
5350 6323 12162
6323 5350 12162
12162 5350 6323
10529 13178 14558
14558 10529 13178
13178 10529 14558
3589 6636 14668
14668 3589 6636
6636 3589 14668
2804 1180 2327
1180 2327 2804
2327 1180 2804
11270 7190 14322
7190 11270 14322
14322 7190 11270
375 6464 9348
6464 375 9348
9348 375 6464
3396 2290 3137
2290 3137 3396
3137 2290 3396
12725 10017 14547
14547 10017 12725
10017 12725 14547
4779 1222 14275
1222 4779 14275
14275 1222 4779
1643 4010 4559
4010 1643 4559
4559 1643 4010
8887 7742 8655
8655 7742 8887
7742 8655 8887
6506 4943 13124
13124 4943 6506
4943 6506 13124
3521 3891 4528
4528 3521 3891
3891 3521 4528
10969 13489 13564
13564 10969 13489
13489 10969 13564
9365 1175 10906
10906 1175 9365
1175 9365 10906
1209 2826 12911
12911 1209 2826
2826 1209 12911
2596 4636 7541
4636 2596 7541
7541 2596 4636
4760 3282 14480
14480 3282 4760
3282 4760 14480
10860 3471 11748
11748 3471 10860
3471 10860 11748
13097 5995 11530
11530 5995 13097
5995 11530 13097
808 5435 8148
5435 808 8148
8148 808 5435
12887 308 1963
1963 308 12887
308 1963 12887
2310 12143 14882
12143 2310 14882
14882 2310 12143
4163 2318 8908
8908 2318 4163
2318 4163 8908
1507 343 4450
4450 343 1507
343 1507 4450
3401 1308 10148
1308 3401 10148
10148 1308 3401
6333 4299 10548
4299 6333 10548
10548 4299 6333
10384 12551 14171
14171 10384 12551
12551 10384 14171
11616 5300 14446
14446 5300 11616
5300 11616 14446
5426 5171 9102
5171 5426 9102
9102 5171 5426
5523 10518 12870
12870 5523 10518
10518 5523 12870
14316 1502 2987
2987 1502 14316
1502 2987 14316
4393 3283 9646
3283 4393 9646
9646 3283 4393
11096 4806 14458
14458 4806 11096
4806 11096 14458
6406 4903 9618
9618 4903 6406
4903 6406 9618
14028 3846 6139
3846 6139 14028
6139 3846 14028
13613 2091 9325
2091 9325 13613
9325 2091 13613
14307 2496 10246
2496 10246 14307
10246 2496 14307
901 7468 13607
13607 901 7468
7468 901 13607
7819 2916 7905
7905 2916 7819
2916 7819 7905
10373 7710 11145
7710 10373 11145
11145 7710 10373
1140 2758 10123
10123 1140 2758
2758 1140 10123
5418 9103 11054
9103 5418 11054
11054 5418 9103
3991 3095 8551
8551 3095 3991
3095 3991 8551
11479 3552 14986
3552 11479 14986
14986 3552 11479
7612 5920 13780
13780 5920 7612
5920 7612 13780
7870 2645 5985
5985 2645 7870
2645 5985 7870
12754 4002 12073
12073 4002 12754
4002 12073 12754
1176 4989 12366
12366 1176 4989
4989 1176 12366
10277 6934 8515
8515 6934 10277
6934 8515 10277
4339 6909 8777
8777 4339 6909
6909 4339 8777
930 7875 10902
7875 930 10902
10902 930 7875
2950 5831 13064
13064 2950 5831
5831 2950 13064
12230 2527 12402
12402 2527 12230
2527 12230 12402
7967 627 10284
627 7967 10284
10284 627 7967
13980 12985 12988
12985 12988 13980
12988 12985 13980
4462 2964 6988
6988 2964 4462
2964 4462 6988
11313 7322 7585
7585 7322 11313
7322 7585 11313
12635 2342 14536
14536 2342 12635
2342 12635 14536
6677 3064 12388
3064 6677 12388
12388 3064 6677
8007 406 5646
5646 406 8007
406 5646 8007
14730 11862 13348
13348 11862 14730
11862 13348 14730
2807 4659 8401
8401 2807 4659
4659 2807 8401
10304 1655 2134
2134 1655 10304
1655 2134 10304
4587 3827 6450
3827 4587 6450
6450 3827 4587
7374 7816 11938
7816 7374 11938
11938 7374 7816
14110 9435 9779
9435 9779 14110
9779 9435 14110
4710 3469 3483
3469 3483 4710
3483 3469 4710
5552 2161 14189
2161 5552 14189
14189 2161 5552
412 5306 11338
5306 412 11338
11338 412 5306
1379 2311 8765
8765 1379 2311
2311 1379 8765
10992 5166 9842
9842 5166 10992
5166 9842 10992
2431 5543 6391
6391 2431 5543
5543 2431 6391
5450 2636 8871
2636 5450 8871
8871 2636 5450
14145 10062 11562
11562 10062 14145
10062 11562 14145
6263 5711 12476
12476 5711 6263
5711 6263 12476
11617 3235 9238
9238 3235 11617
3235 9238 11617
5778 906 3725
906 3725 5778
3725 906 5778
2109 10048 11569
11569 2109 10048
10048 2109 11569
12445 2292 12468
12468 2292 12445
2292 12445 12468
3411 5935 12103
5935 3411 12103
12103 3411 5935
8132 13298 13576
13576 8132 13298
13298 8132 13576
5989 1165 12503
1165 5989 12503
12503 1165 5989
4635 2460 12820
12820 2460 4635
2460 4635 12820
6998 216 9737
216 6998 9737
9737 216 6998
9640 994 12971
12971 994 9640
994 9640 12971
7137 512 661
512 661 7137
661 512 7137
1278 198 1828
198 1278 1828
1828 198 1278
1121 3939 5598
3939 1121 5598
5598 1121 3939
7552 1437 4141
4141 1437 7552
1437 4141 7552
4771 2271 2274
2271 2274 4771
2274 2271 4771
1892 8949 13905
13905 1892 8949
8949 1892 13905
12026 1656 11446
1656 11446 12026
11446 1656 12026
3593 3958 7942
3958 3593 7942
7942 3593 3958
8670 2515 5589
5589 2515 8670
2515 5589 8670
8985 8493 12262
12262 8493 8985
8493 8985 12262
13991 7074 10045
7074 10045 13991
10045 7074 13991
11873 7302 7677
7302 7677 11873
7677 7302 11873
14756 9250 14176
14176 9250 14756
9250 14176 14756
8558 5268 10538
5268 8558 10538
10538 5268 8558
9493 10982 14047
10982 9493 14047
14047 9493 10982
3766 3438 4517
4517 3438 3766
3438 3766 4517
616 6247 6590
6590 616 6247
6247 616 6590
2731 711 14418
711 2731 14418
14418 711 2731
872 8576 13927
8576 872 13927
13927 872 8576
10285 9872 12195
12195 9872 10285
9872 10285 12195
3026 322 5869
322 3026 5869
5869 322 3026
11268 1574 13945
13945 1574 11268
1574 11268 13945
14182 4362 11363
4362 11363 14182
11363 4362 14182
1295 8074 10760
10760 1295 8074
8074 1295 10760
4317 5330 6957
5330 4317 6957
6957 4317 5330
13996 5406 9712
5406 9712 13996
9712 5406 13996
13938 7583 9721
7583 9721 13938
9721 7583 13938
7034 4419 10348
10348 4419 7034
4419 7034 10348
3183 6870 8555
6870 3183 8555
8555 3183 6870
3687 7855 11495
11495 3687 7855
7855 3687 11495
14643 5697 5881
5881 5697 14643
5697 5881 14643
1529 9720 13517
13517 1529 9720
9720 1529 13517
5866 1948 3845
3845 1948 5866
1948 3845 5866
10736 3879 10019
3879 10019 10736
10019 3879 10736
10087 99 1331
99 1331 10087
1331 99 10087
9553 3638 12360
12360 3638 9553
3638 9553 12360
4691 10663 12760
12760 4691 10663
10663 4691 12760
8392 4776 6638
4776 6638 8392
6638 4776 8392
5021 10714 14050
14050 5021 10714
10714 5021 14050
14651 3170 7156
3170 7156 14651
7156 3170 14651
12098 9461 12563
9461 12098 12563
12563 9461 12098
11391 4308 6737
6737 4308 11391
4308 6737 11391
6616 1424 14252
14252 1424 6616
1424 6616 14252
4439 860 12711
860 4439 12711
12711 860 4439
3032 756 7718
7718 756 3032
756 3032 7718
4458 1154 13588
13588 1154 4458
1154 4458 13588
13347 4780 9702
9702 4780 13347
4780 9702 13347
10568 5748 12548
5748 10568 12548
12548 5748 10568
11265 2457 12254
12254 2457 11265
2457 11265 12254
4965 4693 7547
4693 4965 7547
7547 4693 4965
3334 3172 5544
5544 3172 3334
3172 3334 5544
6852 5782 10674
5782 6852 10674
10674 5782 6852
8024 1746 3141
1746 3141 8024
3141 1746 8024
4958 7882 11244
11244 4958 7882
7882 4958 11244
4712 1553 10060
1553 4712 10060
10060 1553 4712
7911 2347 9765
2347 7911 9765
9765 2347 7911
3633 5460 10720
10720 3633 5460
5460 3633 10720
10670 5752 8774
8774 5752 10670
5752 8774 10670
13548 2543 12803
2543 12803 13548
12803 2543 13548
8331 5645 10665
10665 5645 8331
5645 8331 10665
12145 2466 8247
8247 2466 12145
2466 8247 12145
11694 11545 11910
11545 11694 11910
11910 11545 11694
196 708 11515
11515 196 708
708 196 11515
10935 10052 11196
11196 10052 10935
10052 10935 11196
10131 2172 8213
8213 2172 10131
2172 8213 10131
6040 2002 14392
2002 6040 14392
14392 2002 6040
3135 10457 12430
12430 3135 10457
10457 3135 12430
2258 3414 7295
3414 2258 7295
7295 2258 3414
2650 1364 14242
1364 2650 14242
14242 1364 2650
8453 779 12495
779 8453 12495
12495 779 8453
6243 2250 7046
7046 2250 6243
2250 6243 7046
8040 6287 6765
6765 6287 8040
6287 6765 8040
10595 1375 12017
1375 10595 12017
12017 1375 10595
13219 6236 6672
6236 6672 13219
6672 6236 13219
11148 1277 5397
1277 5397 11148
5397 1277 11148
13545 810 11700
11700 810 13545
810 11700 13545
5664 4189 10014
4189 5664 10014
10014 4189 5664
2010 1215 11670
1215 2010 11670
11670 1215 2010
156 3611 14992
14992 156 3611
3611 156 14992
2942 5073 6991
6991 2942 5073
5073 2942 6991
7339 1663 12536
12536 1663 7339
1663 7339 12536
9662 12328 14551
14551 9662 12328
12328 9662 14551
466 5388 12261
12261 466 5388
5388 466 12261
6007 7381 9645
7381 6007 9645
9645 6007 7381
10081 11619 12768
11619 10081 12768
12768 10081 11619
2814 10993 11596
10993 2814 11596
11596 2814 10993
5267 6298 9096
9096 5267 6298
6298 5267 9096
1464 819 13731
13731 819 1464
819 1464 13731
12210 5285 7497
7497 5285 12210
5285 7497 12210
8937 7644 11297
11297 7644 8937
7644 8937 11297
14585 6668 10728
10728 6668 14585
6668 10728 14585
11274 137 7411
137 7411 11274
7411 137 11274
11058 9094 13229
9094 11058 13229
13229 9094 11058
12100 1246 8869
8869 1246 12100
1246 8869 12100
5035 134 13720
134 5035 13720
13720 134 5035
338 803 13536
13536 338 803
803 338 13536
12511 1327 10046
10046 1327 12511
1327 10046 12511
2208 3428 4566
3428 2208 4566
4566 2208 3428
5612 6851 7898
7898 5612 6851
6851 5612 7898
7972 1292 8639
8639 1292 7972
1292 7972 8639
9641 738 7850
738 7850 9641
7850 738 9641
8005 4621 8251
8251 4621 8005
4621 8005 8251
3654 7357 10008
7357 3654 10008
10008 3654 7357
11934 179 14869
14869 179 11934
179 11934 14869
8615 454 6211
454 6211 8615
6211 454 8615
11993 8458 14282
8458 11993 14282
14282 8458 11993
1473 8095 13282
8095 1473 13282
13282 1473 8095
6891 2915 6449
6449 2915 6891
2915 6449 6891
7592 3402 6472
6472 3402 7592
3402 6472 7592
11941 7616 9114
7616 9114 11941
9114 7616 11941
2425 11407 13392
13392 2425 11407
11407 2425 13392
10191 2622 5120
2622 5120 10191
5120 2622 10191
3964 9587 9785
9587 3964 9785
9785 3964 9587
8207 3152 12284
3152 8207 12284
12284 3152 8207
5496 41 1777
41 1777 5496
1777 41 5496
2700 1538 5516
1538 2700 5516
5516 1538 2700
9217 2400 14125
2400 9217 14125
14125 2400 9217
4477 8002 10104
8002 4477 10104
10104 4477 8002
1753 3914 11217
11217 1753 3914
3914 1753 11217
7976 4318 14104
14104 4318 7976
4318 7976 14104
6947 10254 13953
13953 6947 10254
10254 6947 13953
14951 5315 6183
6183 5315 14951
5315 6183 14951
2275 9226 13651
9226 2275 13651
13651 2275 9226
1766 8350 14215
8350 1766 14215
14215 1766 8350
13574 5276 12244
12244 5276 13574
5276 12244 13574
10867 1795 11884
11884 1795 10867
1795 10867 11884
2864 3758 10526
10526 2864 3758
3758 2864 10526
9390 10401 10901
10901 9390 10401
10401 9390 10901
4970 7974 14411
14411 4970 7974
7974 4970 14411
10040 6199 12015
6199 10040 12015
12015 6199 10040
2514 607 5732
5732 607 2514
607 2514 5732
14541 6201 12071
6201 12071 14541
12071 6201 14541
9255 2019 12663
2019 9255 12663
12663 2019 9255
3265 5919 13611
5919 3265 13611
13611 3265 5919
4375 9734 14265
9734 4375 14265
14265 4375 9734
13636 3413 6515
6515 3413 13636
3413 6515 13636
9356 890 9284
890 9284 9356
9284 890 9356
53 1068 13624
1068 53 13624
13624 53 1068
12061 2140 8750
2140 8750 12061
8750 2140 12061
7579 11442 13635
13635 7579 11442
11442 7579 13635
14098 8575 10964
8575 10964 14098
10964 8575 14098
7228 7400 12394
7400 7228 12394
12394 7228 7400
5192 4273 10090
10090 4273 5192
4273 5192 10090
1992 7220 11013
7220 1992 11013
11013 1992 7220
9805 9359 13099
13099 9359 9805
9359 9805 13099
5311 2433 5295
5295 2433 5311
2433 5295 5311
3647 614 8829
8829 614 3647
614 3647 8829
11846 12993 13934
13934 11846 12993
12993 11846 13934
6352 9191 11493
11493 6352 9191
9191 6352 11493
6935 4166 12648
12648 4166 6935
4166 6935 12648
4263 3833 12335
12335 3833 4263
3833 4263 12335
3615 49 6322
6322 49 3615
49 3615 6322
12595 10265 14483
10265 12595 14483
14483 10265 12595
14830 4014 11124
11124 4014 14830
4014 11124 14830
8976 4880 8603
8603 4880 8976
4880 8603 8976
9006 2396 12053
2396 9006 12053
12053 2396 9006
7834 2130 7747
7747 2130 7834
2130 7747 7834
14150 311 5271
311 5271 14150
5271 311 14150
3903 1389 6946
1389 3903 6946
6946 1389 3903
12344 5101 8878
5101 8878 12344
8878 5101 12344
4682 3177 6821
6821 3177 4682
3177 4682 6821
3987 10174 13167
10174 3987 13167
13167 3987 10174
13204 1059 12679
1059 12679 13204
12679 1059 13204
379 5842 7331
7331 379 5842
5842 379 7331
9951 5680 11625
5680 9951 11625
11625 5680 9951
7810 9009 13278
13278 7810 9009
9009 7810 13278
2870 4390 14178
14178 2870 4390
4390 2870 14178
1965 10766 10859
10859 1965 10766
10766 1965 10859
3640 5314 12116
5314 3640 12116
12116 3640 5314
10170 1796 10092
10092 1796 10170
1796 10092 10170
2610 1252 12027
12027 1252 2610
1252 2610 12027
13010 6079 10271
6079 10271 13010
10271 6079 13010
14202 5833 8897
5833 8897 14202
8897 5833 14202
9691 6494 14993
14993 6494 9691
6494 9691 14993
7764 1897 7602
1897 7602 7764
7602 1897 7764
2260 464 4033
4033 464 2260
464 2260 4033
11088 4048 8685
4048 8685 11088
8685 4048 11088
14962 66 1115
1115 66 14962
66 1115 14962
4663 2131 13965
2131 4663 13965
13965 2131 4663
5514 8481 9049
9049 5514 8481
8481 5514 9049
4157 3129 6709
3129 4157 6709
6709 3129 4157
2922 2759 9523
9523 2759 2922
2759 2922 9523
3980 5495 6674
6674 3980 5495
5495 3980 6674
465 5411 7660
5411 465 7660
7660 465 5411
10587 13742 14057
13742 10587 14057
14057 10587 13742
1434 9228 13135
13135 1434 9228
9228 1434 13135
7016 5242 7721
7721 5242 7016
5242 7016 7721
7472 8421 11450
11450 7472 8421
8421 7472 11450
257 3894 8824
8824 257 3894
3894 257 8824
10297 4404 14911
14911 4404 10297
4404 10297 14911
11253 5247 13594
13594 5247 11253
5247 11253 13594
5886 6806 14459
6806 5886 14459
14459 5886 6806
5990 5925 9339
9339 5925 5990
5925 5990 9339
8194 5564 5802
5564 5802 8194
5802 5564 8194
13301 6435 10929
6435 10929 13301
10929 6435 13301
14393 3365 14630
14630 3365 14393
3365 14393 14630
10841 5243 10443
10443 5243 10841
5243 10443 10841
11509 632 1347
1347 632 11509
632 1347 11509
11443 2995 12412
12412 2995 11443
2995 11443 12412
6461 10669 12642
12642 6461 10669
10669 6461 12642
9726 7586 9520
7586 9520 9726
9520 7586 9726
10683 3706 4915
3706 4915 10683
4915 3706 10683
5611 2750 4862
2750 4862 5611
4862 2750 5611
1219 12176 13148
13148 1219 12176
12176 1219 13148
9733 4869 13553
4869 9733 13553
13553 4869 9733
13067 8752 8797
8797 8752 13067
8752 8797 13067
2424 1929 7511
7511 1929 2424
1929 2424 7511
2848 8532 10072
10072 2848 8532
8532 2848 10072
5160 5911 13201
13201 5160 5911
5911 5160 13201
14704 182 4893
182 4893 14704
4893 182 14704
9413 11842 13132
11842 9413 13132
13132 9413 11842
12743 4934 7753
4934 7753 12743
7753 4934 12743
6528 6894 14796
6894 6528 14796
14796 6528 6894
8706 8574 11303
8574 8706 11303
11303 8574 8706
17 5019 11534
11534 17 5019
5019 17 11534
921 2705 10492
10492 921 2705
2705 921 10492
8595 1143 12601
1143 8595 12601
12601 1143 8595
9994 9080 9969
9080 9969 9994
9969 9080 9994
8301 1024 12694
12694 1024 8301
1024 8301 12694
2837 5447 8171
8171 2837 5447
5447 2837 8171
8250 11831 14543
14543 8250 11831
11831 8250 14543
4250 8582 13920
8582 4250 13920
13920 4250 8582
8713 5844 9035
9035 5844 8713
5844 8713 9035
1903 13138 14276
13138 1903 14276
14276 1903 13138
6192 1198 2963
2963 1198 6192
1198 2963 6192
5517 3511 10239
3511 5517 10239
10239 3511 5517
2452 7365 14943
7365 2452 14943
14943 2452 7365
12773 11084 12903
11084 12773 12903
12903 11084 12773
7084 7623 14640
7623 7084 14640
14640 7084 7623
7420 9632 12904
9632 7420 12904
12904 7420 9632
4720 3275 6987
3275 4720 6987
6987 3275 4720
5228 10346 12497
12497 5228 10346
10346 5228 12497
8724 6749 6905
6905 6749 8724
6749 6905 8724
1238 5596 13021
13021 1238 5596
5596 1238 13021
377 119 1472
1472 119 377
119 377 1472
9275 8676 8799
8676 8799 9275
8799 8676 9275
12989 8355 14936
14936 8355 12989
8355 12989 14936
8023 3597 6721
6721 3597 8023
3597 6721 8023
6795 3200 5594
3200 5594 6795
5594 3200 6795
8817 3308 6033
3308 6033 8817
6033 3308 8817
2044 4120 9892
4120 2044 9892
9892 2044 4120
10135 6015 14808
6015 10135 14808
14808 6015 10135
386 7544 13614
7544 386 13614
13614 386 7544
4271 9488 13746
13746 4271 9488
9488 4271 13746
7565 7836 12623
7836 7565 12623
12623 7565 7836
4041 4138 4703
4703 4041 4138
4138 4041 4703
8946 13002 14711
13002 8946 14711
14711 8946 13002
3999 9757 13737
9757 3999 13737
13737 3999 9757
955 12189 14352
14352 955 12189
12189 955 14352
14312 3114 11858
11858 3114 14312
3114 11858 14312
8138 1595 9423
1595 8138 9423
9423 1595 8138
2296 9586 11165
9586 2296 11165
11165 2296 9586
12594 497 4367
4367 497 12594
497 4367 12594
6149 1995 4320
4320 1995 6149
1995 4320 6149
14706 5417 9434
5417 9434 14706
9434 5417 14706
5913 6897 12441
6897 5913 12441
12441 5913 6897
4738 7089 8166
8166 4738 7089
7089 4738 8166
2398 8990 14803
8990 2398 14803
14803 2398 8990
5509 5202 11763
11763 5202 5509
5202 5509 11763
9676 3284 3301
3301 3284 9676
3284 3301 9676
2135 8775 10406
10406 2135 8775
8775 2135 10406
7178 8000 14277
14277 7178 8000
8000 7178 14277
7439 7032 14321
14321 7032 7439
7032 7439 14321
7912 8646 13804
13804 7912 8646
8646 7912 13804
9186 6353 7750
7750 6353 9186
6353 7750 9186
9614 1501 8868
1501 8868 9614
8868 1501 9614
2753 1669 14648
1669 2753 14648
14648 1669 2753
11782 11452 14511
14511 11452 11782
11452 11782 14511
4454 3834 9021
3834 4454 9021
9021 3834 4454
9181 6193 11736
6193 9181 11736
11736 6193 9181
9502 4794 6706
4794 6706 9502
6706 4794 9502
11207 5203 6343
6343 5203 11207
5203 6343 11207
10274 4394 7474
4394 7474 10274
7474 4394 10274
388 2924 7571
2924 388 7571
7571 388 2924
1335 6475 11833
11833 1335 6475
6475 1335 11833
5140 3094 5927
5927 3094 5140
3094 5140 5927
14776 7214 12893
7214 12893 14776
12893 7214 14776
1960 6859 11448
6859 1960 11448
11448 1960 6859
10869 3005 4478
3005 4478 10869
4478 3005 10869
8124 717 14944
717 8124 14944
14944 717 8124
8577 4311 4680
4680 4311 8577
4311 4680 8577
8378 634 7161
634 7161 8378
7161 634 8378
1328 474 9686
9686 474 1328
474 1328 9686
2614 11824 12534
12534 2614 11824
11824 2614 12534
5997 1573 3688
3688 1573 5997
1573 3688 5997
12689 2203 13008
13008 2203 12689
2203 12689 13008
9844 4952 7507
7507 4952 9844
4952 7507 9844
3446 11926 14129
14129 3446 11926
11926 3446 14129
13795 12341 13380
13380 12341 13795
12341 13380 13795
7763 2560 11473
11473 2560 7763
2560 7763 11473
1747 4497 7486
7486 1747 4497
4497 1747 7486
1670 10896 11573
11573 1670 10896
10896 1670 11573
7978 8534 13641
8534 7978 13641
13641 7978 8534
739 10959 13834
10959 739 13834
13834 739 10959
3038 8245 11921
8245 3038 11921
11921 3038 8245
14895 3216 11170
11170 3216 14895
3216 11170 14895
5937 5451 11064
11064 5451 5937
5451 5937 11064
1907 5979 13476
13476 1907 5979
5979 1907 13476
2997 5039 8948
8948 2997 5039
5039 2997 8948
8225 3820 10460
3820 8225 10460
10460 3820 8225
5557 11256 11477
11256 5557 11477
11477 5557 11256
3417 9151 10516
9151 3417 10516
10516 3417 9151
6238 10403 13400
10403 6238 13400
13400 6238 10403
10084 3527 9942
3527 9942 10084
9942 3527 10084
489 2236 5483
5483 489 2236
2236 489 5483
4115 9884 11605
11605 4115 9884
9884 4115 11605
14750 5255 10345
5255 10345 14750
10345 5255 14750
6337 2678 5852
5852 2678 6337
2678 5852 6337
10913 1453 2445
1453 2445 10913
2445 1453 10913
12509 3159 6921
3159 6921 12509
6921 3159 12509
10919 120 10375
120 10375 10919
10375 120 10919
7619 2441 9070
2441 7619 9070
9070 2441 7619
2214 8389 11876
11876 2214 8389
8389 2214 11876
8049 3028 14009
3028 8049 14009
14009 3028 8049
5818 2643 9016
2643 5818 9016
9016 2643 5818
4916 3040 14404
14404 3040 4916
3040 4916 14404
10306 202 1757
202 1757 10306
1757 202 10306
12273 4818 7004
7004 4818 12273
4818 7004 12273
9741 6041 7148
7148 6041 9741
6041 7148 9741
10614 7575 10643
7575 10614 10643
10643 7575 10614
1129 2508 13409
2508 1129 13409
13409 1129 2508
12125 7467 10531
7467 10531 12125
10531 7467 12125
10814 1108 9773
9773 1108 10814
1108 9773 10814
6189 12944 13968
12944 6189 13968
13968 6189 12944
3592 4824 6483
4824 3592 6483
6483 3592 4824
9886 14752 14915
14915 9886 14752
14752 9886 14915
376 7269 10044
10044 376 7269
7269 376 10044
6503 5676 13450
5676 6503 13450
13450 5676 6503
7458 9304 9878
9878 7458 9304
9304 7458 9878
6294 3459 11661
3459 6294 11661
11661 3459 6294
740 154 11859
11859 154 740
154 740 11859
755 3975 10580
10580 755 3975
3975 755 10580
11434 2326 10504
2326 10504 11434
10504 2326 11434
430 9812 12040
9812 430 12040
12040 430 9812
12616 1356 6956
1356 6956 12616
6956 1356 12616
3554 114 6340
114 3554 6340
6340 114 3554
8077 1761 12302
12302 1761 8077
1761 8077 12302
6736 3374 13879
13879 3374 6736
3374 6736 13879
3241 1125 2805
2805 1125 3241
1125 2805 3241
4246 2976 3422
2976 3422 4246
3422 2976 4246
9500 8753 9912
9912 8753 9500
8753 9500 9912
2763 4103 11814
11814 2763 4103
4103 2763 11814
13776 5392 9880
9880 5392 13776
5392 9880 13776
6422 7436 8198
8198 6422 7436
7436 6422 8198
11380 692 1314
692 1314 11380
1314 692 11380
7545 1393 6586
1393 6586 7545
6586 1393 7545
8217 9511 14042
9511 8217 14042
14042 8217 9511
13193 268 11498
11498 268 13193
268 11498 13193
5655 2269 2365
2269 2365 5655
2365 2269 5655
9749 3259 14330
3259 9749 14330
14330 3259 9749
11747 6872 7454
7454 6872 11747
6872 7454 11747
10190 10481 12819
12819 10190 10481
10481 10190 12819
96 1363 10810
10810 96 1363
1363 96 10810
115 11936 14835
14835 115 11936
11936 115 14835
9077 1131 14517
14517 1131 9077
1131 9077 14517
12330 6071 11412
6071 11412 12330
11412 6071 12330
10827 82 12525
82 10827 12525
12525 82 10827
12410 8307 11346
11346 8307 12410
8307 11346 12410
10229 9379 11260
11260 9379 10229
9379 10229 11260
8117 3166 10429
3166 8117 10429
10429 3166 8117
35 5731 9270
5731 35 9270
9270 35 5731
8065 636 13917
13917 636 8065
636 8065 13917
2656 2220 7075
2220 2656 7075
7075 2220 2656
13829 735 3389
735 3389 13829
3389 735 13829
221 829 12999
12999 221 829
829 221 12999
2606 7767 11728
7767 2606 11728
11728 2606 7767
14071 7310 13886
13886 7310 14071
7310 13886 14071
13724 3029 3316
3029 3316 13724
3316 3029 13724
8519 1016 12250
1016 8519 12250
12250 1016 8519
13485 2608 9308
2608 9308 13485
9308 2608 13485
5537 2740 11733
11733 2740 5537
2740 5537 11733
11675 3712 8038
3712 8038 11675
8038 3712 11675
6622 7894 13729
7894 6622 13729
13729 6622 7894
7953 6179 13863
6179 7953 13863
13863 6179 7953
1029 2069 12748
2069 1029 12748
12748 1029 2069
3452 10928 14575
10928 3452 14575
14575 3452 10928
14948 11607 13979
13979 11607 14948
11607 13979 14948
12256 6495 10124
6495 10124 12256
10124 6495 12256
3049 8320 12231
8320 3049 12231
12231 3049 8320
4418 6731 13926
6731 4418 13926
13926 4418 6731
10217 2980 3831
3831 2980 10217
2980 3831 10217
14211 7445 11224
11224 7445 14211
7445 11224 14211
7167 1809 5410
5410 1809 7167
1809 5410 7167
7638 9125 11553
9125 7638 11553
11553 7638 9125
2983 13508 14338
13508 2983 14338
14338 2983 13508
7477 9258 14201
9258 7477 14201
14201 7477 9258
8693 2143 6984
6984 2143 8693
2143 6984 8693
13973 8304 9483
8304 9483 13973
9483 8304 13973
14527 985 11345
11345 985 14527
985 11345 14527
1300 408 7240
408 1300 7240
7240 408 1300
13924 9696 11318
11318 9696 13924
9696 11318 13924
6106 3189 13391
13391 3189 6106
3189 6106 13391
6168 1735 7769
1735 6168 7769
7769 1735 6168
9265 8306 12502
12502 8306 9265
8306 9265 12502
7538 92 1228
92 1228 7538
1228 92 7538
39 1482 2222
2222 39 1482
1482 39 2222
6977 87 14624
14624 87 6977
87 6977 14624
946 9537 12925
12925 946 9537
9537 946 12925
14283 743 12496
12496 743 14283
743 12496 14283
13 3372 12727
12727 13 3372
3372 13 12727
11883 4532 6114
6114 4532 11883
4532 6114 11883
9107 999 11630
11630 999 9107
999 9107 11630
6296 2561 10995
2561 6296 10995
10995 2561 6296
6587 5048 12416
12416 5048 6587
5048 6587 12416
3035 3947 8873
8873 3035 3947
3947 3035 8873
10424 5867 11865
5867 10424 11865
11865 5867 10424
2534 6941 14566
6941 2534 14566
14566 2534 6941
10000 11518 12683
12683 10000 11518
11518 10000 12683
356 4093 7384
4093 356 7384
7384 356 4093
9806 365 14012
365 9806 14012
14012 365 9806
5195 3771 10536
10536 3771 5195
3771 5195 10536
4601 2972 12996
2972 4601 12996
12996 2972 4601
8637 6240 8174
6240 8174 8637
8174 6240 8637
8906 8418 12007
8418 8906 12007
12007 8418 8906
7578 10817 14654
10817 7578 14654
14654 7578 10817
10779 2066 7487
2066 7487 10779
7487 2066 10779
10169 8960 14851
8960 10169 14851
14851 8960 10169
12135 6382 12167
12167 6382 12135
6382 12135 12167
7139 6555 12506
6555 7139 12506
12506 6555 7139
5069 2865 14969
2865 5069 14969
14969 2865 5069
7542 3692 12067
12067 3692 7542
3692 7542 12067
12269 2312 6431
6431 2312 12269
2312 6431 12269
10938 6477 10783
6477 10783 10938
10783 6477 10938
11460 8420 9536
9536 8420 11460
8420 9536 11460
11726 4169 7964
4169 7964 11726
7964 4169 11726
8845 10887 13884
10887 8845 13884
13884 8845 10887
3721 13438 14163
13438 3721 14163
14163 3721 13438
2581 9237 13604
9237 2581 13604
13604 2581 9237
1362 6187 7198
6187 1362 7198
7198 1362 6187
11914 181 9863
181 9863 11914
9863 181 11914
3950 3084 12467
3084 3950 12467
12467 3084 3950
14996 6359 11978
6359 11978 14996
11978 6359 14996
9728 5113 10248
5113 9728 10248
10248 5113 9728
4006 8696 11676
8696 4006 11676
11676 4006 8696
13475 9352 12650
9352 12650 13475
12650 9352 13475
3780 690 13956
13956 690 3780
690 3780 13956
11062 5132 14039
14039 5132 11062
5132 11062 14039
9579 8343 9866
9866 8343 9579
8343 9579 9866
5775 2126 2729
2126 2729 5775
2729 2126 5775
3944 4222 14475
14475 3944 4222
4222 3944 14475
8035 5717 7189
5717 7189 8035
7189 5717 8035
3359 771 12774
771 3359 12774
12774 771 3359
10747 163 5840
5840 163 10747
163 5840 10747
14736 4335 9801
9801 4335 14736
4335 9801 14736
3195 1429 7929
1429 3195 7929
7929 1429 3195
713 5753 13281
13281 713 5753
5753 713 13281
12730 3243 12787
12787 3243 12730
3243 12730 12787
7900 313 7803
7803 313 7900
313 7803 7900
11944 5349 13299
5349 11944 13299
13299 5349 11944
11243 5823 14062
14062 5823 11243
5823 11243 14062
900 12747 14274
14274 900 12747
12747 900 14274
11180 6316 10101
10101 6316 11180
6316 10101 11180
7572 4647 6579
4647 6579 7572
6579 4647 7572
14036 2127 13661
2127 13661 14036
13661 2127 14036
5181 7321 14921
14921 5181 7321
7321 5181 14921
11958 5726 11601
11601 5726 11958
5726 11601 11958
12043 4793 7342
4793 7342 12043
7342 4793 12043
8152 4062 13095
13095 4062 8152
4062 8152 13095
12557 3229 13253
13253 3229 12557
3229 12557 13253
14083 11655 13867
13867 11655 14083
11655 13867 14083
886 8137 13313
8137 886 13313
13313 886 8137
1865 1787 7258
7258 1787 1865
1787 1865 7258
8147 9588 12626
12626 8147 9588
9588 8147 12626
3180 4611 8219
8219 3180 4611
4611 3180 8219
3022 6855 11003
11003 3022 6855
6855 3022 11003
5223 7031 12609
7031 5223 12609
12609 5223 7031
10584 7904 11279
7904 10584 11279
11279 7904 10584
2231 6143 11659
11659 2231 6143
6143 2231 11659
11103 10404 13372
13372 10404 11103
10404 11103 13372
2098 11955 13912
13912 2098 11955
11955 2098 13912
8098 11218 12565
12565 8098 11218
11218 8098 12565
13547 3427 11529
3427 11529 13547
11529 3427 13547
1905 4657 8972
4657 1905 8972
8972 1905 4657
14885 2314 5955
2314 5955 14885
5955 2314 14885
13752 7949 9802
7949 9802 13752
9802 7949 13752
5331 1572 4539
1572 4539 5331
4539 1572 5331
7604 10310 12248
12248 7604 10310
10310 7604 12248
10328 1471 14762
14762 1471 10328
1471 10328 14762
1543 10624 11811
11811 1543 10624
10624 1543 11811
6578 2216 7109
7109 2216 6578
2216 6578 7109
3636 8336 14235
14235 3636 8336
8336 3636 14235
9597 5310 13142
13142 5310 9597
5310 9597 13142
2273 8482 11612
11612 2273 8482
8482 2273 11612
6441 5640 5692
5640 5692 6441
5692 5640 6441
4769 4381 9119
9119 4381 4769
4381 4769 9119
12866 8396 8790
8396 8790 12866
8790 8396 12866
6052 1088 6917
1088 6052 6917
6917 1088 6052
10952 7387 11986
11986 7387 10952
7387 10952 11986
11602 3931 11888
11888 3931 11602
3931 11602 11888
11419 2344 11314
2344 11314 11419
11314 2344 11419
10704 1033 1593
1033 1593 10704
1593 1033 10704
13758 6184 8491
8491 6184 13758
6184 8491 13758
67 2726 9377
2726 67 9377
9377 67 2726
5458 3057 5489
5489 3057 5458
3057 5458 5489
8811 11388 13821
13821 8811 11388
11388 8811 13821
1321 3669 12674
12674 1321 3669
3669 1321 12674
2118 3178 11594
11594 2118 3178
3178 2118 11594
3774 4761 4922
4761 3774 4922
4922 3774 4761
10199 9745 11438
11438 9745 10199
9745 10199 11438
9827 1111 9961
1111 9827 9961
9961 1111 9827
8199 3387 7724
7724 3387 8199
3387 7724 8199
7205 8642 14898
8642 7205 14898
14898 7205 8642
10176 4963 14361
4963 10176 14361
14361 4963 10176
5197 7279 13959
13959 5197 7279
7279 5197 13959
13892 2877 9541
2877 9541 13892
9541 2877 13892
7217 6434 9185
9185 6434 7217
6434 7217 9185
4762 1456 14073
1456 4762 14073
14073 1456 4762
4036 2752 8808
8808 2752 4036
2752 4036 8808
3179 3345 9065
9065 3179 3345
3345 3179 9065
5742 4534 14251
14251 4534 5742
4534 5742 14251
1210 108 1950
108 1210 1950
1950 108 1210
7265 6038 10657
10657 6038 7265
6038 7265 10657
9824 1928 11114
1928 9824 11114
11114 1928 9824
6650 9960 14503
9960 6650 14503
14503 6650 9960
6819 3516 8455
8455 3516 6819
3516 6819 8455
3605 433 9234
433 3605 9234
9234 433 3605
1567 14574 14732
14574 1567 14732
14732 1567 14574
2119 577 1360
577 1360 2119
1360 577 2119
3677 9213 9229
9213 3677 9229
9229 3677 9213
3056 233 14562
233 3056 14562
14562 233 3056
253 468 13878
468 253 13878
13878 253 468
13027 2946 14871
14871 2946 13027
2946 13027 14871
6938 11467 14546
14546 6938 11467
11467 6938 14546
5393 5663 9378
9378 5393 5663
5663 5393 9378
13781 170 12750
12750 170 13781
170 12750 13781
12637 936 13250
13250 936 12637
936 12637 13250
5591 1182 5111
1182 5111 5591
5111 1182 5591
7835 1813 3784
3784 1813 7835
1813 3784 7835
1493 1789 10664
1789 1493 10664
10664 1493 1789
14389 7476 13173
13173 7476 14389
7476 13173 14389
13265 2528 8553
2528 8553 13265
8553 2528 13265
5772 1343 6903
6903 1343 5772
1343 5772 6903
13990 59 2683
2683 59 13990
59 2683 13990
1763 2680 5540
5540 1763 2680
2680 1763 5540
2083 10555 11519
10555 2083 11519
11519 2083 10555
12934 677 4525
677 4525 12934
4525 677 12934
11430 8966 13667
8966 11430 13667
13667 8966 11430
2426 3332 9084
9084 2426 3332
3332 2426 9084
14538 1818 10738
1818 10738 14538
10738 1818 14538
8591 1980 5087
1980 5087 8591
5087 1980 8591
10966 13436 14894
14894 10966 13436
13436 10966 14894
174 6127 11901
11901 174 6127
6127 174 11901
14942 305 2247
305 2247 14942
2247 305 14942
14044 2043 13255
