4573 474 8333
474 4573 8333
8333 474 4573
11180 1735 3035
1735 3035 11180
3035 1735 11180
9050 4851 5122
4851 5122 9050
5122 4851 9050
12523 833 10883
833 10883 12523
10883 833 12523
8687 2941 10424
2941 8687 10424
10424 2941 8687
7478 11535 14583
11535 7478 14583
14583 7478 11535
188 12030 12486
12486 188 12030
12030 188 12486
13410 10835 13017
10835 13017 13410
13017 10835 13410
5777 3365 7673
3365 5777 7673
7673 3365 5777
11723 518 9227
9227 518 11723
518 9227 11723
4767 2379 9479
2379 4767 9479
9479 2379 4767
11115 3393 9010
9010 3393 11115
3393 9010 11115
12296 1149 7131
1149 7131 12296
7131 1149 12296
11020 2729 4911
4911 2729 11020
2729 4911 11020
1702 4992 5658
5658 1702 4992
4992 1702 5658
14055 2865 11284
11284 2865 14055
2865 11284 14055
10960 8394 12734
8394 10960 12734
12734 8394 10960
14017 3252 14880
14880 3252 14017
3252 14017 14880
13460 4419 11281
11281 4419 13460
4419 11281 13460
2239 153 4897
153 2239 4897
4897 153 2239
6188 3825 14044
3825 6188 14044
14044 3825 6188
1540 3668 13484
3668 1540 13484
13484 1540 3668
7534 1513 2534
2534 1513 7534
1513 2534 7534
2170 873 4616
4616 873 2170
873 2170 4616
8891 2043 3898
3898 2043 8891
2043 3898 8891
687 3069 7038
3069 687 7038
7038 687 3069
1116 5836 11876
11876 1116 5836
5836 1116 11876
807 719 8904
8904 719 807
719 807 8904
8358 3678 10206
3678 8358 10206
10206 3678 8358
13083 10218 13993
13993 10218 13083
10218 13083 13993
9588 5293 6787
5293 6787 9588
6787 5293 9588
9213 3003 3203
3003 3203 9213
3203 3003 9213
3887 13133 13331
13133 3887 13331
13331 3887 13133
5436 5778 13696
13696 5436 5778
5778 5436 13696
10589 5887 11606
5887 10589 11606
11606 5887 10589
11647 2846 8500
2846 8500 11647
8500 2846 11647
3514 1876 8631
1876 3514 8631
8631 1876 3514
7996 2324 13433
13433 2324 7996
2324 7996 13433
12758 2634 10227
2634 10227 12758
10227 2634 12758
507 2922 7756
7756 507 2922
2922 507 7756
12476 4656 9334
9334 4656 12476
4656 9334 12476
4487 2072 13073
2072 4487 13073
13073 2072 4487
6220 11013 13493
13493 6220 11013
11013 6220 13493
11434 1717 9156
1717 9156 11434
9156 1717 11434
6085 105 8670
105 6085 8670
8670 105 6085
1767 127 14942
14942 127 1767
127 1767 14942
4389 4776 11316
4776 4389 11316
11316 4389 4776
13534 8084 14222
14222 8084 13534
8084 13534 14222
669 9700 13099
9700 669 13099
13099 669 9700
7438 2075 9551
9551 2075 7438
2075 7438 9551
9714 8 1289
8 1289 9714
1289 8 9714
5078 1979 12439
1979 5078 12439
12439 1979 5078
8598 201 6801
201 6801 8598
6801 201 8598
4212 3642 8276
8276 3642 4212
3642 4212 8276
10158 3067 6381
3067 6381 10158
6381 3067 10158
6000 10897 11335
11335 6000 10897
10897 6000 11335
911 9356 12136
12136 911 9356
9356 911 12136
432 1552 1674
1552 432 1674
1674 432 1552
6826 2989 11249
2989 6826 11249
11249 2989 6826
9723 11566 11755
11755 9723 11566
11566 9723 11755
6040 1609 4393
4393 1609 6040
1609 4393 6040
1786 9764 11321
11321 1786 9764
9764 1786 11321
7217 6136 8746
6136 7217 8746
8746 6136 7217
13483 11286 11595
11595 11286 13483
11286 11595 13483
13921 14164 14824
14164 13921 14824
14824 13921 14164
3119 10500 11999
10500 3119 11999
11999 3119 10500
13212 11386 13201
11386 13201 13212
13201 11386 13212
11662 4284 5973
4284 5973 11662
5973 4284 11662
13299 13346 13933
13346 13299 13933
13933 13299 13346
5318 4154 4592
4154 4592 5318
4592 4154 5318
10460 716 11583
716 10460 11583
11583 716 10460
7752 3565 8971
3565 7752 8971
8971 3565 7752
6058 324 4541
4541 324 6058
324 4541 6058
3140 7376 13907
13907 3140 7376
7376 3140 13907
8506 78 1606
78 1606 8506
1606 78 8506
1961 4126 8136
4126 1961 8136
8136 1961 4126
10617 1646 13899
1646 10617 13899
13899 1646 10617
10301 4103 12297
4103 10301 12297
12297 4103 10301
4607 12488 14850
14850 4607 12488
12488 4607 14850
2152 3933 13574
3933 2152 13574
13574 2152 3933
8569 8766 13852
8766 8569 13852
13852 8569 8766
10484 3834 6848
3834 6848 10484
6848 3834 10484
13827 1637 14869
1637 13827 14869
14869 1637 13827
2772 5306 12624
12624 2772 5306
5306 2772 12624
1328 3655 13883
13883 1328 3655
3655 1328 13883
7745 3155 9803
3155 7745 9803
9803 3155 7745
60 5055 13207
13207 60 5055
5055 60 13207
13824 6023 14362
14362 6023 13824
6023 13824 14362
3112 1719 11332
1719 3112 11332
11332 1719 3112
2017 3196 4926
4926 2017 3196
3196 2017 4926
11790 8779 9694
8779 9694 11790
9694 8779 11790
10871 8830 9350
8830 9350 10871
9350 8830 10871
7769 6942 11393
11393 6942 7769
6942 7769 11393
6120 892 11946
11946 892 6120
892 6120 11946
6430 6707 8919
6707 6430 8919
8919 6430 6707
2171 4700 12781
12781 2171 4700
4700 2171 12781
1530 3629 4863
4863 1530 3629
3629 1530 4863
4341 8140 11516
11516 4341 8140
8140 4341 11516
5264 9927 14790
9927 5264 14790
14790 5264 9927
1725 556 4009
4009 556 1725
556 1725 4009
3493 5685 13690
5685 3493 13690
13690 3493 5685
86 1061 9577
9577 86 1061
1061 86 9577
7158 3599 9676
9676 3599 7158
3599 7158 9676
2019 4474 8867
8867 2019 4474
4474 2019 8867
8922 7696 9380
7696 8922 9380
9380 7696 8922
10682 12705 13233
12705 10682 13233
13233 10682 12705
1394 2101 5619
2101 1394 5619
5619 1394 2101
10136 3730 7946
7946 3730 10136
3730 7946 10136
10086 12287 14165
12287 10086 14165
14165 10086 12287
7432 9815 12793
12793 7432 9815
9815 7432 12793
12623 31 13997
13997 31 12623
31 12623 13997
12508 4826 8370
4826 8370 12508
8370 4826 12508
6602 6976 6999
6999 6602 6976
6976 6602 6999
4952 2366 12828
2366 4952 12828
12828 2366 4952
3650 6739 7981
7981 3650 6739
6739 3650 7981
12943 6935 14284
6935 12943 14284
14284 6935 12943
7120 2386 12336
2386 7120 12336
12336 2386 7120
9197 5488 14133
5488 9197 14133
14133 5488 9197
3718 13715 14955
14955 3718 13715
13715 3718 14955
876 11642 13341
13341 876 11642
11642 876 13341
9772 8160 11233
8160 9772 11233
11233 8160 9772
1969 5561 10991
5561 1969 10991
10991 1969 5561
607 703 14937
14937 607 703
703 607 14937
12606 6975 13128
13128 6975 12606
6975 12606 13128
11095 14115 14511
14511 11095 14115
14115 11095 14511
11672 13625 14659
14659 11672 13625
13625 11672 14659
2881 5403 8883
8883 2881 5403
5403 2881 8883
12797 133 11989
11989 133 12797
133 11989 12797
8980 3135 9342
3135 8980 9342
9342 3135 8980
8612 1555 2223
1555 2223 8612
2223 1555 8612
5136 1206 2533
2533 1206 5136
1206 2533 5136
49 8568 13060
13060 49 8568
8568 49 13060
9352 4705 8120
8120 4705 9352
4705 8120 9352
11075 4445 12047
4445 11075 12047
12047 4445 11075
14129 4019 9346
4019 9346 14129
9346 4019 14129
5896 10786 11202
11202 5896 10786
10786 5896 11202
7507 1475 7121
7121 1475 7507
1475 7121 7507
6774 2842 3375
2842 3375 6774
3375 2842 6774
1034 8976 10116
8976 1034 10116
10116 1034 8976
4108 13023 13523
13023 4108 13523
13523 4108 13023
12778 12088 14886
14886 12088 12778
12088 12778 14886
10976 5193 12856
12856 5193 10976
5193 10976 12856
6641 4724 13476
13476 4724 6641
4724 6641 13476
9143 2795 9546
2795 9143 9546
9546 2795 9143
14184 2159 9319
9319 2159 14184
2159 9319 14184
8872 3006 6789
3006 6789 8872
6789 3006 8872
4830 1302 11426
1302 4830 11426
11426 1302 4830
7500 1331 1403
1331 1403 7500
1403 1331 7500
7788 3909 7153
3909 7153 7788
7153 3909 7788
14633 663 14663
14663 663 14633
663 14633 14663
2240 11201 12133
12133 2240 11201
11201 2240 12133
51 4316 10693
4316 51 10693
10693 51 4316
4373 7135 9801
7135 4373 9801
9801 4373 7135
1341 883 4314
4314 883 1341
883 1341 4314
3922 2823 10292
10292 2823 3922
2823 3922 10292
10468 1464 5031
5031 1464 10468
1464 5031 10468
712 231 12122
231 712 12122
12122 231 712
12396 1835 14325
14325 1835 12396
1835 12396 14325
8667 84 9737
84 8667 9737
9737 84 8667
10345 2472 8990
8990 2472 10345
2472 8990 10345
14274 779 2403
779 2403 14274
2403 779 14274
2217 3184 7100
7100 2217 3184
3184 2217 7100
7715 8465 14530
14530 7715 8465
8465 7715 14530
3123 8683 9121
8683 3123 9121
9121 3123 8683
7765 5734 8220
8220 5734 7765
5734 7765 8220
8509 1754 12612
12612 1754 8509
1754 8509 12612
13406 8798 9241
9241 8798 13406
8798 9241 13406
3023 1211 4805
1211 3023 4805
4805 1211 3023
7519 679 9965
9965 679 7519
679 7519 9965
6496 12645 12649
12645 6496 12649
12649 6496 12645
6194 7627 14236
14236 6194 7627
7627 6194 14236
695 1107 12731
1107 695 12731
12731 695 1107
4563 8176 12364
8176 4563 12364
12364 4563 8176
4131 825 7027
825 4131 7027
7027 825 4131
6233 861 9619
861 6233 9619
9619 861 6233
8006 3056 10420
10420 3056 8006
3056 8006 10420
6272 10543 14007
10543 6272 14007
14007 6272 10543
8143 4663 8313
4663 8143 8313
8313 4663 8143
3815 2410 8988
8988 2410 3815
2410 3815 8988
2687 3964 8488
8488 2687 3964
3964 2687 8488
7093 2664 4463
4463 2664 7093
2664 4463 7093
9836 4940 7899
7899 4940 9836
4940 7899 9836
11092 9513 14149
9513 11092 14149
14149 9513 11092
14387 4380 14614
4380 14387 14614
14614 4380 14387
1238 9592 11765
11765 1238 9592
9592 1238 11765
2563 9442 11117
11117 2563 9442
9442 2563 11117
3580 11515 11842
11842 3580 11515
11515 3580 11842
302 298 4066
298 302 4066
4066 298 302
9245 5033 14203
14203 5033 9245
5033 9245 14203
4326 5205 10183
10183 4326 5205
5205 4326 10183
5744 4670 7317
7317 4670 5744
4670 5744 7317
8161 2283 9669
9669 2283 8161
2283 8161 9669
3826 494 8452
494 3826 8452
8452 494 3826
4359 10674 11210
11210 4359 10674
10674 4359 11210
10818 24 11938
11938 24 10818
24 10818 11938
9219 794 12983
794 9219 12983
12983 794 9219
6750 12120 14965
12120 6750 14965
14965 6750 12120
1918 4390 6042
6042 1918 4390
4390 1918 6042
1910 4202 7495
7495 1910 4202
4202 1910 7495
8997 1301 12459
1301 8997 12459
12459 1301 8997
754 5709 6368
5709 754 6368
6368 754 5709
6472 11059 11942
11942 6472 11059
11059 6472 11942
14700 8427 13486
8427 13486 14700
13486 8427 14700
6018 2095 14932
2095 6018 14932
14932 2095 6018
1453 8520 11882
8520 1453 11882
11882 1453 8520
8764 371 9903
9903 371 8764
371 8764 9903
1373 5601 14444
14444 1373 5601
5601 1373 14444
2783 8025 8807
8025 2783 8807
8807 2783 8025
6167 285 12633
285 6167 12633
12633 285 6167
951 2372 6882
2372 951 6882
6882 951 2372
3070 9506 13651
9506 3070 13651
13651 3070 9506
13114 8754 10453
10453 8754 13114
8754 10453 13114
6265 4024 4421
4024 4421 6265
4421 4024 6265
2199 1677 9269
9269 1677 2199
1677 2199 9269
10536 7643 14988
14988 7643 10536
7643 10536 14988
965 7969 14908
14908 965 7969
7969 965 14908
10735 2967 11892
2967 10735 11892
11892 2967 10735
10036 13322 14027
13322 10036 14027
14027 10036 13322
7516 6545 10911
6545 7516 10911
10911 6545 7516
5447 2052 2994
2052 2994 5447
2994 2052 5447
14071 2421 14355
2421 14071 14355
14355 2421 14071
8604 9329 12292
9329 8604 12292
12292 8604 9329
1618 3631 13777
13777 1618 3631
3631 1618 13777
5548 1413 12142
1413 5548 12142
12142 1413 5548
13208 7490 11299
11299 7490 13208
7490 11299 13208
916 4929 11002
11002 916 4929
4929 916 11002
6260 7463 10215
10215 6260 7463
7463 6260 10215
12011 1962 9341
1962 9341 12011
9341 1962 12011
4139 2470 2949
2470 2949 4139
2949 2470 4139
9916 136 13231
13231 136 9916
136 9916 13231
108 4411 12085
12085 108 4411
4411 108 12085
14767 1582 3649
1582 3649 14767
3649 1582 14767
3659 4472 8151
4472 3659 8151
8151 3659 4472
6323 649 7809
7809 649 6323
649 6323 7809
3021 6352 13155
13155 3021 6352
6352 3021 13155
7661 7940 13213
7940 7661 13213
13213 7661 7940
14340 3660 4243
4243 3660 14340
3660 4243 14340
1784 3263 11631
3263 1784 11631
11631 1784 3263
1746 6025 12542
6025 1746 12542
12542 1746 6025
4141 442 11328
442 4141 11328
11328 442 4141
3704 8125 10436
10436 3704 8125
8125 3704 10436
12106 279 10767
279 10767 12106
10767 279 12106
8274 1154 12036
12036 1154 8274
1154 8274 12036
2481 5214 6028
6028 2481 5214
5214 2481 6028
9116 2122 12551
12551 2122 9116
2122 9116 12551
13681 1571 12605
12605 1571 13681
1571 12605 13681
562 4376 7581
4376 562 7581
7581 562 4376
658 6945 12939
12939 658 6945
6945 658 12939
177 1307 9070
9070 177 1307
1307 177 9070
14047 1850 7483
1850 7483 14047
7483 1850 14047
8600 608 5547
608 5547 8600
5547 608 8600
10404 7850 9021
9021 7850 10404
7850 9021 10404
14775 2191 12481
12481 2191 14775
2191 12481 14775
624 875 3539
875 624 3539
3539 624 875
9752 2006 10567
2006 9752 10567
10567 2006 9752
11112 9758 12981
9758 11112 12981
12981 9758 11112
4589 5790 14949
14949 4589 5790
5790 4589 14949
12890 3686 10954
3686 10954 12890
10954 3686 12890
4546 8580 10272
8580 4546 10272
10272 4546 8580
5368 2077 8785
2077 5368 8785
8785 2077 5368
14971 2885 5653
2885 5653 14971
5653 2885 14971
11526 9881 12101
12101 9881 11526
9881 11526 12101
10895 1306 6155
1306 6155 10895
6155 1306 10895
117 6187 14009
14009 117 6187
6187 117 14009
14283 5375 13703
13703 5375 14283
5375 13703 14283
14217 5654 8784
8784 5654 14217
5654 8784 14217
5308 3092 7556
3092 5308 7556
7556 3092 5308
1346 12380 14034
14034 1346 12380
12380 1346 14034
13403 2940 10515
2940 10515 13403
10515 2940 13403
2821 3726 4738
4738 2821 3726
3726 2821 4738
5767 6555 10306
10306 5767 6555
6555 5767 10306
1572 3893 6410
3893 1572 6410
6410 1572 3893
8587 5916 7245
7245 5916 8587
5916 7245 8587
12639 9328 11950
11950 9328 12639
9328 11950 12639
6501 3733 12319
3733 6501 12319
12319 3733 6501
2344 758 2770
758 2344 2770
2770 758 2344
11356 1140 9611
1140 9611 11356
9611 1140 11356
7373 1447 6995
6995 1447 7373
1447 6995 7373
13749 2208 13655
2208 13655 13749
13655 2208 13749
5357 5234 10523
5234 5357 10523
10523 5234 5357
8450 7744 9314
7744 8450 9314
9314 7744 8450
7596 3852 6912
6912 3852 7596
3852 6912 7596
4549 6291 7250
7250 4549 6291
6291 4549 7250
1620 459 11800
459 1620 11800
11800 459 1620
11648 40 4305
4305 40 11648
40 4305 11648
11689 3243 9285
3243 9285 11689
9285 3243 11689
633 4342 12610
4342 633 12610
12610 633 4342
9730 5127 6138
6138 5127 9730
5127 6138 9730
8083 4977 11919
4977 8083 11919
11919 4977 8083
1459 1629 10228
10228 1459 1629
1629 1459 10228
1601 11676 12426
11676 1601 12426
12426 1601 11676
4386 2300 12703
12703 2300 4386
2300 4386 12703
12103 1989 12062
12062 1989 12103
1989 12062 12103
2587 7777 14550
7777 2587 14550
14550 2587 7777
13641 2083 2684
2684 2083 13641
2083 2684 13641
9359 9608 10997
9608 9359 10997
10997 9359 9608
12196 5413 13165
5413 12196 13165
13165 5413 12196
8351 7783 10171
10171 7783 8351
7783 8351 10171
4200 3557 13398
3557 4200 13398
13398 3557 4200
6854 2928 5961
2928 5961 6854
5961 2928 6854
11596 9891 11123
11123 9891 11596
9891 11123 11596
14698 4712 10328
4712 10328 14698
10328 4712 14698
2022 8210 10251
10251 2022 8210
8210 2022 10251
13507 3870 7089
7089 3870 13507
3870 7089 13507
4623 4477 4969
4477 4623 4969
4969 4477 4623
4936 3914 10811
10811 3914 4936
3914 4936 10811
2764 5534 12957
5534 2764 12957
12957 2764 5534
11557 9436 13793
13793 9436 11557
9436 11557 13793
5705 3944 5508
5508 3944 5705
3944 5508 5705
5793 9806 10716
9806 5793 10716
10716 5793 9806
6993 3777 11967
11967 3777 6993
3777 6993 11967
5822 9993 13566
13566 5822 9993
9993 5822 13566
6392 6460 13718
13718 6392 6460
6460 6392 13718
12330 4620 6390
6390 4620 12330
4620 6390 12330
3842 9717 11678
11678 3842 9717
9717 3842 11678
4118 832 7247
7247 832 4118
832 4118 7247
7491 870 13027
870 7491 13027
13027 870 7491
3194 179 4556
4556 179 3194
179 3194 4556
1173 41 4645
4645 41 1173
41 1173 4645
3793 2597 11751
2597 3793 11751
11751 2597 3793
2329 8842 14874
14874 2329 8842
8842 2329 14874
11825 5569 10465
5569 10465 11825
10465 5569 11825
824 434 6838
6838 434 824
434 824 6838
9666 2640 8085
8085 2640 9666
2640 8085 9666
14527 3735 12851
12851 3735 14527
3735 12851 14527
10563 9568 14298
9568 10563 14298
14298 9568 10563
12199 3291 12886
3291 12199 12886
12886 3291 12199
14261 9897 13812
9897 13812 14261
13812 9897 14261
1941 1368 11121
1368 1941 11121
11121 1368 1941
4651 6728 10787
10787 4651 6728
6728 4651 10787
2112 878 5983
5983 878 2112
878 2112 5983
7132 6524 12850
6524 7132 12850
12850 6524 7132
3127 3988 5698
5698 3127 3988
3988 3127 5698
1457 1010 9774
1010 1457 9774
9774 1010 1457
6615 3736 5353
5353 3736 6615
3736 5353 6615
10231 1311 12083
12083 1311 10231
1311 10231 12083
2452 4481 5401
4481 2452 5401
5401 2452 4481
5967 8336 13373
8336 5967 13373
13373 5967 8336
8248 4658 11412
4658 8248 11412
11412 4658 8248
10533 11300 11482
11482 10533 11300
11300 10533 11482
4577 10444 12491
10444 4577 12491
12491 4577 10444
11090 500 2978
2978 500 11090
500 2978 11090
3105 10705 13634
10705 3105 13634
13634 3105 10705
11600 3845 5906
5906 3845 11600
3845 5906 11600
13909 5466 8067
5466 8067 13909
8067 5466 13909
6656 3032 9598
9598 3032 6656
3032 6656 9598
9355 4702 14175
14175 4702 9355
4702 9355 14175
4749 3619 5917
5917 3619 4749
3619 4749 5917
7717 14210 14212
14210 7717 14212
14212 7717 14210
9986 9684 10521
9684 9986 10521
10521 9684 9986
14816 2337 13859
13859 2337 14816
2337 13859 14816
12137 2505 11681
2505 11681 12137
11681 2505 12137
12008 841 9736
841 9736 12008
9736 841 12008
11293 173 4998
4998 173 11293
173 4998 11293
3615 10530 12048
12048 3615 10530
10530 3615 12048
611 98 13465
13465 98 611
98 611 13465
7097 7897 11435
11435 7097 7897
7897 7097 11435
9973 4257 13851
4257 9973 13851
13851 4257 9973
5104 3340 5389
3340 5104 5389
5389 3340 5104
7502 2826 9174
2826 7502 9174
9174 2826 7502
9775 1214 3130
3130 1214 9775
1214 3130 9775
2979 1660 10923
1660 2979 10923
10923 1660 2979
9718 9722 10155
10155 9718 9722
9722 9718 10155
992 7163 14737
14737 992 7163
7163 992 14737
14945 4300 6292
4300 6292 14945
6292 4300 14945
1426 3554 14459
14459 1426 3554
3554 1426 14459
5390 5279 9406
5279 5390 9406
9406 5279 5390
13612 5950 10528
5950 10528 13612
10528 5950 13612
8077 439 13596
13596 439 8077
439 8077 13596
8131 1065 6031
6031 1065 8131
1065 6031 8131
10782 2792 8507
2792 8507 10782
8507 2792 10782
5732 4938 9695
9695 4938 5732
4938 5732 9695
450 7380 11675
11675 450 7380
7380 450 11675
5975 11952 12833
11952 5975 12833
12833 5975 11952
11444 1178 7549
7549 1178 11444
1178 7549 11444
7989 11481 12192
11481 7989 12192
12192 7989 11481
6258 13168 14477
14477 6258 13168
13168 6258 14477
12487 1392 8762
8762 1392 12487
1392 8762 12487
12829 6289 10882
10882 6289 12829
6289 10882 12829
8618 4283 8698
4283 8618 8698
8698 4283 8618
5523 7275 7331
7331 5523 7275
7275 5523 7331
12291 7157 7218
7218 7157 12291
7157 7218 12291
11118 2474 4295
4295 2474 11118
2474 4295 11118
13669 3584 9940
3584 9940 13669
9940 3584 13669
14749 2898 5768
2898 5768 14749
5768 2898 14749
5438 12522 14919
12522 5438 14919
14919 5438 12522
3938 6489 9567
9567 3938 6489
6489 3938 9567
9246 4664 13126
13126 4664 9246
4664 9246 13126
5445 19 9782
19 5445 9782
9782 19 5445
2558 8574 11940
11940 2558 8574
8574 2558 11940
13187 8487 10018
8487 10018 13187
10018 8487 13187
2778 5444 12631
5444 2778 12631
12631 2778 5444
4053 2268 11996
2268 4053 11996
11996 2268 4053
1842 10586 12700
10586 1842 12700
12700 1842 10586
12378 1216 10232
10232 1216 12378
1216 10232 12378
6389 9097 9870
9097 6389 9870
9870 6389 9097
7695 8360 11922
8360 7695 11922
11922 7695 8360
11024 5746 10875
5746 10875 11024
10875 5746 11024
14763 3174 14307
14307 3174 14763
3174 14307 14763
2963 1249 5290
1249 2963 5290
5290 1249 2963
2560 8780 11195
8780 2560 11195
11195 2560 8780
14466 6483 8953
6483 8953 14466
8953 6483 14466
10189 6125 14361
14361 6125 10189
6125 10189 14361
5478 8602 10250
10250 5478 8602
8602 5478 10250
4727 5667 7150
7150 4727 5667
5667 4727 7150
6652 1248 2497
2497 1248 6652
1248 2497 6652
11733 5984 12691
5984 11733 12691
12691 5984 11733
4803 290 3625
290 3625 4803
3625 290 4803
6671 3369 9970
9970 3369 6671
3369 6671 9970
980 7947 14873
7947 980 14873
14873 980 7947
7355 3034 10790
3034 7355 10790
10790 3034 7355
7990 11231 12619
11231 7990 12619
12619 7990 11231
14581 1284 3399
3399 1284 14581
1284 3399 14581
9184 11710 14717
14717 9184 11710
11710 9184 14717
7665 548 2573
2573 548 7665
548 2573 7665
8198 3616 6751
3616 6751 8198
6751 3616 8198
3568 4395 8101
8101 3568 4395
4395 3568 8101
10080 6116 8103
8103 6116 10080
6116 8103 10080
10568 2939 13705
2939 10568 13705
13705 2939 10568
5208 9691 12260
9691 5208 12260
12260 5208 9691
2243 3482 7025
7025 2243 3482
3482 2243 7025
9807 2362 7737
2362 7737 9807
7737 2362 9807
272 5017 8809
5017 272 8809
8809 272 5017
11808 4143 12495
4143 11808 12495
12495 4143 11808
5430 1087 8928
1087 5430 8928
8928 1087 5430
46 2555 4660
4660 46 2555
2555 46 4660
1673 6459 6561
6561 1673 6459
6459 1673 6561
11258 5988 7044
5988 7044 11258
7044 5988 11258
11627 4226 10427
10427 4226 11627
4226 10427 11627
14101 5770 8763
5770 8763 14101
8763 5770 14101
12442 6690 12315
6690 12315 12442
12315 6690 12442
4962 4547 4618
4547 4618 4962
4618 4547 4962
11539 13369 14054
13369 11539 14054
14054 11539 13369
3438 473 6307
473 3438 6307
6307 473 3438
13882 3 6929
3 6929 13882
6929 3 13882
11788 1808 5043
1808 5043 11788
5043 1808 11788
2950 776 3326
776 2950 3326
3326 776 2950
12453 6146 13629
13629 6146 12453
6146 12453 13629
7927 8743 8817
8743 7927 8817
8817 7927 8743
12302 3511 7034
3511 7034 12302
7034 3511 12302
4258 8639 12627
8639 4258 12627
12627 4258 8639
4321 220 7493
7493 220 4321
220 4321 7493
10423 3667 8546
3667 8546 10423
8546 3667 10423
8916 6861 7898
6861 7898 8916
7898 6861 8916
1652 1795 8636
8636 1652 1795
1795 1652 8636
9522 1200 12867
1200 9522 12867
12867 1200 9522
2269 1798 11973
11973 1798 2269
1798 2269 11973
13394 7199 8526
8526 7199 13394
7199 8526 13394
3293 6168 12311
6168 3293 12311
12311 3293 6168
7082 1779 9907
9907 1779 7082
1779 7082 9907
4984 7194 8180
7194 4984 8180
8180 4984 7194
14256 433 5624
433 5624 14256
5624 433 14256
14254 4503 9224
9224 4503 14254
4503 9224 14254
12618 4944 9638
9638 4944 12618
4944 9638 12618
6374 7913 12933
12933 6374 7913
7913 6374 12933
10226 6373 11719
6373 10226 11719
11719 6373 10226
14106 3715 4422
4422 3715 14106
3715 4422 14106
11207 4831 10618
4831 10618 11207
10618 4831 11207
14706 5622 5991
5622 5991 14706
5991 5622 14706
11136 1742 3401
1742 3401 11136
3401 1742 11136
7591 7382 8470
7382 7591 8470
8470 7382 7591
4471 1197 13623
1197 4471 13623
13623 1197 4471
10 5425 8074
5425 10 8074
8074 10 5425
7253 8009 12216
8009 7253 12216
12216 7253 8009
7482 5584 7471
5584 7471 7482
7471 5584 7482
5006 9936 10524
9936 5006 10524
10524 5006 9936
12557 9978 14014
14014 9978 12557
9978 12557 14014
12669 5536 7904
5536 7904 12669
7904 5536 12669
3440 1280 5249
1280 3440 5249
5249 1280 3440
7747 6462 14819
6462 7747 14819
14819 6462 7747
10992 3840 4233
4233 3840 10992
3840 4233 10992
2183 4888 8408
8408 2183 4888
4888 2183 8408
11362 176 5418
176 5418 11362
5418 176 11362
6498 6086 11462
6086 6498 11462
11462 6086 6498
8060 5490 9672
5490 8060 9672
9672 5490 8060
9056 7422 10900
10900 7422 9056
7422 9056 10900
12388 8624 10032
8624 10032 12388
10032 8624 12388
9134 3579 9747
3579 9134 9747
9747 3579 9134
1025 357 2860
357 1025 2860
2860 357 1025
2186 9144 13077
13077 2186 9144
9144 2186 13077
1684 7742 14239
14239 1684 7742
7742 1684 14239
12183 10375 13185
13185 10375 12183
10375 12183 13185
469 8153 9583
8153 469 9583
9583 469 8153
9600 8595 9837
8595 9600 9837
9837 8595 9600
780 2863 9630
2863 780 9630
9630 780 2863
11861 2045 8207
8207 2045 11861
2045 8207 11861
13774 3145 9579
3145 9579 13774
9579 3145 13774
12010 3692 10849
3692 10849 12010
10849 3692 12010
333 354 7035
354 333 7035
7035 333 354
4266 4232 9876
9876 4232 4266
4232 4266 9876
585 6342 9358
9358 585 6342
6342 585 9358
13722 12583 13010
12583 13010 13722
13010 12583 13722
6229 1019 9274
1019 6229 9274
9274 1019 6229
14197 6932 7193
6932 7193 14197
7193 6932 14197
6179 6663 11259
11259 6179 6663
6663 6179 11259
4247 9963 11494
9963 4247 11494
11494 4247 9963
10648 5406 5575
5406 5575 10648
5575 5406 10648
6557 7230 13194
7230 6557 13194
13194 6557 7230
6269 5132 12164
5132 6269 12164
12164 5132 6269
1143 3447 13294
3447 1143 13294
13294 1143 3447
4852 6478 13604
13604 4852 6478
6478 4852 13604
12510 8536 13172
13172 8536 12510
8536 12510 13172
14449 14253 14899
14253 14449 14899
14899 14253 14449
4828 2655 5688
2655 4828 5688
5688 2655 4828
2896 5642 12477
5642 2896 12477
12477 2896 5642
10418 3443 11980
11980 3443 10418
3443 10418 11980
9348 905 13118
13118 905 9348
905 9348 13118
10023 8669 9120
8669 9120 10023
9120 8669 10023
2078 294 6735
6735 294 2078
294 2078 6735
10011 13423 14013
14013 10011 13423
13423 10011 14013
4642 2195 7464
2195 4642 7464
7464 2195 4642
8786 2538 4331
2538 4331 8786
4331 2538 8786
6422 4682 6176
6176 4682 6422
4682 6176 6422
571 1499 6304
6304 571 1499
1499 571 6304
9585 5555 7594
5555 7594 9585
7594 5555 9585
3499 4602 5979
5979 3499 4602
4602 3499 5979
11797 6078 12654
6078 11797 12654
12654 6078 11797
3090 3741 13606
3741 3090 13606
13606 3090 3741
13763 1845 6807
6807 1845 13763
1845 6807 13763
11694 1580 8951
1580 8951 11694
8951 1580 11694
12110 162 8305
8305 162 12110
162 8305 12110
11382 6362 11712
11712 6362 11382
6362 11382 11712
1902 2306 10961
10961 1902 2306
2306 1902 10961
12333 1557 11016
11016 1557 12333
1557 11016 12333
6502 5521 10049
5521 6502 10049
10049 5521 6502
14836 9486 9956
9956 9486 14836
9486 9956 14836
3873 400 9094
9094 400 3873
400 3873 9094
12796 9523 10873
9523 10873 12796
10873 9523 12796
8593 798 13911
13911 798 8593
798 8593 13911
14548 340 14292
340 14292 14548
14292 340 14548
14628 3036 9558
3036 9558 14628
9558 3036 14628
10982 2544 6896
2544 6896 10982
6896 2544 10982
6301 673 9253
9253 673 6301
673 6301 9253
12825 1837 4466
4466 1837 12825
1837 4466 12825
3367 1644 3294
3294 1644 3367
1644 3294 3367
1984 6364 8515
6364 1984 8515
8515 1984 6364
3097 5750 11898
11898 3097 5750
5750 3097 11898
3463 6193 14116
14116 3463 6193
6193 3463 14116
7361 2114 8431
2114 7361 8431
8431 2114 7361
8957 77 11574
11574 77 8957
77 8957 11574
8057 3334 7051
3334 7051 8057
7051 3334 8057
2716 991 10607
991 2716 10607
10607 991 2716
14315 3115 14121
3115 14121 14315
14121 3115 14315
12265 387 13896
387 12265 13896
13896 387 12265
12355 1923 5939
5939 1923 12355
1923 5939 12355
13079 7474 11229
7474 11229 13079
11229 7474 13079
10889 9981 12303
9981 10889 12303
12303 9981 10889
1382 937 5853
5853 937 1382
937 1382 5853
6853 1612 10865
1612 6853 10865
10865 1612 6853
265 9288 9562
9562 265 9288
9288 265 9562
6256 3457 5895
3457 5895 6256
5895 3457 6256
1480 8222 14308
14308 1480 8222
8222 1480 14308
6971 2128 3014
2128 3014 6971
3014 2128 6971
651 7323 9379
9379 651 7323
7323 651 9379
8806 7137 12910
7137 8806 12910
12910 7137 8806
3510 4777 12603
12603 3510 4777
4777 3510 12603
2398 2997 13740
2997 2398 13740
13740 2398 2997
1264 8825 12131
8825 1264 12131
12131 1264 8825
9974 4123 7235
4123 7235 9974
7235 4123 9974
5133 464 10379
464 5133 10379
10379 464 5133
2119 6476 11970
11970 2119 6476
6476 2119 11970
4289 4400 14237
14237 4289 4400
4400 4289 14237
7876 1139 12757
12757 1139 7876
1139 7876 12757
12318 102 2503
102 2503 12318
2503 102 12318
9477 11652 13582
11652 9477 13582
13582 9477 11652
14580 2488 2753
2753 2488 14580
2488 2753 14580
3690 6045 7554
6045 3690 7554
7554 3690 6045
1436 7026 13075
13075 1436 7026
7026 1436 13075
12304 1638 2790
2790 1638 12304
1638 2790 12304
5641 1705 5020
1705 5020 5641
5020 1705 5641
901 1098 3016
1098 901 3016
3016 901 1098
330 4626 10384
4626 330 10384
10384 330 4626
10824 8300 11525
11525 8300 10824
8300 10824 11525
5609 6994 7559
7559 5609 6994
6994 5609 7559
125 3166 14697
14697 125 3166
3166 125 14697
11752 7437 12693
7437 11752 12693
12693 7437 11752
6038 634 8653
634 6038 8653
8653 634 6038
3609 7003 11667
11667 3609 7003
7003 3609 11667
12876 3739 7106
3739 7106 12876
7106 3739 12876
6638 118 2747
118 2747 6638
2747 118 6638
2067 2891 4269
2891 2067 4269
4269 2067 2891
5462 8387 9305
8387 5462 9305
9305 5462 8387
7842 9180 11621
9180 7842 11621
11621 7842 9180
2618 6698 10476
6698 2618 10476
10476 2618 6698
11050 6957 8451
8451 6957 11050
6957 8451 11050
8821 4508 5644
5644 4508 8821
4508 5644 8821
6251 2672 4433
2672 4433 6251
4433 2672 6251
13730 7305 13739
13739 7305 13730
7305 13730 13739
1731 2608 5933
5933 1731 2608
2608 1731 5933
6471 8900 11214
11214 6471 8900
8900 6471 11214
7595 5300 11355
5300 7595 11355
11355 5300 7595
11730 7154 11270
11270 7154 11730
7154 11270 11730
1120 11167 12308
11167 1120 12308
12308 1120 11167
6643 4928 5422
5422 4928 6643
4928 5422 6643
735 4364 6983
4364 735 6983
6983 735 4364
1943 7206 11661
11661 1943 7206
7206 1943 11661
9332 849 5203
849 5203 9332
5203 849 9332
13898 1150 10046
1150 10046 13898
10046 1150 13898
11511 402 9617
402 9617 11511
9617 402 11511
427 3972 11310
11310 427 3972
3972 427 11310
8224 7644 13562
7644 8224 13562
13562 7644 8224
3622 1891 5594
1891 3622 5594
5594 1891 3622
12795 6218 12054
12054 6218 12795
6218 12054 12795
2136 2007 14393
2007 2136 14393
14393 2007 2136
7835 4617 11353
11353 4617 7835
4617 7835 11353
5030 1161 7023
7023 1161 5030
1161 5030 7023
9652 2966 10795
2966 9652 10795
10795 2966 9652
3936 10043 10556
10556 3936 10043
10043 3936 10556
5452 1397 2962
1397 2962 5452
2962 1397 5452
5194 4622 11761
11761 4622 5194
4622 5194 11761
4330 1898 11130
1898 4330 11130
11130 1898 4330
6612 641 1509
641 1509 6612
1509 641 6612
7546 52 9968
9968 52 7546
52 7546 9968
8727 5806 13556
5806 8727 13556
13556 5806 8727
5692 11425 11599
11425 5692 11599
11599 5692 11425
14191 924 4049
924 4049 14191
4049 924 14191
3679 3585 7593
3585 3679 7593
7593 3585 3679
353 1218 13943
1218 353 13943
13943 353 1218
7620 17 8662
17 7620 8662
8662 17 7620
5993 315 11547
315 5993 11547
11547 315 5993
14575 5049 5138
5049 5138 14575
5138 5049 14575
134 8986 12384
12384 134 8986
8986 134 12384
4169 5241 12219
5241 4169 12219
12219 4169 5241
10602 6683 8159
8159 6683 10602
6683 8159 10602
12689 2981 10390
10390 2981 12689
2981 10390 12689
9251 2441 14462
2441 9251 14462
14462 2441 9251
10778 3747 9344
9344 3747 10778
3747 9344 10778
11998 1925 6186
1925 6186 11998
6186 1925 11998
13496 3748 5553
3748 5553 13496
5553 3748 13496
11708 10280 12338
10280 11708 12338
12338 10280 11708
12457 9297 11759
11759 9297 12457
9297 11759 12457
465 12587 13150
12587 465 13150
13150 465 12587
6830 8977 10342
8977 6830 10342
10342 6830 8977
2453 1022 7283
1022 2453 7283
7283 1022 2453
1766 1180 3038
1180 1766 3038
3038 1180 1766
7087 1092 13790
13790 1092 7087
1092 7087 13790
7584 5845 7856
7856 5845 7584
5845 7584 7856
14603 8069 8947
8947 8069 14603
8069 8947 14603
966 1739 5087
5087 966 1739
1739 966 5087
14439 3350 10222
3350 10222 14439
10222 3350 14439
6562 3043 4748
4748 3043 6562
3043 4748 6562
13799 2759 10833
2759 10833 13799
10833 2759 13799
5725 5312 5513
5312 5513 5725
5513 5312 5725
12962 3880 7886
7886 3880 12962
3880 7886 12962
9853 9387 9398
9387 9398 9853
9398 9387 9853
12581 8423 10432
8423 10432 12581
10432 8423 12581
11000 6051 10308
6051 10308 11000
10308 6051 11000
5947 6590 14829
6590 5947 14829
14829 5947 6590
9596 1121 6118
1121 6118 9596
6118 1121 9596
14854 605 5799
605 5799 14854
5799 605 14854
2245 4810 10639
4810 2245 10639
10639 2245 4810
12288 1070 9791
1070 9791 12288
9791 1070 12288
7469 3901 8970
8970 3901 7469
3901 7469 8970
3628 2625 3541
3541 2625 3628
2625 3541 3628
2698 769 9753
769 2698 9753
9753 769 2698
8397 770 4877
770 4877 8397
4877 770 8397
9445 10150 14277
14277 9445 10150
10150 9445 14277
13030 3232 3731
3232 3731 13030
3731 3232 13030
2242 2251 9900
2251 2242 9900
9900 2242 2251
5930 4913 7914
7914 4913 5930
4913 5930 7914
3346 2429 4750
4750 2429 3346
2429 3346 4750
2336 4693 10630
4693 2336 10630
10630 2336 4693
5225 1830 14448
1830 5225 14448
14448 1830 5225
6572 5611 10830
5611 6572 10830
10830 5611 6572
5001 10925 14734
10925 5001 14734
14734 5001 10925
145 3456 5616
3456 145 5616
5616 145 3456
10060 973 12081
973 10060 12081
12081 973 10060
9647 6311 12019
6311 9647 12019
12019 6311 9647
6511 1006 2172
2172 1006 6511
1006 2172 6511
4550 14641 14696
14696 4550 14641
14641 4550 14696
8492 1600 10614
1600 8492 10614
10614 1600 8492
8157 1409 9508
9508 1409 8157
1409 8157 9508
348 13067 14889
13067 348 14889
14889 348 13067
5857 6634 14379
14379 5857 6634
6634 5857 14379
6106 6873 11257
6873 6106 11257
11257 6106 6873
5044 2849 9291
2849 5044 9291
9291 2849 5044
742 5556 11624
11624 742 5556
5556 742 11624
8529 8247 9883
9883 8247 8529
8247 8529 9883
9192 8436 11232
8436 9192 11232
11232 8436 9192
4270 4085 11344
11344 4085 4270
4085 4270 11344
11042 9492 14779
9492 11042 14779
14779 9492 11042
8610 8861 8936
8936 8610 8861
8861 8610 8936
14059 7894 14957
7894 14059 14957
14957 7894 14059
10041 7315 14800
7315 10041 14800
14800 7315 10041
1805 308 1375
1375 308 1805
308 1375 1805
8614 7709 14022
14022 7709 8614
7709 8614 14022
14399 3542 6317
3542 6317 14399
6317 3542 14399
7426 5787 13265
5787 7426 13265
13265 5787 7426
3403 1963 10223
1963 3403 10223
10223 1963 3403
8012 6122 6985
6985 6122 8012
6122 6985 8012
6071 11780 13583
11780 6071 13583
13583 6071 11780
8286 1911 2369
1911 2369 8286
2369 1911 8286
1825 13169 13672
13672 1825 13169
13169 1825 13672
9668 7086 10238
7086 9668 10238
10238 7086 9668
1685 4022 13590
13590 1685 4022
4022 1685 13590
73 335 9539
9539 73 335
335 73 9539
7545 3788 5875
5875 3788 7545
3788 5875 7545
595 7985 12427
7985 595 12427
12427 595 7985
978 913 1592
913 978 1592
1592 913 978
2793 3322 9132
3322 2793 9132
9132 2793 3322
11960 1517 14683
1517 11960 14683
14683 1517 11960
11261 2382 11097
11097 2382 11261
2382 11097 11261
10876 4353 7944
4353 7944 10876
7944 4353 10876
14336 5025 7909
5025 7909 14336
7909 5025 14336
3900 11964 13966
11964 3900 13966
13966 3900 11964
8629 11579 13180
13180 8629 11579
11579 8629 13180
4317 13447 14948
14948 4317 13447
13447 4317 14948
12323 3088 3388
3388 3088 12323
3088 3388 12323
1951 12725 14042
14042 1951 12725
12725 1951 14042
4927 10288 13980
10288 4927 13980
13980 4927 10288
13738 5449 7302
5449 7302 13738
7302 5449 13738
13091 4641 6704
6704 4641 13091
4641 6704 13091
6152 6520 11446
11446 6152 6520
6520 6152 11446
7618 396 13903
396 7618 13903
13903 396 7618
4046 12093 12418
12418 4046 12093
12093 4046 12418
3109 6570 12530
12530 3109 6570
6570 3109 12530
3621 5595 7521
5595 3621 7521
7521 3621 5595
7174 11037 11295
11037 7174 11295
11295 7174 11037
7839 3774 9934
3774 7839 9934
9934 3774 7839
10170 7791 9089
9089 7791 10170
7791 9089 10170
2774 1757 10874
1757 2774 10874
10874 1757 2774
8533 3373 7318
7318 3373 8533
3373 7318 8533
7429 5610 6824
6824 5610 7429
5610 6824 7429
1388 10157 11147
11147 1388 10157
10157 1388 11147
7379 5005 12768
12768 5005 7379
5005 7379 12768
254 581 13688
581 254 13688
13688 254 581
8903 2601 7727
2601 7727 8903
7727 2601 8903
14136 7187 12594
12594 7187 14136
7187 12594 14136
3912 200 4385
4385 200 3912
200 3912 4385
11448 14472 14739
14472 11448 14739
14739 11448 14472
9542 4502 12295
4502 9542 12295
12295 4502 9542
5938 2731 2820
2820 2731 5938
2731 2820 5938
8412 130 4719
130 4719 8412
4719 130 8412
4278 2285 4388
4388 2285 4278
2285 4278 4388
5757 9060 10590
10590 5757 9060
9060 5757 10590
1292 7049 11452
11452 1292 7049
7049 1292 11452
690 8368 10701
8368 690 10701
10701 690 8368
5566 1839 12699
1839 5566 12699
12699 1839 5566
13237 6867 11852
6867 11852 13237
11852 6867 13237
6531 196 4111
4111 196 6531
196 4111 6531
2727 7799 14723
14723 2727 7799
7799 2727 14723
7384 9321 13895
13895 7384 9321
9321 7384 13895
7405 11961 13614
11961 7405 13614
13614 7405 11961
14011 6689 6876
6876 6689 14011
6689 6876 14011
13270 1221 4769
1221 4769 13270
4769 1221 13270
13304 6149 14542
6149 13304 14542
14542 6149 13304
11014 4708 5167
5167 4708 11014
4708 5167 11014
12723 10000 12575
12575 10000 12723
10000 12575 12723
10135 11529 13432
11529 10135 13432
13432 10135 11529
5643 6088 13585
13585 5643 6088
6088 5643 13585
12767 885 14476
885 12767 14476
14476 885 12767
4847 9124 14647
9124 4847 14647
14647 4847 9124
4437 1005 6513
1005 4437 6513
6513 1005 4437
8484 3416 8343
8343 3416 8484
3416 8343 8484
8942 8894 11370
8894 8942 11370
11370 8894 8942
13877 485 2089
2089 485 13877
485 2089 13877
9242 11110 14304
11110 9242 14304
14304 9242 11110
2899 12735 13094
13094 2899 12735
12735 2899 13094
12286 1322 4098
1322 4098 12286
4098 1322 12286
8068 6589 12565
12565 6589 8068
6589 8068 12565
11840 2311 12729
2311 11840 12729
12729 2311 11840
2315 5253 14127
14127 2315 5253
5253 2315 14127
9374 1771 13765
1771 9374 13765
13765 1771 9374
11429 13302 13867
13302 11429 13867
13867 11429 13302
925 9482 11477
9482 925 11477
11477 925 9482
10901 6007 7699
7699 6007 10901
6007 7699 10901
116 926 11593
926 116 11593
11593 116 926
3221 4698 13320
4698 3221 13320
13320 3221 4698
7436 2270 4479
4479 2270 7436
2270 4479 7436
12540 471 1347
1347 471 12540
471 1347 12540
14922 2228 5620
5620 2228 14922
2228 5620 14922
9111 3160 13011
13011 3160 9111
3160 9111 13011
7392 1950 5728
1950 5728 7392
5728 1950 7392
3010 6411 13045
13045 3010 6411
6411 3010 13045
3876 8386 10841
10841 3876 8386
8386 3876 10841
5088 4771 5868
4771 5088 5868
5868 4771 5088
5411 867 1648
867 1648 5411
1648 867 5411
2955 1158 10797
10797 1158 2955
1158 2955 10797
1398 1633 3180
1633 1398 3180
3180 1398 1633
3107 6803 13742
6803 3107 13742
13742 3107 6803
6385 11 430
430 11 6385
11 430 6385
7259 2870 9929
9929 2870 7259
2870 7259 9929
213 155 2161
155 213 2161
2161 155 213
8805 1978 5054
1978 5054 8805
5054 1978 8805
13129 9846 10527
10527 9846 13129
9846 10527 13129
14143 5673 7623
7623 5673 14143
5673 7623 14143
4125 4924 13567
4924 4125 13567
13567 4125 4924
10160 8429 13189
8429 10160 13189
13189 8429 10160
5794 2150 4160
2150 4160 5794
4160 2150 5794
14174 2455 3977
2455 3977 14174
3977 2455 14174
6112 8837 13941
8837 6112 13941
13941 6112 8837
11635 5352 11076
11076 5352 11635
5352 11076 11635
10451 4552 12351
12351 4552 10451
4552 10451 12351
1778 3940 9372
9372 1778 3940
3940 1778 9372
6586 8073 11266
11266 6586 8073
8073 6586 11266
7140 364 7916
7916 364 7140
364 7140 7916
6938 1199 11360
1199 6938 11360
11360 1199 6938
10941 7012 12941
12941 7012 10941
7012 10941 12941
10646 8708 10078
8708 10078 10646
10078 8708 10646
7404 778 7861
7861 778 7404
778 7404 7861
5103 8684 10294
8684 5103 10294
10294 5103 8684
350 87 8863
8863 87 350
87 350 8863
8948 8090 14456
8090 8948 14456
14456 8090 8948
8911 3075 4327
4327 3075 8911
3075 4327 8911
11105 8890 13849
13849 8890 11105
8890 11105 13849
9030 426 4301
4301 426 9030
426 4301 9030
14427 1157 3785
3785 1157 14427
1157 3785 14427
2221 7118 8027
7118 2221 8027
8027 2221 7118
2334 4170 7498
4170 2334 7498
7498 2334 4170
9153 10899 12838
12838 9153 10899
10899 9153 12838
14560 1371 14680
1371 14560 14680
14680 1371 14560
1728 262 5002
262 1728 5002
5002 262 1728
12807 7930 14608
7930 12807 14608
14608 7930 12807
11969 4167 8030
4167 8030 11969
8030 4167 11969
9471 7492 14993
14993 7492 9471
7492 9471 14993
1641 5735 10035
5735 1641 10035
10035 1641 5735
5111 813 8287
813 5111 8287
8287 813 5111
11544 2264 10831
2264 10831 11544
10831 2264 11544
10749 5599 6210
6210 5599 10749
5599 6210 10749
2229 12141 14820
14820 2229 12141
12141 2229 14820
9243 458 12339
458 9243 12339
12339 458 9243
746 6693 14523
14523 746 6693
6693 746 14523
9615 1192 9875
1192 9615 9875
9875 1192 9615
13350 4371 6982
6982 4371 13350
4371 6982 13350
7345 6897 11820
6897 7345 11820
11820 6897 7345
675 7304 13890
7304 675 13890
13890 675 7304
8824 45 14613
14613 45 8824
45 8824 14613
6885 4333 10993
10993 4333 6885
4333 6885 10993
4409 2504 7785
7785 2504 4409
2504 4409 7785
11305 3104 8769
8769 3104 11305
3104 8769 11305
227 6692 7341
7341 227 6692
6692 227 7341
953 6619 11794
6619 953 11794
11794 953 6619
10235 1532 6225
1532 6225 10235
6225 1532 10235
12290 7971 10665
10665 7971 12290
7971 10665 12290
3089 3434 3843
3434 3089 3843
3843 3089 3434
9317 1095 12772
1095 9317 12772
12772 1095 9317
9594 1468 5792
1468 5792 9594
5792 1468 9594
3908 10421 14291
14291 3908 10421
10421 3908 14291
1189 3872 5982
3872 1189 5982
5982 1189 3872
9854 7273 8547
8547 7273 9854
7273 8547 9854
3241 5407 5482
5482 3241 5407
5407 3241 5482
3980 10953 13396
13396 3980 10953
10953 3980 13396
2318 6223 6920
6223 2318 6920
6920 2318 6223
11634 514 1693
514 1693 11634
1693 514 11634
761 4904 6095
6095 761 4904
4904 761 6095
7558 7749 10700
10700 7558 7749
7749 7558 10700
10389 11972 13732
11972 10389 13732
13732 10389 11972
6782 13 1734
13 1734 6782
1734 13 6782
9734 2418 4678
2418 4678 9734
4678 2418 9734
10698 7208 13198
7208 10698 13198
