383 433 978
978 383 433
433 383 978
219 81 364
81 219 364
364 81 219
75 1301 1447
1447 75 1301
1301 75 1447
944 51 466
466 51 944
51 466 944
1268 1153 1216
1216 1153 1268
1153 1216 1268
630 353 1178
353 630 1178
1178 353 630
309 1001 1317
1001 309 1317
1317 309 1001
901 642 680
642 680 901
680 642 901
142 273 422
273 142 422
422 142 273
1395 231 801
801 231 1395
231 801 1395
86 677 1259
677 86 1259
1259 86 677
1267 567 1452
1452 567 1267
567 1267 1452
297 1102 1193
1193 297 1102
1102 297 1193
371 708 1257
1257 371 708
708 371 1257
359 454 882
454 359 882
882 359 454
95 105 662
105 95 662
662 95 105
1367 697 809
809 697 1367
697 809 1367
1053 228 1314
228 1053 1314
1314 228 1053
745 792 1451
792 745 1451
1451 745 792
1471 938 1300
938 1300 1471
1300 938 1471
879 360 1086
1086 360 879
360 879 1086
511 408 877
408 511 877
877 408 511
1352 121 703
703 121 1352
121 703 1352
1266 1141 1373
1373 1141 1266
1141 1266 1373
683 157 266
157 266 683
266 157 683
1482 617 1025
617 1025 1482
1025 617 1482
570 478 1181
478 570 1181
1181 478 570
243 366 839
366 243 839
839 243 366
319 71 1453
71 319 1453
1453 71 319
147 160 1065
160 147 1065
1065 147 160
156 1252 1329
1329 156 1252
1252 156 1329
230 563 1172
1172 230 563
563 230 1172
1264 459 1413
459 1264 1413
1413 459 1264
1346 415 417
417 415 1346
415 417 1346
1061 379 1274
379 1061 1274
1274 379 1061
918 904 991
991 904 918
904 918 991
777 869 984
984 777 869
869 777 984
232 208 1383
208 232 1383
1383 208 232
856 1070 1442
1442 856 1070
1070 856 1442
1409 93 552
552 93 1409
93 552 1409
435 56 1010
1010 56 435
56 435 1010
135 332 1392
1392 135 332
332 135 1392
84 945 1249
945 84 1249
1249 84 945
685 1130 1295
1130 685 1295
1295 685 1130
591 287 845
845 287 591
287 591 845
1253 373 830
373 830 1253
830 373 1253
1293 952 1269
1269 952 1293
952 1269 1293
1003 311 1208
1208 311 1003
311 1003 1208
106 315 1385
1385 106 315
315 106 1385
1440 421 852
852 421 1440
421 852 1440
694 786 1110
1110 694 786
786 694 1110
384 867 1408
867 384 1408
1408 384 867
581 50 1224
50 581 1224
1224 50 581
1028 766 1136
1136 766 1028
766 1028 1136
1024 547 907
547 907 1024
907 547 1024
524 1033 1237
1033 524 1237
1237 524 1033
1175 774 808
774 808 1175
808 774 1175
1382 761 865
761 865 1382
865 761 1382
347 480 1420
1420 347 480
480 347 1420
532 840 1122
1122 532 840
840 532 1122
1488 89 1199
1199 89 1488
89 1199 1488
636 585 849
585 636 849
849 585 636
1180 65 337
65 337 1180
337 65 1180
1299 349 618
618 349 1299
349 618 1299
974 1055 1319
1319 974 1055
1055 974 1319
528 657 807
657 528 807
807 528 657
1397 15 44
15 44 1397
44 15 1397
587 144 646
646 144 587
144 587 646
1062 409 562
409 562 1062
562 409 1062
414 896 1305
896 414 1305
1305 414 896
52 345 1233
345 52 1233
1233 52 345
447 1046 1309
1309 447 1046
1046 447 1309
851 244 479
479 244 851
244 479 851
1081 1140 1248
1140 1081 1248
1248 1081 1140
822 251 815
815 251 822
251 815 822
424 909 1474
909 424 1474
1474 424 909
455 58 1303
1303 58 455
58 455 1303
1227 586 798
586 798 1227
798 586 1227
33 1174 1466
1466 33 1174
1174 33 1466
100 656 1124
1124 100 656
656 100 1124
57 464 699
699 57 464
464 57 699
577 981 1050
1050 577 981
981 577 1050
504 481 1427
1427 481 504
481 504 1427
1168 380 812
380 812 1168
812 380 1168
689 820 937
937 689 820
820 689 937
1298 1052 1059
1059 1052 1298
1052 1059 1298
34 555 1187
555 34 1187
1187 34 555
1422 751 1021
1021 751 1422
751 1021 1422
1212 153 240
240 153 1212
153 240 1212
299 136 1109
1109 136 299
136 299 1109
791 488 1281
488 791 1281
1281 488 791
1097 608 844
608 844 1097
844 608 1097
895 186 1283
186 895 1283
1283 186 895
721 114 584
584 114 721
114 584 721
87 548 1195
1195 87 548
548 87 1195
531 465 590
590 465 531
465 531 590
795 755 1469
755 795 1469
1469 755 795
880 60 649
649 60 880
60 649 880
1023 13 790
13 790 1023
790 13 1023
737 1243 1307
1243 737 1307
1307 737 1243
92 1107 1186
1186 92 1107
1107 92 1186
892 923 1327
923 892 1327
1327 892 923
1183 43 155
43 155 1183
155 43 1183
42 26 1273
1273 26 42
26 42 1273
1129 340 976
976 340 1129
340 976 1129
314 1108 1454
1108 314 1454
1454 314 1108
382 148 1179
148 382 1179
1179 148 382
1250 225 530
530 225 1250
225 530 1250
1134 224 1128
224 1128 1134
1128 224 1134
634 661 1031
1031 634 661
661 634 1031
402 622 1044
1044 402 622
622 402 1044
1394 810 1461
810 1394 1461
1461 810 1394
1063 574 1137
1137 574 1063
574 1063 1137
283 1254 1492
1492 283 1254
1254 283 1492
441 286 701
701 286 441
286 441 701
445 162 1184
162 445 1184
1184 162 445
206 817 1239
1239 206 817
817 206 1239
149 594 1147
1147 149 594
594 149 1147
640 476 1416
476 640 1416
1416 476 640
217 533 1376
533 217 1376
1376 217 533
735 1384 1428
1384 735 1428
1428 735 1384
1369 733 764
764 733 1369
733 764 1369
597 702 1008
702 597 1008
1008 597 702
1278 159 690
159 690 1278
690 159 1278
650 470 870
470 650 870
870 470 650
522 814 1104
814 522 1104
1104 522 814
593 369 624
369 593 624
624 369 593
1436 1236 1487
1487 1236 1436
1236 1436 1487
245 352 1090
1090 245 352
352 245 1090
1333 523 824
523 824 1333
824 523 1333
857 1017 1197
1017 857 1197
1197 857 1017
1344 668 890
890 668 1344
668 890 1344
544 1135 1355
1355 544 1135
1135 544 1355
572 416 960
416 572 960
960 416 572
490 698 1196
698 490 1196
1196 490 698
506 710 1500
710 506 1500
1500 506 710
237 682 1297
682 237 1297
1297 237 682
610 887 1202
887 610 1202
1202 610 887
139 621 860
860 139 621
621 139 860
927 181 1067
181 927 1067
1067 181 927
76 1270 1424
1270 76 1424
1424 76 1270
891 1112 1214
1112 891 1214
1214 891 1112
247 238 410
238 247 410
410 238 247
1007 234 1241
234 1007 1241
1241 234 1007
671 335 505
505 335 671
335 505 671
310 295 1121
1121 295 310
295 310 1121
962 292 596
292 596 962
596 292 962
797 753 1117
753 797 1117
1117 753 797
1310 684 1410
1410 684 1310
684 1310 1410
205 1152 1280
1152 205 1280
1280 205 1152
456 559 1304
1304 456 559
559 456 1304
1479 176 768
768 176 1479
176 768 1479
686 177 290
290 177 686
177 290 686
804 990 1226
1226 804 990
990 804 1226
623 255 535
255 535 623
535 255 623
1040 1116 1282
1282 1040 1116
1116 1040 1282
1113 268 949
949 268 1113
268 949 1113
1169 863 1032
863 1032 1169
1032 863 1169
1000 663 1035
1035 663 1000
663 1000 1035
428 350 1106
1106 350 428
350 428 1106
1111 637 665
637 665 1111
665 637 1111
1093 12 811
811 12 1093
12 811 1093
396 180 688
688 180 396
180 396 688
326 21 604
604 21 326
21 326 604
1372 855 989
989 855 1372
855 989 1372
793 37 1340
1340 37 793
37 793 1340
495 126 722
722 126 495
126 495 722
889 54 145
54 145 889
145 54 889
966 218 339
218 339 966
339 218 966
600 163 453
453 163 600
163 453 600
1400 399 1398
399 1398 1400
1398 399 1400
28 499 941
941 28 499
499 28 941
1251 508 776
508 776 1251
776 508 1251
1060 525 825
825 525 1060
525 825 1060
241 716 1235
1235 241 716
716 241 1235
929 395 599
395 599 929
599 395 929
252 212 254
254 212 252
212 252 254
997 834 1365
834 997 1365
1365 834 997
1082 669 894
669 894 1082
894 669 1082
438 394 1330
394 438 1330
1330 394 438
336 828 1294
828 336 1294
1294 336 828
1407 541 1142
541 1142 1407
1142 541 1407
1271 132 1016
132 1016 1271
1016 132 1271
884 728 1262
728 884 1262
1262 728 884
188 971 1332
971 188 1332
1332 188 971
31 171 858
858 31 171
171 31 858
692 750 1049
750 692 1049
1049 692 750
983 198 313
198 313 983
313 198 983
1247 536 1015
1015 536 1247
536 1015 1247
988 1054 1272
1272 988 1054
1054 988 1272
743 458 1353
1353 458 743
458 743 1353
342 191 612
612 191 342
191 342 612
959 138 300
138 300 959
300 138 959
457 985 1371
985 457 1371
1371 457 985
1217 250 308
308 250 1217
250 308 1217
1426 980 1114
980 1114 1426
1114 980 1426
1203 303 475
303 475 1203
475 303 1203
625 921 1448
1448 625 921
921 625 1448
109 727 1357
727 109 1357
1357 109 727
1419 125 425
425 125 1419
125 425 1419
77 1018 1445
1445 77 1018
1018 77 1445
1467 365 592
365 592 1467
592 365 1467
1464 560 1322
1322 560 1464
560 1322 1464
1341 346 992
346 992 1341
992 346 1341
1013 1221 1401
1221 1013 1401
1401 1013 1221
110 484 1074
1074 110 484
484 110 1074
1103 179 1190
179 1103 1190
1190 179 1103
1238 738 1194
1194 738 1238
738 1194 1238
1437 393 740
393 740 1437
740 393 1437
267 64 1287
64 267 1287
1287 64 267
886 49 1219
1219 49 886
49 886 1219
789 644 1370
644 789 1370
1370 644 789
262 207 651
207 262 651
651 207 262
670 771 1476
1476 670 771
771 670 1476
1265 999 1430
1430 999 1265
999 1265 1430
517 130 1133
130 517 1133
1133 130 517
201 674 853
853 201 674
674 201 853
487 24 916
24 487 916
916 24 487
1347 911 1154
1154 911 1347
911 1154 1347
494 451 1150
451 494 1150
1150 451 494
23 192 866
192 23 866
866 23 192
607 200 1087
1087 200 607
200 607 1087
1069 575 1156
1156 575 1069
575 1069 1156
1158 226 1125
1125 226 1158
226 1125 1158
301 512 748
512 301 748
748 301 512
282 611 1166
611 282 1166
1166 282 611
756 1206 1449
1449 756 1206
1206 756 1449
178 97 1493
97 178 1493
1493 97 178
172 446 969
446 172 969
969 172 446
1167 1431 1475
1431 1167 1475
1475 1167 1431
955 483 957
483 955 957
957 483 955
288 940 1444
940 288 1444
1444 288 940
534 320 920
320 534 920
920 320 534
169 469 1066
1066 169 469
469 169 1066
713 564 924
564 713 924
924 564 713
556 41 805
41 556 805
805 41 556
36 739 1338
1338 36 739
739 36 1338
275 187 1260
187 275 1260
1260 187 275
1210 98 289
289 98 1210
98 289 1210
296 1374 1483
1374 296 1483
1483 296 1374
846 133 150
133 150 846
150 133 846
965 939 1246
939 965 1246
1246 939 965
1056 1288 1406
1406 1056 1288
1288 1056 1406
496 711 715
711 496 715
715 496 711
189 70 571
70 189 571
571 70 189
546 1389 1468
1468 546 1389
1389 546 1468
526 1083 1462
1083 526 1462
1462 526 1083
401 627 973
973 401 627
627 401 973
486 675 843
843 486 675
675 486 843
1360 501 1443
501 1360 1443
1443 501 1360
1391 392 1041
392 1041 1391
1041 392 1391
595 388 652
388 595 652
652 388 595
174 183 1276
183 174 1276
1276 174 183
897 954 1143
1143 897 954
954 897 1143
775 537 1323
1323 537 775
537 775 1323
431 249 605
249 431 605
605 249 431
1255 10 816
816 10 1255
10 816 1255
96 1223 1331
1331 96 1223
1223 96 1331
165 196 1126
196 165 1126
1126 165 196
900 827 862
862 827 900
827 862 900
227 542 917
917 227 542
542 227 917
233 161 754
161 233 754
754 161 233
781 520 854
854 520 781
520 781 854
259 387 545
387 259 545
545 259 387
1390 6 1342
6 1342 1390
1342 6 1390
1434 20 99
20 99 1434
99 20 1434
236 964 1096
1096 236 964
964 236 1096
25 280 442
442 25 280
280 25 442
1139 606 1366
606 1139 1366
1366 606 1139
1146 658 705
658 705 1146
705 658 1146
1439 298 832
298 832 1439
832 298 1439
516 509 568
568 509 516
509 516 568
391 638 1418
1418 391 638
638 391 1418
1162 330 1213
1213 330 1162
330 1162 1213
1230 18 842
842 18 1230
18 842 1230
1403 74 1030
1030 74 1403
74 1030 1403
492 400 1411
1411 400 492
400 492 1411
1379 356 905
356 905 1379
905 356 1379
1321 62 79
62 79 1321
79 62 1321
784 598 643
598 643 784
643 598 784
979 325 1002
1002 325 979
325 979 1002
521 324 647
324 521 647
647 324 521
467 730 1358
1358 467 730
730 467 1358
166 14 413
14 166 413
413 14 166
386 1302 1486
1486 386 1302
1302 386 1486
1160 375 995
995 375 1160
375 995 1160
1207 88 709
709 88 1207
88 709 1207
317 947 1120
1120 317 947
947 317 1120
635 803 831
803 635 831
831 635 803
423 8 390
8 390 423
390 8 423
1489 4 773
4 773 1489
773 4 1489
1218 760 986
986 760 1218
760 986 1218
1458 806 930
930 806 1458
806 930 1458
782 398 557
557 398 782
398 557 782
1405 676 726
676 726 1405
726 676 1405
1019 543 1234
543 1019 1234
1234 543 1019
1450 385 1425
385 1425 1450
1425 385 1450
271 46 975
975 46 271
46 271 975
40 274 1429
1429 40 274
274 40 1429
1131 5 381
381 5 1131
5 381 1131
32 626 1173
626 32 1173
1173 32 626
498 115 1144
1144 115 498
115 498 1144
902 167 168
167 168 902
168 167 902
389 215 222
222 215 389
215 222 389
444 449 1318
1318 444 449
449 444 1318
515 38 1027
38 515 1027
1027 38 515
1485 749 1078
749 1078 1485
1078 749 1485
872 129 631
631 129 872
129 631 872
1222 120 1037
1037 120 1222
120 1037 1222
1289 660 1364
660 1289 1364
1364 660 1289
1 731 1402
731 1 1402
1402 1 731
1159 209 1414
209 1159 1414
1414 209 1159
403 17 348
17 348 403
348 17 403
706 436 725
436 706 725
725 436 706
1334 128 926
128 926 1334
926 128 1334
1176 741 1043
1043 741 1176
741 1043 1176
639 987 1073
987 639 1073
1073 639 987
881 67 1438
1438 67 881
67 881 1438
1481 1263 1339
1339 1263 1481
1263 1339 1481
666 270 736
736 270 666
270 666 736
1138 1285 1350
1350 1138 1285
1285 1138 1350
1446 582 1258
582 1258 1446
1258 582 1446
1393 55 914
55 914 1393
914 55 1393
497 514 1312
1312 497 514
514 497 1312
418 468 1229
1229 418 468
468 418 1229
405 193 1115
1115 193 405
193 405 1115
419 893 1320
893 419 1320
1320 419 893
117 1085 1215
1215 117 1085
1085 117 1215
1412 35 316
35 316 1412
316 35 1412
471 107 603
603 107 471
107 471 603
66 513 664
513 66 664
664 66 513
2 437 1205
1205 2 437
437 2 1205
1164 203 823
203 823 1164
823 203 1164
868 118 1089
1089 118 868
118 868 1089
1399 1145 1343
1145 1343 1399
1343 1145 1399
164 357 763
357 164 763
763 164 357
1014 374 1433
1433 374 1014
374 1014 1433
1286 818 1435
1435 818 1286
818 1286 1435
1095 242 569
242 569 1095
569 242 1095
412 406 1042
1042 406 412
406 412 1042
629 72 1163
72 629 1163
1163 72 629
933 462 1094
1094 462 933
462 933 1094
718 1465 1478
1465 718 1478
1478 718 1465
29 460 942
942 29 460
460 29 942
931 628 885
628 885 931
885 628 931
3 322 1284
1284 3 322
322 3 1284
293 946 1191
1191 293 946
946 293 1191
794 1098 1432
1432 794 1098
1098 794 1432
1088 358 720
720 358 1088
358 720 1088
641 558 1231
1231 558 641
558 641 1231
500 602 1165
602 500 1165
1165 500 602
1006 108 1473
1473 108 1006
108 1006 1473
653 404 1185
404 653 1185
1185 404 653
934 175 1077
1077 175 934
175 934 1077
1071 63 1026
1026 63 1071
63 1026 1071
257 344 1378
344 257 1378
1378 257 344
323 73 143
73 143 323
143 73 323
440 578 841
841 440 578
578 440 841
936 59 910
59 910 936
910 59 936
759 742 836
742 759 836
836 742 759
1490 285 1045
285 1045 1490
1045 285 1490
915 104 355
104 355 915
355 104 915
873 305 648
648 305 873
305 648 873
704 787 796
796 704 787
787 704 796
783 835 876
876 783 835
835 783 876
1337 333 874
874 333 1337
333 874 1337
1456 539 744
539 744 1456
744 539 1456
102 291 1380
1380 102 291
291 102 1380
1204 269 1349
1349 269 1204
269 1204 1349
850 919 1189
919 850 1189
1189 850 919
1119 1005 1498
1005 1119 1498
1498 1005 1119
977 411 1011
1011 411 977
411 977 1011
821 239 712
239 712 821
712 239 821
170 429 935
429 170 935
935 170 429
707 993 1455
993 707 1455
1455 707 993
633 1209 1345
1345 633 1209
1209 633 1345
1261 1151 1315
1315 1151 1261
1151 1261 1315
963 7 799
799 7 963
7 799 963
1075 687 1118
687 1075 1118
1118 687 1075
871 195 1348
195 871 1348
1348 195 871
1099 724 1491
1491 724 1099
724 1099 1491
507 19 1232
19 507 1232
1232 19 507
306 134 847
847 134 306
134 306 847
772 654 714
654 714 772
714 654 772
994 45 833
45 833 994
833 45 994
361 261 1375
1375 261 361
261 361 1375
474 302 632
632 302 474
302 474 632
277 779 859
859 277 779
779 277 859
1155 202 1368
1368 202 1155
202 1155 1368
951 83 723
83 723 951
723 83 951
1058 213 1328
1328 213 1058
213 1058 1328
837 819 1386
819 837 1386
1386 819 837
1441 370 1290
370 1290 1441
1290 370 1441
1472 696 1188
1188 696 1472
696 1188 1472
601 61 1009
1009 61 601
61 601 1009
667 1459 1463
1463 667 1459
1459 667 1463
672 864 898
864 672 898
898 672 864
998 362 1200
362 998 1200
1200 362 998
123 899 1029
899 123 1029
1029 123 899
141 376 1242
1242 141 376
376 141 1242
996 407 549
407 549 996
549 407 996
912 1245 1494
1245 912 1494
1494 912 1245
448 1148 1484
1484 448 1148
1148 448 1484
276 719 1080
1080 276 719
719 276 1080
1092 700 1220
1220 700 1092
700 1092 1220
1064 329 1361
1361 329 1064
329 1064 1361
729 502 838
502 729 838
838 502 729
199 1316 1377
1377 199 1316
1316 199 1377
235 22 780
780 22 235
22 235 780
848 420 1356
1356 420 848
420 848 1356
1036 377 1012
377 1012 1036
1012 377 1036
294 221 1076
1076 221 294
221 294 1076
619 1072 1123
1123 619 1072
1072 619 1123
589 693 1256
1256 589 693
693 589 1256
829 68 278
278 68 829
68 278 829
1460 928 968
928 968 1460
968 928 1460
304 519 788
788 304 519
519 304 788
1275 948 1039
1039 948 1275
948 1039 1275
258 439 540
540 258 439
439 258 540
681 127 1291
1291 127 681
127 681 1291
214 152 1198
152 214 1198
1198 152 214
1161 561 943
943 561 1161
561 943 1161
1362 210 908
210 908 1362
908 210 1362
11 321 518
518 11 321
321 11 518
1170 397 493
493 397 1170
397 493 1170
1127 39 1388
39 1127 1388
1388 39 1127
140 197 1306
1306 140 197
197 140 1306
678 510 579
510 579 678
579 510 678
146 80 491
80 146 491
491 80 146
190 47 878
47 190 878
878 47 190
432 184 1477
184 432 1477
1477 184 432
566 443 614
443 566 614
614 443 566
351 367 956
956 351 367
367 351 956
1244 800 1057
1057 800 1244
800 1057 1244
1084 527 1228
1228 527 1084
527 1084 1228
378 78 368
78 368 378
368 78 378
463 312 1499
1499 312 463
312 463 1499
1091 137 1047
1047 137 1091
137 1047 1091
90 363 1415
1415 90 363
363 90 1415
434 341 802
341 434 802
802 341 434
573 116 746
116 573 746
746 116 573
194 279 550
279 194 550
550 194 279
655 220 757
220 655 757
757 220 655
477 69 1359
1359 69 477
69 477 1359
1480 223 256
256 223 1480
223 256 1480
922 659 1277
1277 659 922
659 922 1277
101 281 950
950 101 281
281 101 950
30 529 1351
1351 30 529
529 30 1351
861 119 1381
119 861 1381
1381 119 861
747 461 1421
461 747 1421
1421 461 747
450 124 331
331 124 450
124 331 450
982 883 1336
1336 883 982
883 982 1336
967 615 913
913 615 967
615 913 967
1038 246 717
246 717 1038
717 246 1038
426 158 953
158 426 953
953 158 426
1177 91 1020
91 1020 1177
1020 91 1177
576 758 813
813 576 758
758 576 813
553 1417 1470
1417 553 1470
1470 553 1417
1068 216 679
679 216 1068
216 679 1068
489 327 427
327 427 489
427 327 489
430 695 1335
1335 430 695
695 430 1335
1240 103 482
103 482 1240
482 103 1240
958 767 1157
767 958 1157
1157 767 958
734 691 1022
691 734 1022
1022 691 734
122 185 588
588 122 185
185 122 588
473 888 1132
1132 473 888
888 473 1132
131 1079 1497
1079 131 1497
1497 131 1079
338 343 1296
343 338 1296
1296 338 343
284 112 1201
112 284 1201
1201 112 284
613 554 1396
554 613 1396
1396 554 613
609 53 1292
1292 53 609
53 609 1292
972 263 785
263 785 972
785 263 972
48 82 354
354 48 82
82 48 354
1325 328 485
328 485 1325
485 328 1325
762 253 1100
1100 253 762
253 762 1100
580 94 182
182 94 580
94 182 580
318 565 932
932 318 565
565 318 932
1387 1051 1311
1051 1311 1387
1311 1051 1387
1192 372 1308
372 1192 1308
1308 372 1192
778 85 645
645 85 778
85 645 778
1496 1034 1211
1211 1034 1496
1034 1211 1496
173 875 970
970 173 875
875 173 970
260 265 551
551 260 265
265 260 551
903 452 1105
452 903 1105
1105 452 903
1225 211 583
211 583 1225
583 211 1225
1363 272 1004
272 1004 1363
1004 272 1363
113 1423 1495
1423 113 1495
1495 113 1423
732 111 1048
1048 111 732
111 732 1048
1404 616 1324
1324 616 1404
616 1324 1404
1313 620 1149
620 1149 1313
1149 620 1313
1101 229 906
229 906 1101
906 229 1101
925 264 961
264 925 961
961 264 925
248 538 673
538 248 673
673 248 538
826 151 1354
1354 151 826
151 826 1354
765 9 307
307 9 765
9 307 765
204 1171 1326
1326 204 1171
1171 204 1326
16 154 1279
154 16 1279
1279 16 154
503 27 770
770 27 503
27 503 770
769 334 1182
1182 334 769
334 769 1182
1457 472 752
472 752 1457
752 472 1457
