340 246 1403
1403 246 340
246 340 1403
707 947 1303
1303 707 947
947 707 1303
298 690 1443
690 298 1443
1443 298 690
175 965 1143
1143 175 965
965 175 1143
83 79 835
835 79 83
79 83 835
301 87 1225
1225 87 301
87 301 1225
392 936 1328
1328 392 936
936 392 1328
315 1047 1323
1047 315 1323
1323 315 1047
1202 418 953
953 418 1202
418 953 1202
657 425 725
725 425 657
425 657 725
1466 25 1181
25 1181 1466
1181 25 1466
1099 283 470
470 283 1099
283 470 1099
207 862 1025
1025 207 862
862 207 1025
1056 136 1046
1046 136 1056
136 1046 1056
391 234 631
234 391 631
631 234 391
1376 2 397
2 397 1376
397 2 1376
518 220 457
220 457 518
457 220 518
803 95 1001
1001 95 803
95 803 1001
501 377 674
377 501 674
674 377 501
1063 44 646
646 44 1063
44 646 1063
1104 1113 1439
1439 1104 1113
1113 1104 1439
203 1135 1315
1135 203 1315
1315 203 1135
476 109 1366
109 476 1366
1366 109 476
338 310 944
310 338 944
944 310 338
905 830 997
997 830 905
830 905 997
919 958 1013
1013 919 958
958 919 1013
863 233 735
233 735 863
735 233 863
1125 1095 1396
1396 1095 1125
1095 1125 1396
926 115 353
115 353 926
353 115 926
1416 376 424
376 424 1416
424 376 1416
1260 49 297
297 49 1260
49 297 1260
1311 576 608
608 576 1311
576 608 1311
937 447 793
793 447 937
447 793 937
240 820 968
968 240 820
820 240 968
567 1270 1494
1494 567 1270
1270 567 1494
1326 1091 1467
1467 1091 1326
1091 1326 1467
182 72 1044
72 182 1044
1044 72 182
812 889 1126
1126 812 889
889 812 1126
1120 661 1216
1216 661 1120
661 1120 1216
481 451 1231
1231 451 481
451 481 1231
21 433 1182
433 21 1182
1182 21 433
118 13 1430
13 118 1430
1430 13 118
137 1262 1497
1262 137 1497
1497 137 1262
34 404 931
931 34 404
404 34 931
475 1106 1230
1230 475 1106
1106 475 1230
46 146 331
146 46 331
331 46 146
289 669 1363
1363 289 669
669 289 1363
287 237 1114
237 287 1114
1114 237 287
913 59 713
59 713 913
713 59 913
500 165 570
570 165 500
165 500 570
473 858 1464
858 473 1464
1464 473 858
414 479 914
479 414 914
914 414 479
1191 1337 1444
1444 1191 1337
1337 1191 1444
63 540 720
720 63 540
540 63 720
154 1180 1487
1180 154 1487
1487 154 1180
750 268 1371
1371 268 750
268 750 1371
157 76 1253
1253 76 157
76 157 1253
300 149 839
149 300 839
839 149 300
367 201 403
403 201 367
201 367 403
398 278 1405
1405 278 398
278 398 1405
304 77 1418
77 304 1418
1418 77 304
611 186 1308
1308 186 611
186 611 1308
1385 210 1374
1374 210 1385
210 1374 1385
1157 32 1471
1471 32 1157
32 1157 1471
1152 29 1162
1162 29 1152
29 1152 1162
583 378 1266
378 583 1266
1266 378 583
925 524 629
629 524 925
524 629 925
1433 729 1218
729 1218 1433
1218 729 1433
1078 1146 1154
1146 1078 1154
1154 1078 1146
1261 899 1037
1037 899 1261
899 1037 1261
372 861 1462
1462 372 861
861 372 1462
428 411 1130
1130 411 428
411 428 1130
1277 222 709
222 709 1277
709 222 1277
47 472 1329
472 47 1329
1329 47 472
659 668 1138
1138 659 668
668 659 1138
92 1267 1448
1267 92 1448
1448 92 1267
463 482 655
655 463 482
482 463 655
1422 763 1093
763 1093 1422
1093 763 1422
1189 775 1476
1476 775 1189
775 1189 1476
572 999 1076
999 572 1076
1076 572 999
1227 843 1054
843 1054 1227
1054 843 1227
1038 279 855
855 279 1038
279 855 1038
1168 103 1285
1285 103 1168
103 1168 1285
562 893 1250
893 562 1250
1250 562 893
168 51 1273
1273 51 168
51 168 1273
276 626 940
940 276 626
626 276 940
197 514 962
962 197 514
514 197 962
640 758 832
758 640 832
832 640 758
880 664 746
746 664 880
664 746 880
1069 737 957
957 737 1069
737 957 1069
177 597 1445
597 177 1445
1445 177 597
127 364 1318
1318 127 364
364 127 1318
1132 870 1118
1118 870 1132
870 1118 1132
1163 382 1440
382 1163 1440
1440 382 1163
727 91 1110
1110 91 727
91 727 1110
1148 1483 1495
1495 1148 1483
1483 1148 1495
9 20 1158
1158 9 20
20 9 1158
692 848 849
848 692 849
849 692 848
1161 512 934
934 512 1161
512 934 1161
1452 813 1131
1131 813 1452
813 1131 1452
1320 815 1358
1358 815 1320
815 1320 1358
851 324 1291
1291 324 851
324 851 1291
281 39 1313
39 281 1313
1313 39 281
759 739 1339
1339 739 759
739 759 1339
224 977 1293
977 224 1293
1293 224 977
329 1058 1309
1309 329 1058
1058 329 1309
478 401 911
401 478 911
911 401 478
1321 496 867
867 496 1321
496 867 1321
536 359 452
452 359 536
359 452 536
285 531 1271
1271 285 531
531 285 1271
145 352 462
462 145 352
352 145 462
336 328 1472
328 336 1472
1472 328 336
918 900 991
900 918 991
991 900 918
593 86 93
86 93 593
93 86 593
559 344 950
950 344 559
344 559 950
795 627 985
985 627 795
627 795 985
907 18 1057
1057 18 907
18 907 1057
181 988 1172
1172 181 988
988 181 1172
1279 104 1425
104 1279 1425
1425 104 1279
1251 108 618
618 108 1251
108 618 1251
1213 196 901
901 196 1213
196 901 1213
261 448 879
879 261 448
448 261 879
508 663 1198
1198 508 663
663 508 1198
917 436 1053
1053 436 917
436 917 1053
1027 259 938
259 938 1027
938 259 1027
111 383 652
383 111 652
652 111 383
1075 75 494
75 494 1075
494 75 1075
1086 557 1457
557 1086 1457
1457 557 1086
406 113 838
838 113 406
113 406 838
178 362 990
990 178 362
362 178 990
1246 299 305
299 305 1246
305 299 1246
1380 600 1382
1382 600 1380
600 1380 1382
929 753 1041
753 929 1041
1041 753 929
466 782 1259
782 466 1259
1259 466 782
1043 1059 1081
1081 1043 1059
1059 1043 1081
779 814 1011
814 779 1011
1011 779 814
421 221 440
440 221 421
221 421 440
875 730 1122
730 875 1122
1122 730 875
704 718 1411
1411 704 718
718 704 1411
1435 53 1083
53 1083 1435
1083 53 1435
738 390 1275
390 738 1275
1275 390 738
31 271 888
271 31 888
888 31 271
520 1097 1402
1402 520 1097
1097 520 1402
969 369 1288
369 969 1288
1288 369 969
1221 1299 1360
1360 1221 1299
1299 1221 1360
1409 230 602
230 602 1409
602 230 1409
1201 620 1070
1070 620 1201
620 1070 1201
209 804 1254
804 209 1254
1254 209 804
921 337 589
589 337 921
337 589 921
538 445 1208
1208 445 538
445 538 1208
499 483 1257
1257 483 499
483 499 1257
948 135 1173
135 948 1173
1173 135 948
687 57 1155
57 687 1155
1155 57 687
1165 323 416
416 323 1165
323 416 1165
565 469 1109
1109 469 565
469 565 1109
1236 625 942
625 942 1236
942 625 1236
599 564 601
564 599 601
601 564 599
1052 17 894
17 894 1052
894 17 1052
1469 1100 1295
1100 1295 1469
1295 1100 1469
232 789 1210
1210 232 789
789 232 1210
280 45 1117
45 280 1117
1117 45 280
192 55 1331
1331 55 192
55 192 1331
656 417 1028
1028 417 656
417 656 1028
711 142 677
677 142 711
142 677 711
964 630 784
784 630 964
630 784 964
1408 1341 1449
1341 1408 1449
1449 1341 1408
545 613 643
643 545 613
613 545 643
876 866 903
903 866 876
866 876 903
529 141 1060
141 529 1060
1060 141 529
1150 347 493
493 347 1150
347 493 1150
676 1280 1353
1353 676 1280
1280 676 1353
821 161 873
873 161 821
161 821 873
694 768 1022
768 694 1022
1022 694 768
318 492 1352
1352 318 492
492 318 1352
891 993 1296
1296 891 993
993 891 1296
1036 282 770
770 282 1036
282 770 1036
420 22 833
833 22 420
22 420 833
1319 349 1338
349 1319 1338
1338 349 1319
983 130 609
130 609 983
609 130 983
343 859 1217
1217 343 859
859 343 1217
1021 1153 1477
1153 1021 1477
1477 1021 1153
667 257 422
422 257 667
257 422 667
645 555 1008
1008 555 645
555 645 1008
1470 148 244
244 148 1470
148 244 1470
1175 162 1017
1017 162 1175
162 1017 1175
773 387 1292
387 773 1292
1292 387 773
714 488 1282
488 714 1282
1282 488 714
402 511 642
511 402 642
642 402 511
766 449 829
829 449 766
449 766 829
633 787 1124
1124 633 787
787 633 1124
856 413 1465
1465 413 856
413 856 1465
134 180 1147
180 134 1147
1147 134 180
333 441 637
441 333 637
637 333 441
764 1314 1482
1314 764 1482
1482 764 1314
1116 708 1355
708 1116 1355
1355 708 1116
1373 215 227
215 227 1373
227 215 1373
563 124 774
774 124 563
124 563 774
313 582 1074
1074 313 582
582 313 1074
733 8 284
8 284 733
284 8 733
211 112 1289
1289 112 211
112 211 1289
455 263 1123
1123 263 455
263 455 1123
1019 3 675
3 675 1019
675 3 1019
1301 228 1067
1067 228 1301
228 1067 1301
1092 216 585
585 216 1092
216 585 1092
898 60 972
60 898 972
972 60 898
54 908 1129
908 54 1129
1129 54 908
673 191 986
986 191 673
191 673 986
1062 400 474
474 400 1062
400 474 1062
126 654 1345
1345 126 654
654 126 1345
1392 152 845
845 152 1392
152 845 1392
560 28 1281
28 560 1281
1281 28 560
1332 491 946
946 491 1332
491 946 1332
515 96 351
96 351 515
351 96 515
837 185 332
332 185 837
185 332 837
37 15 468
468 15 37
15 37 468
408 132 1473
1473 132 408
132 408 1473
1204 174 554
554 174 1204
174 554 1204
163 68 81
68 81 163
81 68 163
1357 973 1024
1024 973 1357
973 1024 1357
1035 607 1174
607 1035 1174
1174 607 1035
783 509 1468
509 783 1468
1468 509 783
116 122 881
122 116 881
881 116 122
743 374 1209
1209 374 743
374 743 1209
1498 65 1300
1300 65 1498
65 1300 1498
842 771 1394
771 842 1394
1394 771 842
497 909 1111
909 497 1111
1111 497 909
697 660 716
660 697 716
716 660 697
1386 502 831
502 831 1386
831 502 1386
1077 267 1359
1359 267 1077
267 1077 1359
1447 319 556
319 556 1447
556 319 1447
1252 80 339
339 80 1252
80 339 1252
131 70 193
70 131 193
193 70 131
578 170 558
170 558 578
558 170 578
498 167 363
363 167 498
167 363 498
1432 272 311
272 311 1432
311 272 1432
1479 596 756
756 596 1479
596 756 1479
579 195 388
195 388 579
388 195 579
1219 590 1145
1145 590 1219
590 1145 1219
840 357 1334
1334 357 840
357 840 1334
260 480 765
480 260 765
765 260 480
1384 526 1233
1233 526 1384
526 1233 1384
726 384 1368
1368 384 726
384 726 1368
691 434 826
826 434 691
434 691 826
1364 1049 1245
1049 1245 1364
1245 1049 1364
581 1088 1188
1088 581 1188
1188 581 1088
350 1014 1127
1014 350 1127
1127 350 1014
781 1200 1256
1200 781 1256
1256 781 1200
486 258 393
258 393 486
393 258 486
94 644 1032
644 94 1032
1032 94 644
1193 129 869
129 869 1193
869 129 1193
242 10 320
320 10 242
10 242 320
742 580 586
586 580 742
580 586 742
1398 1055 1232
1055 1232 1398
1232 1055 1398
41 42 857
42 41 857
857 41 42
395 205 1431
1431 205 395
205 395 1431
731 818 887
887 731 818
818 731 887
678 852 1441
1441 678 852
852 678 1441
505 612 871
612 505 871
871 505 612
1239 959 1488
959 1239 1488
1488 959 1239
1276 208 653
208 653 1276
653 208 1276
1378 717 892
892 717 1378
717 892 1378
1212 1258 1393
1258 1212 1393
1393 1212 1258
265 534 1286
1286 265 534
534 265 1286
114 254 794
254 114 794
794 114 254
1379 1203 1327
1327 1203 1379
1203 1327 1379
1224 74 1031
1031 74 1224
74 1031 1224
533 762 1401
1401 533 762
762 533 1401
212 303 1149
303 212 1149
1149 212 303
204 523 1066
523 204 1066
1066 204 523
638 693 702
693 638 702
702 638 693
1249 543 1222
543 1222 1249
1222 543 1249
1179 158 264
158 264 1179
264 158 1179
194 989 1238
1238 194 989
989 194 1238
99 23 308
23 99 308
308 23 99
817 419 495
419 495 817
495 419 817
443 741 927
741 443 927
927 443 741
1137 877 1414
877 1137 1414
1414 877 1137
489 43 1119
1119 43 489
43 489 1119
371 218 1102
1102 218 371
218 371 1102
541 295 1185
295 541 1185
1185 295 541
662 679 1347
679 662 1347
1347 662 679
836 802 1419
1419 802 836
802 836 1419
375 62 513
62 375 513
513 62 375
1283 431 904
904 431 1283
431 904 1283
1229 698 1370
698 1229 1370
1370 698 1229
358 548 1094
548 358 1094
1094 358 548
1133 915 1429
915 1133 1429
1429 915 1133
477 546 1247
546 477 1247
1247 477 546
537 307 1220
307 537 1220
1220 307 537
1 724 751
724 1 751
751 1 724
1206 394 1159
1159 394 1206
394 1159 1206
778 566 1156
566 778 1156
1156 566 778
1481 777 823
777 823 1481
823 777 1481
1344 811 1423
1423 811 1344
811 1344 1423
1214 306 699
306 699 1214
699 306 1214
1151 128 788
788 128 1151
128 788 1151
883 1139 1195
1139 883 1195
1195 883 1139
442 380 1369
380 442 1369
1369 380 442
1324 151 728
151 728 1324
728 151 1324
427 459 595
459 427 595
595 427 459
368 928 1342
1342 368 928
928 368 1342
248 38 110
110 38 248
38 110 248
102 1136 1235
1235 102 1136
1136 102 1235
78 1294 1330
1330 78 1294
1294 78 1330
322 184 568
568 184 322
184 322 568
250 89 976
976 89 250
89 250 976
1325 171 1410
1410 171 1325
171 1325 1410
133 684 1090
1090 133 684
684 133 1090
610 121 1434
121 610 1434
1434 121 610
179 444 628
444 179 628
628 179 444
603 379 634
634 379 603
379 603 634
760 446 658
658 446 760
446 658 760
1018 348 632
632 348 1018
348 632 1018
671 73 381
381 73 671
73 381 671
1381 588 1061
588 1061 1381
1061 588 1381
1248 1030 1437
1030 1248 1437
1437 1030 1248
1415 143 1263
1263 143 1415
143 1263 1415
1033 799 819
819 799 1033
799 819 1033
1108 945 1199
945 1108 1199
1199 945 1108
978 64 273
64 273 978
273 64 978
1404 231 1268
1268 231 1404
231 1268 1404
426 200 490
490 200 426
200 426 490
147 253 1192
1192 147 253
253 147 1192
1451 982 1346
982 1346 1451
1346 982 1451
1020 85 1048
85 1020 1048
1048 85 1020
399 1012 1103
1012 399 1103
1103 399 1012
16 1388 1389
1389 16 1388
1388 16 1389
1417 71 970
970 71 1417
71 970 1417
69 291 1197
1197 69 291
291 69 1197
1140 841 1167
1167 841 1140
841 1140 1167
1015 605 1349
1349 605 1015
605 1015 1349
255 569 1051
569 255 1051
1051 255 569
1045 412 1007
1007 412 1045
412 1007 1045
1310 1029 1284
1029 1284 1310
1284 1029 1310
689 465 1298
465 689 1298
1298 465 689
355 844 853
853 355 844
844 355 853
1278 1438 1484
1438 1278 1484
1484 1278 1438
139 1072 1383
1072 139 1383
1383 139 1072
1255 772 961
961 772 1255
772 961 1255
484 36 1496
36 484 1496
1496 36 484
1459 1009 1101
1101 1009 1459
1009 1101 1459
1480 293 577
577 293 1480
293 577 1480
1128 5 1160
1160 5 1128
5 1128 1160
407 12 808
808 12 407
12 407 808
1186 1085 1395
1085 1186 1395
1395 1085 1186
1107 183 296
183 296 1107
296 183 1107
648 1087 1426
1426 648 1087
1087 648 1426
792 516 895
895 516 792
516 792 895
385 971 1475
971 385 1475
1475 385 971
229 176 1241
176 229 1241
1241 176 229
1244 984 1237
1237 984 1244
984 1237 1244
1272 847 1112
1112 847 1272
847 1112 1272
317 429 865
865 317 429
429 317 865
886 235 510
235 510 886
510 235 886
1399 199 342
342 199 1399
199 342 1399
1456 924 933
933 924 1456
924 933 1456
552 665 1367
1367 552 665
665 552 1367
987 107 1436
107 987 1436
1436 107 987
1142 810 1474
810 1142 1474
1474 810 1142
1317 405 573
573 405 1317
405 573 1317
437 198 1005
198 437 1005
1005 198 437
606 432 461
461 432 606
432 461 606
58 485 1336
1336 58 485
485 58 1336
598 84 464
464 84 598
84 464 598
979 213 1170
1170 213 979
213 979 1170
636 736 1183
736 636 1183
1183 636 736
370 744 1491
1491 370 744
744 370 1491
872 805 816
816 805 872
805 816 872
616 120 797
120 616 797
797 120 616
341 594 963
594 341 963
963 341 594
327 360 767
767 327 360
360 327 767
1144 335 1184
1184 335 1144
335 1144 1184
619 930 1499
930 619 1499
1499 619 930
1016 471 1226
471 1016 1226
1226 471 1016
144 302 1079
1079 144 302
302 144 1079
949 415 682
682 415 949
415 682 949
439 249 1026
249 439 1026
1026 249 439
50 290 747
747 50 290
290 50 747
680 117 932
932 117 680
117 680 932
1335 277 1407
1407 277 1335
277 1335 1407
1316 325 574
574 325 1316
325 574 1316
1089 156 1211
1211 156 1089
156 1089 1211
1039 160 539
160 539 1039
539 160 1039
916 912 1096
1096 912 916
912 916 1096
614 780 1485
1485 614 780
780 614 1485
326 1040 1290
1040 326 1290
1290 326 1040
312 504 896
504 312 896
896 312 504
807 651 1461
651 807 1461
1461 651 807
850 100 164
164 100 850
100 164 850
587 292 1228
292 587 1228
1228 292 587
458 553 952
952 458 553
553 458 952
373 123 172
172 123 373
123 172 373
721 354 755
755 354 721
354 721 755
67 345 935
935 67 345
345 67 935
247 864 1000
864 247 1000
1000 247 864
1387 274 517
274 517 1387
517 274 1387
834 214 719
214 719 834
719 214 834
920 98 754
754 98 920
98 754 920
974 251 732
251 732 974
732 251 974
740 1084 1207
1207 740 1084
1084 740 1207
453 456 1105
456 453 1105
1105 453 456
955 641 939
641 939 955
939 641 955
321 150 1420
1420 150 321
150 321 1420
528 487 749
487 528 749
749 487 528
396 672 1390
1390 396 672
672 396 1390
712 550 996
550 712 996
996 550 712
159 1234 1305
1305 159 1234
1234 159 1305
1406 686 956
956 686 1406
686 956 1406
748 530 902
530 748 902
902 530 748
1080 61 188
61 188 1080
188 61 1080
706 252 571
571 252 706
252 571 706
288 683 1287
1287 288 683
683 288 1287
1082 82 225
225 82 1082
82 225 1082
467 11 1365
11 467 1365
1365 11 467
1492 14 217
217 14 1492
14 217 1492
551 275 785
785 275 551
275 551 785
761 710 954
710 761 954
954 710 761
681 1010 1050
1050 681 1010
1010 681 1050
547 503 854
503 547 854
854 503 547
1307 1269 1397
1269 1307 1397
1397 1269 1307
1454 1023 1064
1023 1064 1454
1064 1023 1454
542 975 1164
1164 542 975
975 542 1164
140 535 1351
1351 140 535
535 140 1351
506 1428 1463
1463 506 1428
1428 506 1463
1098 270 995
995 270 1098
270 995 1098
33 190 941
941 33 190
190 33 941
622 825 1400
825 622 1400
1400 622 825
923 410 438
410 438 923
438 410 923
798 1413 1493
1493 798 1413
1413 798 1493
173 386 885
386 173 885
885 173 386
1264 330 1375
330 1264 1375
1375 330 1264
1004 361 688
361 688 1004
688 361 1004
994 243 1274
1274 243 994
243 994 1274
786 435 723
435 723 786
723 435 786
1302 6 584
6 584 1302
584 6 1302
7 52 1177
52 7 1177
1177 7 52
1377 1391 1446
1391 1377 1446
1446 1377 1391
238 26 592
592 26 238
26 238 592
206 30 1166
30 206 1166
1166 30 206
615 696 1453
1453 615 696
696 615 1453
1478 48 1312
48 1312 1478
1312 48 1478
1003 604 1333
1333 604 1003
604 1003 1333
1115 522 943
522 943 1115
943 522 1115
549 874 1068
1068 549 874
874 549 1068
1356 219 1427
219 1356 1427
1427 219 1356
236 430 1169
430 236 1169
1169 236 430
202 998 1322
1322 202 998
998 202 1322
752 769 806
806 752 769
769 752 806
532 745 1486
1486 532 745
745 532 1486
623 245 365
365 245 623
245 365 623
19 241 878
878 19 241
241 19 878
617 809 884
809 617 884
884 617 809
951 166 389
389 166 951
166 389 951
705 90 519
90 519 705
519 90 705
1455 24 1196
1196 24 1455
24 1196 1455
1006 624 1223
624 1006 1223
1223 624 1006
1362 223 960
960 223 1362
223 960 1362
1134 119 1141
119 1134 1141
1141 119 1134
309 66 226
66 226 309
226 66 309
286 507 824
507 286 824
824 286 507
527 967 1412
1412 527 967
967 527 1412
521 153 1042
1042 153 521
153 521 1042
316 1187 1194
1187 316 1194
1194 316 1187
256 269 1242
269 256 1242
1242 256 269
294 266 1304
266 294 1304
1304 266 294
992 155 591
155 591 992
591 155 992
1361 791 882
791 882 1361
882 791 1361
647 314 366
314 366 647
366 314 647
621 685 1205
1205 621 685
685 621 1205
239 790 1340
790 239 1340
1340 239 790
722 796 1348
796 722 1348
1348 722 796
639 460 1243
1243 460 639
460 639 1243
1034 4 561
561 4 1034
4 561 1034
105 262 1343
262 105 1343
1343 105 262
1450 356 454
356 454 1450
454 356 1450
734 822 910
910 734 822
822 734 910
1354 101 1489
1489 101 1354
101 1354 1489
922 544 906
906 544 922
544 906 922
1176 757 846
846 757 1176
757 846 1176
138 40 1460
40 138 1460
1460 40 138
1265 776 981
776 981 1265
981 776 1265
450 97 1121
97 450 1121
1121 97 450
189 169 1372
1372 169 189
169 189 1372
1215 525 1297
1297 525 1215
525 1215 1297
801 703 1190
703 801 1190
1190 703 801
106 125 649
125 106 649
649 106 125
35 1171 1350
1171 35 1350
1350 35 1171
650 409 695
695 409 650
409 650 695
860 800 1424
800 860 1424
1424 800 860
701 666 890
666 701 890
890 666 701
346 575 1306
1306 346 575
575 346 1306
56 88 1490
1490 56 88
88 56 1490
1071 27 1178
27 1071 1178
1178 27 1071
700 423 1240
423 700 1240
1240 423 700
1073 635 1065
1065 635 1073
635 1065 1073
187 868 1421
868 187 1421
1421 187 868
334 827 966
827 334 966
966 334 827
715 828 897
828 715 897
897 715 828
980 1458 1500
1500 980 1458
1458 980 1500
670 1002 1442
1002 670 1442
1442 670 1002
