10618 4720 5610
4720 5610 10618
5610 4720 10618
5548 2126 10519
2126 5548 10519
10519 2126 5548
373 4884 13978
4884 373 13978
13978 373 4884
5850 7053 12415
12415 5850 7053
7053 5850 12415
14071 4944 14467
14467 4944 14071
4944 14071 14467
14353 2131 11155
11155 2131 14353
2131 11155 14353
2294 465 12757
465 2294 12757
12757 465 2294
9414 7873 11994
11994 7873 9414
7873 9414 11994
8906 11233 13672
11233 8906 13672
13672 8906 11233
124 1989 6812
1989 124 6812
6812 124 1989
4684 3290 13648
13648 3290 4684
3290 4684 13648
7674 4986 13473
4986 7674 13473
13473 4986 7674
10286 8124 10292
8124 10286 10292
10292 8124 10286
12155 3716 9921
9921 3716 12155
3716 9921 12155
1014 1017 12120
12120 1014 1017
1017 1014 12120
4010 4762 10212
4762 4010 10212
10212 4010 4762
12327 7743 13999
13999 7743 12327
7743 12327 13999
8985 7195 11049
11049 7195 8985
7195 8985 11049
14031 1090 1984
1984 1090 14031
1090 1984 14031
9421 7652 9328
9328 7652 9421
7652 9328 9421
1520 2223 11213
11213 1520 2223
2223 1520 11213
12386 2309 14029
2309 12386 14029
14029 2309 12386
3465 168 2754
168 2754 3465
2754 168 3465
3429 3557 14451
3557 3429 14451
14451 3429 3557
8385 2060 9163
9163 2060 8385
2060 8385 9163
11816 8554 9104
8554 9104 11816
9104 8554 11816
7423 5361 14426
14426 5361 7423
5361 7423 14426
5527 4275 14639
14639 4275 5527
4275 5527 14639
14554 9708 14606
9708 14554 14606
14606 9708 14554
7134 184 4180
4180 184 7134
184 4180 7134
573 886 9295
886 573 9295
9295 573 886
3140 5777 6667
6667 3140 5777
5777 3140 6667
11223 3235 3702
3235 3702 11223
3702 3235 11223
4843 1501 12249
12249 1501 4843
1501 4843 12249
10173 9611 13878
9611 10173 13878
13878 9611 10173
2352 6396 7758
7758 2352 6396
6396 2352 7758
6689 5283 5892
5283 5892 6689
5892 5283 6689
10486 10918 13956
10918 10486 13956
13956 10486 10918
5618 2196 3049
3049 2196 5618
2196 3049 5618
13138 7841 10635
10635 7841 13138
7841 10635 13138
13291 309 3008
3008 309 13291
309 3008 13291
4743 4306 7441
7441 4306 4743
4306 4743 7441
354 7287 12313
12313 354 7287
7287 354 12313
9525 3638 4036
4036 3638 9525
3638 4036 9525
10962 10008 12149
12149 10008 10962
10008 10962 12149
14368 1195 8294
8294 1195 14368
1195 8294 14368
5884 6351 11496
11496 5884 6351
6351 5884 11496
10374 7111 8053
8053 7111 10374
7111 8053 10374
14140 1156 1535
1535 1156 14140
1156 1535 14140
5687 12397 13014
13014 5687 12397
12397 5687 13014
11794 5223 14355
14355 5223 11794
5223 11794 14355
6944 3522 10531
3522 6944 10531
10531 3522 6944
4411 3395 12078
3395 4411 12078
12078 3395 4411
9764 1580 11751
11751 1580 9764
1580 9764 11751
1310 3345 5045
3345 1310 5045
5045 1310 3345
4218 992 7916
992 4218 7916
7916 992 4218
557 2288 13141
2288 557 13141
13141 557 2288
11951 1275 10991
1275 10991 11951
10991 1275 11951
10902 732 1330
1330 732 10902
732 1330 10902
2412 8152 11947
8152 2412 11947
11947 2412 8152
140 1950 9519
9519 140 1950
1950 140 9519
13020 5198 8861
8861 5198 13020
5198 8861 13020
11113 1018 9177
1018 9177 11113
9177 1018 11113
8038 4808 14525
4808 8038 14525
14525 4808 8038
13341 8384 11183
8384 11183 13341
11183 8384 13341
5829 11995 13261
13261 5829 11995
11995 5829 13261
33 4915 8989
4915 33 8989
8989 33 4915
464 1430 9172
9172 464 1430
1430 464 9172
7357 7249 12921
12921 7249 7357
7249 7357 12921
2194 485 8865
8865 485 2194
485 2194 8865
3261 7952 11271
11271 3261 7952
7952 3261 11271
13870 1957 6543
1957 6543 13870
6543 1957 13870
12603 7730 9493
9493 7730 12603
7730 9493 12603
2804 6756 7836
6756 2804 7836
7836 2804 6756
7832 2966 3206
2966 3206 7832
3206 2966 7832
758 7315 13059
13059 758 7315
7315 758 13059
2034 4522 7964
7964 2034 4522
4522 2034 7964
11422 567 4770
567 4770 11422
4770 567 11422
421 18 3023
18 421 3023
3023 18 421
13258 1739 12366
1739 12366 13258
12366 1739 13258
13663 12087 14642
14642 12087 13663
12087 13663 14642
9510 6122 14904
14904 6122 9510
6122 9510 14904
13761 2204 5412
2204 5412 13761
5412 2204 13761
790 1133 4701
1133 790 4701
4701 790 1133
12335 7627 10405
10405 7627 12335
7627 10405 12335
4160 580 2610
580 2610 4160
2610 580 4160
13345 5741 12049
12049 5741 13345
5741 12049 13345
9209 2121 13103
13103 2121 9209
2121 9209 13103
11099 8241 9224
8241 9224 11099
9224 8241 11099
8542 8345 13846
8345 8542 13846
13846 8345 8542
5716 5652 8479
5652 5716 8479
8479 5652 5716
10909 8849 12704
8849 10909 12704
12704 8849 10909
4439 12312 13620
12312 4439 13620
13620 4439 12312
2727 14039 14661
14039 2727 14661
14661 2727 14039
11805 3131 14045
14045 3131 11805
3131 11805 14045
7767 3742 7061
7061 3742 7767
3742 7061 7767
8121 4485 8896
8896 4485 8121
4485 8121 8896
3935 9931 14001
14001 3935 9931
9931 3935 14001
5035 765 12469
765 5035 12469
12469 765 5035
10851 651 3467
651 3467 10851
3467 651 10851
9415 7913 14641
14641 7913 9415
7913 9415 14641
2189 1882 4823
4823 1882 2189
1882 2189 4823
13902 5740 11310
11310 5740 13902
5740 11310 13902
4967 13142 13945
13945 4967 13142
13142 4967 13945
3559 5099 9848
5099 3559 9848
9848 3559 5099
4147 1915 9038
9038 1915 4147
1915 4147 9038
14829 1404 7824
1404 7824 14829
7824 1404 14829
1919 6546 8557
8557 1919 6546
6546 1919 8557
14319 2326 7538
2326 7538 14319
7538 2326 14319
11442 3281 13817
13817 3281 11442
3281 11442 13817
1752 8648 10507
8648 1752 10507
10507 1752 8648
9630 4071 5056
5056 4071 9630
4071 5056 9630
13667 10322 10699
10322 10699 13667
10699 10322 13667
10270 8750 11678
8750 10270 11678
11678 8750 10270
14056 104 2875
104 2875 14056
2875 104 14056
11607 291 398
398 291 11607
291 398 11607
4639 2721 10655
2721 4639 10655
10655 2721 4639
8579 3370 4626
4626 3370 8579
3370 4626 8579
2289 1286 9650
1286 2289 9650
9650 1286 2289
13908 115 14650
115 13908 14650
14650 115 13908
7318 2928 6628
6628 2928 7318
2928 6628 7318
7615 3222 13423
3222 7615 13423
13423 3222 7615
14751 453 3948
453 3948 14751
3948 453 14751
10496 4130 13062
13062 4130 10496
4130 10496 13062
65 3943 7335
3943 65 7335
7335 65 3943
1947 1130 12323
12323 1130 1947
1130 1947 12323
9302 1026 10782
10782 1026 9302
1026 9302 10782
1052 7010 8657
8657 1052 7010
7010 1052 8657
14239 4120 10705
10705 4120 14239
4120 10705 14239
1720 442 4927
4927 442 1720
442 1720 4927
8094 8500 10590
10590 8094 8500
8500 8094 10590
7342 5791 8977
8977 5791 7342
5791 7342 8977
10088 1524 5803
5803 1524 10088
1524 5803 10088
5910 8814 14391
14391 5910 8814
8814 5910 14391
14629 10473 13041
13041 10473 14629
10473 13041 14629
9927 2191 4174
4174 2191 9927
2191 4174 9927
410 10825 11180
10825 410 11180
11180 410 10825
6073 7639 11063
11063 6073 7639
7639 6073 11063
1761 3476 7670
3476 1761 7670
7670 1761 3476
13795 6050 8395
6050 8395 13795
8395 6050 13795
6367 399 6763
6763 399 6367
399 6367 6763
7261 266 1169
1169 266 7261
266 1169 7261
11389 4554 13615
4554 11389 13615
13615 4554 11389
8436 1215 6583
6583 1215 8436
1215 6583 8436
1704 3527 3567
3527 1704 3567
3567 1704 3527
7059 1462 3382
1462 3382 7059
3382 1462 7059
1980 8732 9777
8732 1980 9777
9777 1980 8732
6589 397 4469
397 4469 6589
4469 397 6589
3626 8236 11033
11033 3626 8236
8236 3626 11033
13724 3463 13091
13091 3463 13724
3463 13091 13724
8109 249 8447
8447 249 8109
249 8109 8447
14011 9697 10215
10215 9697 14011
9697 10215 14011
1593 6862 13762
6862 1593 13762
13762 1593 6862
8801 8715 13332
8715 8801 13332
13332 8715 8801
1191 1250 6760
6760 1191 1250
1250 1191 6760
6308 1031 13484
1031 6308 13484
13484 1031 6308
492 1516 9009
9009 492 1516
1516 492 9009
26 2584 14692
14692 26 2584
2584 26 14692
12435 9957 14709
14709 9957 12435
9957 12435 14709
983 3378 14724
3378 983 14724
14724 983 3378
13044 5220 9839
9839 5220 13044
5220 9839 13044
5578 899 11084
11084 899 5578
899 5578 11084
4233 3110 4040
3110 4040 4233
4040 3110 4233
12761 7289 12526
7289 12526 12761
12526 7289 12761
11866 8742 12128
8742 11866 12128
12128 8742 11866
2347 13361 14699
14699 2347 13361
13361 2347 14699
8797 3306 6745
6745 3306 8797
3306 6745 8797
1159 10348 11602
10348 1159 11602
11602 1159 10348
13920 11791 13115
11791 13115 13920
13115 11791 13920
9733 2999 13414
13414 2999 9733
2999 9733 13414
7970 535 3944
3944 535 7970
535 3944 7970
10338 6429 7316
7316 6429 10338
6429 7316 10338
8279 2876 8219
8219 2876 8279
2876 8219 8279
11989 8472 9185
8472 9185 11989
9185 8472 11989
7025 1282 5515
1282 5515 7025
5515 1282 7025
3744 7709 10949
7709 3744 10949
10949 3744 7709
6189 1613 14605
14605 1613 6189
1613 6189 14605
1398 11198 13907
13907 1398 11198
11198 1398 13907
1294 4603 13039
4603 1294 13039
13039 1294 4603
7902 715 9956
9956 715 7902
715 7902 9956
10424 6896 8632
6896 8632 10424
8632 6896 10424
9454 6020 6569
6020 6569 9454
6569 6020 9454
106 5561 7746
5561 106 7746
7746 106 5561
6441 1292 9420
1292 6441 9420
9420 1292 6441
9395 2425 8630
2425 8630 9395
8630 2425 9395
5075 6222 13885
6222 5075 13885
13885 5075 6222
2981 4323 14947
14947 2981 4323
4323 2981 14947
7190 6289 8536
8536 6289 7190
6289 7190 8536
5163 423 11733
423 5163 11733
11733 423 5163
6604 4150 11171
11171 4150 6604
4150 6604 11171
1205 869 14021
869 1205 14021
14021 869 1205
7702 2915 5998
5998 2915 7702
2915 5998 7702
6938 1948 4295
1948 4295 6938
4295 1948 6938
5608 2744 5616
5616 2744 5608
2744 5608 5616
971 6097 7748
6097 971 7748
7748 971 6097
9720 6280 7326
6280 7326 9720
7326 6280 9720
5333 4837 11190
4837 5333 11190
11190 4837 5333
12712 2660 6952
6952 2660 12712
2660 6952 12712
6653 2871 3658
3658 2871 6653
2871 3658 6653
12283 4409 4783
4783 4409 12283
4409 4783 12283
8288 14107 14126
14107 8288 14126
14126 8288 14107
12311 2892 10477
10477 2892 12311
2892 10477 12311
11705 9049 13136
9049 11705 13136
13136 9049 11705
3996 4851 13249
4851 3996 13249
13249 3996 4851
3506 3461 8192
3461 3506 8192
8192 3461 3506
10124 149 4942
4942 149 10124
149 4942 10124
5731 515 8161
8161 515 5731
515 5731 8161
9968 1499 1969
1969 1499 9968
1499 1969 9968
5305 4276 4861
4276 4861 5305
4861 4276 5305
3685 2409 6023
6023 2409 3685
2409 3685 6023
12815 202 587
202 587 12815
587 202 12815
11516 4740 9266
4740 9266 11516
9266 4740 11516
5770 1601 6900
6900 1601 5770
1601 5770 6900
4525 8711 13019
8711 4525 13019
13019 4525 8711
14740 4352 5987
5987 4352 14740
4352 5987 14740
6731 9161 12217
12217 6731 9161
9161 6731 12217
5977 2737 10303
10303 2737 5977
2737 5977 10303
10736 7699 11501
11501 7699 10736
7699 10736 11501
13508 198 2357
2357 198 13508
198 2357 13508
7545 722 12791
722 7545 12791
12791 722 7545
7666 90 109
90 109 7666
109 90 7666
14849 5665 12544
12544 5665 14849
5665 12544 14849
11177 10184 12509
12509 10184 11177
10184 11177 12509
4087 9158 11029
11029 4087 9158
9158 4087 11029
14644 330 5261
330 5261 14644
5261 330 14644
2951 665 3179
665 2951 3179
3179 665 2951
8802 9593 12371
9593 8802 12371
12371 8802 9593
7752 1235 7148
7148 1235 7752
1235 7148 7752
14420 3918 5901
3918 5901 14420
5901 3918 14420
7016 12219 13404
13404 7016 12219
12219 7016 13404
318 826 3792
826 318 3792
3792 318 826
8646 2885 7349
2885 7349 8646
7349 2885 8646
1600 6591 6781
6591 1600 6781
6781 1600 6591
5300 2467 12927
12927 2467 5300
2467 5300 12927
9952 9023 13770
13770 9023 9952
9023 9952 13770
10664 1578 3251
1578 3251 10664
3251 1578 10664
10254 6941 11900
6941 10254 11900
11900 6941 10254
7578 61 821
821 61 7578
61 821 7578
3866 8812 11703
11703 3866 8812
8812 3866 11703
11143 7811 8882
7811 8882 11143
8882 7811 11143
11445 512 1701
512 1701 11445
1701 512 11445
13629 5713 9380
9380 5713 13629
5713 9380 13629
2370 9826 10142
10142 2370 9826
9826 2370 10142
12250 5461 8291
5461 8291 12250
8291 5461 12250
5350 1089 9113
9113 1089 5350
1089 5350 9113
4834 7641 14615
7641 4834 14615
14615 4834 7641
12421 6258 7303
6258 7303 12421
7303 6258 12421
4331 4604 9410
4604 4331 9410
9410 4331 4604
11682 7156 13120
7156 11682 13120
13120 7156 11682
9855 1834 2850
2850 1834 9855
1834 2850 9855
4289 10594 11922
10594 4289 11922
11922 4289 10594
2604 1171 11139
11139 1171 2604
1171 2604 11139
2062 1510 3681
1510 2062 3681
3681 1510 2062
12923 6595 7169
6595 7169 12923
7169 6595 12923
9129 752 9365
752 9129 9365
9365 752 9129
13726 369 14058
369 13726 14058
14058 369 13726
4438 1625 3084
1625 3084 4438
3084 1625 4438
7278 246 2825
246 2825 7278
2825 246 7278
7051 8636 11965
8636 7051 11965
11965 7051 8636
4061 1087 7585
7585 1087 4061
1087 4061 7585
10792 529 12538
529 10792 12538
12538 529 10792
7761 1856 12821
1856 7761 12821
12821 1856 7761
11892 5203 5352
5203 5352 11892
5352 5203 11892
1655 6158 11782
6158 1655 11782
11782 1655 6158
8953 1289 12705
1289 8953 12705
12705 1289 8953
5494 7108 11825
11825 5494 7108
7108 5494 11825
7355 8054 12770
8054 7355 12770
12770 7355 8054
3415 5083 8722
8722 3415 5083
5083 3415 8722
9889 2798 4206
4206 2798 9889
2798 4206 9889
13219 2474 6106
2474 6106 13219
6106 2474 13219
2853 10695 11928
10695 2853 11928
11928 2853 10695
10200 7007 12227
12227 7007 10200
7007 10200 12227
14635 6916 14177
14177 6916 14635
6916 14177 14635
444 3124 11417
11417 444 3124
3124 444 11417
1636 11108 12297
12297 1636 11108
11108 1636 12297
773 526 5632
5632 526 773
526 773 5632
3283 1579 14572
14572 1579 3283
1579 3283 14572
10770 4022 7049
7049 4022 10770
4022 7049 10770
12871 9725 13252
13252 9725 12871
9725 12871 13252
13745 6925 9836
6925 9836 13745
9836 6925 13745
1253 2622 8674
8674 1253 2622
2622 1253 8674
9074 3033 3317
3033 3317 9074
3317 3033 9074
245 7778 13343
7778 245 13343
13343 245 7778
13764 631 13982
13982 631 13764
631 13764 13982
12465 2028 10407
10407 2028 12465
2028 10407 12465
11254 4881 11102
11102 4881 11254
4881 11102 11254
6567 6095 6596
6596 6095 6567
6095 6567 6596
607 3769 12969
12969 607 3769
3769 607 12969
10936 943 14510
14510 943 10936
943 10936 14510
7984 918 5824
918 5824 7984
5824 918 7984
14712 3326 13213
3326 13213 14712
13213 3326 14712
14364 4887 14772
4887 14364 14772
14772 4887 14364
13507 3024 11495
3024 11495 13507
11495 3024 13507
10503 12041 12452
12452 10503 12041
12041 10503 12452
11413 1726 5961
1726 5961 11413
5961 1726 11413
3828 2954 7594
7594 2954 3828
2954 3828 7594
233 164 12554
164 233 12554
12554 164 233
4775 6420 14325
6420 4775 14325
14325 4775 6420
6257 2715 11619
2715 6257 11619
11619 2715 6257
13555 599 8567
599 8567 13555
8567 599 13555
1758 6755 9304
6755 1758 9304
9304 1758 6755
6555 5877 13011
5877 6555 13011
13011 5877 6555
10060 723 11401
11401 723 10060
723 10060 11401
10084 8305 13432
13432 8305 10084
8305 10084 13432
5207 5164 13285
13285 5164 5207
5164 5207 13285
9675 777 8633
8633 777 9675
777 8633 9675
8014 4898 13918
4898 8014 13918
13918 4898 8014
9915 2241 3328
3328 2241 9915
2241 3328 9915
13233 969 4567
969 4567 13233
4567 969 13233
12872 5817 7283
7283 5817 12872
5817 7283 12872
10912 9121 11148
11148 9121 10912
9121 10912 11148
4885 5604 11098
5604 4885 11098
11098 4885 5604
7155 2411 2562
2411 2562 7155
2562 2411 7155
4229 10988 13965
10988 4229 13965
13965 4229 10988
560 1735 8724
1735 560 8724
8724 560 1735
13662 5101 9108
9108 5101 13662
5101 9108 13662
5853 1526 7800
1526 5853 7800
7800 1526 5853
7222 1889 14698
14698 1889 7222
1889 7222 14698
3177 2718 6264
6264 2718 3177
2718 3177 6264
9779 7518 13437
7518 9779 13437
13437 7518 9779
2472 126 3228
3228 126 2472
126 2472 3228
7106 4192 9298
9298 4192 7106
4192 7106 9298
3159 10722 12655
10722 3159 12655
12655 3159 10722
9958 1818 14131
14131 1818 9958
1818 9958 14131
5307 4551 14217
14217 4551 5307
4551 5307 14217
11966 967 8990
8990 967 11966
967 8990 11966
1197 4748 7057
7057 1197 4748
4748 1197 7057
339 1463 3734
3734 339 1463
1463 339 3734
6107 8012 14363
8012 6107 14363
14363 6107 8012
10346 10686 14318
10686 10346 14318
14318 10346 10686
2071 3611 14602
14602 2071 3611
3611 2071 14602
7266 8652 11934
11934 7266 8652
8652 7266 11934
12575 1608 13399
13399 1608 12575
1608 12575 13399
4395 2794 9057
9057 2794 4395
2794 4395 9057
14633 1359 9330
9330 1359 14633
1359 9330 14633
2114 5432 9763
5432 2114 9763
9763 2114 5432
669 1873 11295
1873 669 11295
11295 669 1873
11848 1036 9080
9080 1036 11848
1036 9080 11848
4168 643 7338
643 4168 7338
7338 643 4168
12177 2364 4836
2364 4836 12177
4836 2364 12177
7820 3109 4852
4852 3109 7820
3109 4852 7820
6713 7411 9894
7411 6713 9894
9894 6713 7411
13289 9735 12330
9735 12330 13289
12330 9735 13289
11924 5693 14419
5693 11924 14419
14419 5693 11924
10190 8853 14677
14677 8853 10190
8853 10190 14677
4607 2904 7537
7537 2904 4607
2904 4607 7537
11005 32 7764
32 7764 11005
7764 32 11005
5259 5027 8758
8758 5027 5259
5027 5259 8758
14097 3894 14338
14338 3894 14097
3894 14097 14338
5524 4557 10305
10305 4557 5524
4557 5524 10305
1505 6199 12081
12081 1505 6199
6199 1505 12081
10723 797 14278
14278 797 10723
797 10723 14278
11019 6185 9285
6185 9285 11019
9285 6185 11019
2070 7530 8605
8605 2070 7530
7530 2070 8605
11375 762 6099
6099 762 11375
762 6099 11375
9408 7394 8454
8454 7394 9408
7394 8454 9408
3011 9623 10118
10118 3011 9623
9623 3011 10118
13010 5874 13482
5874 13010 13482
13482 5874 13010
11107 8413 10719
8413 10719 11107
10719 8413 11107
119 3549 14818
14818 119 3549
3549 119 14818
407 10074 11731
11731 407 10074
10074 407 11731
3062 8811 13121
13121 3062 8811
8811 3062 13121
8006 3657 13180
13180 3657 8006
3657 8006 13180
3338 2872 6126
6126 2872 3338
2872 3338 6126
4858 3884 5949
3884 4858 5949
5949 3884 4858
8619 2041 9691
2041 8619 9691
9691 2041 8619
6049 2388 14454
14454 2388 6049
2388 6049 14454
10439 5304 7714
7714 5304 10439
5304 7714 10439
6948 12170 13090
12170 6948 13090
13090 6948 12170
2579 9641 13614
13614 2579 9641
9641 2579 13614
11173 6891 14365
14365 6891 11173
6891 11173 14365
11373 4935 5170
5170 4935 11373
4935 5170 11373
11484 10513 13008
10513 11484 13008
13008 10513 11484
8477 5810 11863
11863 5810 8477
5810 8477 11863
7901 6610 12606
12606 6610 7901
6610 7901 12606
12946 11163 12703
11163 12703 12946
12703 11163 12946
12482 5523 6827
5523 6827 12482
6827 5523 12482
11454 4957 5419
5419 4957 11454
4957 5419 11454
1541 5085 9672
5085 1541 9672
9672 1541 5085
2564 1435 8645
8645 1435 2564
1435 2564 8645
9054 5959 7020
7020 5959 9054
5959 7020 9054
5677 853 11123
853 5677 11123
11123 853 5677
6231 8202 9626
8202 6231 9626
9626 6231 8202
2220 2842 5452
2842 2220 5452
5452 2220 2842
3498 9934 13548
9934 3498 13548
13548 3498 9934
14252 6112 10150
6112 10150 14252
10150 6112 14252
2692 274 2234
2234 274 2692
274 2234 2692
3920 7554 13520
13520 3920 7554
7554 3920 13520
12372 1944 11544
1944 11544 12372
11544 1944 12372
7612 7000 13683
13683 7000 7612
7000 7612 13683
3292 2005 12254
2005 3292 12254
12254 2005 3292
14375 610 5768
610 5768 14375
5768 610 14375
5991 4936 5096
4936 5096 5991
5096 4936 5991
14258 3118 7197
7197 3118 14258
3118 7197 14258
9128 4760 4780
4760 4780 9128
4780 4760 9128
3574 8404 14624
14624 3574 8404
8404 3574 14624
14176 9566 12907
9566 12907 14176
12907 9566 14176
3653 10563 12238
10563 3653 12238
12238 3653 10563
8423 1871 12442
1871 8423 12442
12442 1871 8423
11521 6539 9539
9539 6539 11521
6539 9539 11521
7390 2415 4529
2415 4529 7390
4529 2415 7390
13861 3028 12908
12908 3028 13861
3028 12908 13861
9771 4073 8806
8806 4073 9771
4073 8806 9771
3511 6196 10466
10466 3511 6196
6196 3511 10466
13113 5156 8723
8723 5156 13113
5156 8723 13113
11687 4647 7613
4647 7613 11687
7613 4647 11687
1598 3509 6979
6979 1598 3509
3509 1598 6979
9677 4033 10561
10561 4033 9677
4033 9677 10561
3379 7687 11718
11718 3379 7687
7687 3379 11718
446 1557 2301
2301 446 1557
1557 446 2301
1933 3438 7255
3438 1933 7255
7255 1933 3438
4774 2000 8490
2000 4774 8490
8490 2000 4774
12005 3978 7878
7878 3978 12005
3978 7878 12005
14760 2216 12441
2216 12441 14760
12441 2216 14760
13586 2751 11239
2751 11239 13586
11239 2751 13586
6554 2919 6176
2919 6176 6554
6176 2919 6554
764 8000 12802
12802 764 8000
8000 764 12802
8966 1192 4841
4841 1192 8966
1192 4841 8966
4597 3232 7377
3232 4597 7377
7377 3232 4597
7648 5860 14134
14134 5860 7648
5860 7648 14134
188 7407 10771
10771 188 7407
7407 188 10771
5915 7162 14483
7162 5915 14483
14483 5915 7162
3061 6008 8378
6008 3061 8378
8378 3061 6008
14620 743 6795
6795 743 14620
743 6795 14620
10403 711 13676
13676 711 10403
711 10403 13676
3897 4243 13566
4243 3897 13566
13566 3897 4243
11723 11958 14369
11958 11723 14369
14369 11723 11958
5428 5797 9126
5797 5428 9126
9126 5428 5797
3774 7233 9541
7233 3774 9541
9541 3774 7233
10788 241 1642
1642 241 10788
241 1642 10788
4518 2925 12693
2925 4518 12693
12693 2925 4518
8439 1689 9573
1689 8439 9573
9573 1689 8439
3851 1311 8396
8396 1311 3851
1311 3851 8396
12535 1218 6665
1218 6665 12535
6665 1218 12535
13967 3241 9900
9900 3241 13967
3241 9900 13967
754 3711 6682
6682 754 3711
3711 754 6682
11285 9903 14877
14877 9903 11285
9903 11285 14877
9832 1296 2839
1296 2839 9832
2839 1296 9832
12308 1305 8776
1305 8776 12308
8776 1305 12308
9515 6765 12656
6765 9515 12656
12656 6765 9515
8792 1 2184
2184 1 8792
1 2184 8792
9797 4733 14856
4733 9797 14856
14856 4733 9797
10258 7207 13354
7207 10258 13354
13354 7207 10258
13035 1515 10093
10093 1515 13035
1515 10093 13035
1712 4782 13712
13712 1712 4782
4782 1712 13712
14346 14437 14604
14437 14346 14604
14604 14346 14437
495 10172 10928
10172 495 10928
10928 495 10172
14562 3215 7924
7924 3215 14562
3215 7924 14562
2481 2429 14619
2429 2481 14619
14619 2429 2481
8578 576 2897
576 2897 8578
2897 576 8578
8813 9308 9489
9308 8813 9489
9489 8813 9308
5247 10151 10794
10794 5247 10151
10151 5247 10794
13259 8416 14588
14588 8416 13259
8416 13259 14588
9718 7954 9840
9840 7954 9718
7954 9718 9840
3482 1002 6661
1002 3482 6661
6661 1002 3482
7996 9397 10162
10162 7996 9397
9397 7996 10162
12116 3234 13703
13703 3234 12116
3234 12116 13703
345 2960 12744
12744 345 2960
2960 345 12744
6540 10817 12578
12578 6540 10817
10817 6540 12578
5702 2019 9205
2019 5702 9205
9205 2019 5702
14060 2098 12561
12561 2098 14060
2098 12561 14060
12207 2806 5663
5663 2806 12207
2806 5663 12207
13882 435 9533
435 9533 13882
9533 435 13882
8323 6851 7817
6851 7817 8323
7817 6851 8323
13730 6793 10388
6793 10388 13730
10388 6793 13730
14049 1567 3663
3663 1567 14049
1567 3663 14049
8189 4034 12376
4034 8189 12376
12376 4034 8189
10222 1136 5510
5510 1136 10222
1136 5510 10222
3435 3243 7747
7747 3243 3435
3243 3435 7747
981 6419 14469
14469 981 6419
6419 981 14469
6156 3269 9427
3269 6156 9427
9427 3269 6156
14955 6447 13306
6447 13306 14955
13306 6447 14955
11748 10766 14339
10766 11748 14339
14339 10766 11748
5614 5301 10370
10370 5301 5614
5301 5614 10370
1163 9363 10558
10558 1163 9363
9363 1163 10558
4096 10889 14938
14938 4096 10889
10889 4096 14938
4797 829 5310
5310 829 4797
829 4797 5310
1477 38 1494
38 1477 1494
1494 38 1477
1569 6003 6436
6436 1569 6003
6003 1569 6436
12261 4812 13495
13495 4812 12261
4812 12261 13495
10288 1419 4538
4538 1419 10288
1419 4538 10288
11829 4868 10518
4868 10518 11829
10518 4868 11829
5724 7656 10159
10159 5724 7656
7656 5724 10159
1072 2990 3224
3224 1072 2990
2990 1072 3224
2426 8125 9645
8125 2426 9645
9645 2426 8125
14549 12599 14531
12599 14531 14549
14531 12599 14549
1840 2711 8230
8230 1840 2711
2711 1840 8230
7098 808 4653
4653 808 7098
808 4653 7098
8079 9228 13367
13367 8079 9228
9228 8079 13367
7096 2199 9853
2199 7096 9853
9853 2199 7096
3812 1020 7821
7821 1020 3812
1020 3812 7821
12607 2245 13560
2245 12607 13560
13560 2245 12607
3561 13081 14994
14994 3561 13081
13081 3561 14994
673 2219 12468
12468 673 2219
2219 673 12468
12826 129 13914
129 12826 13914
13914 129 12826
1307 11036 11776
11036 1307 11776
11776 1307 11036
8143 1514 9219
9219 1514 8143
1514 8143 9219
5086 881 4953
881 4953 5086
4953 881 5086
8628 1780 10247
10247 1780 8628
1780 8628 10247
7204 312 10461
10461 312 7204
312 7204 10461
7926 1258 4191
1258 4191 7926
4191 1258 7926
6488 1607 5794
5794 1607 6488
1607 5794 6488
9937 2286 8010
2286 8010 9937
8010 2286 9937
8334 7983 12122
12122 7983 8334
7983 8334 12122
8942 3678 6154
6154 3678 8942
3678 6154 8942
6572 12967 14850
12967 6572 14850
14850 6572 12967
5900 342 11058
342 5900 11058
11058 342 5900
1034 2933 3911
2933 1034 3911
3911 1034 2933
5973 4247 13447
13447 4247 5973
4247 5973 13447
1176 5674 11692
11692 1176 5674
5674 1176 11692
3709 3329 9407
9407 3329 3709
3329 3709 9407
9040 4844 12342
4844 9040 12342
12342 4844 9040
10329 12495 12768
12768 10329 12495
12495 10329 12768
3355 4482 8798
8798 3355 4482
4482 3355 8798
4596 4889 10235
4889 4596 10235
10235 4596 4889
1371 12329 14672
12329 1371 14672
14672 1371 12329
3240 7567 12589
7567 3240 12589
12589 3240 7567
12842 3490 10418
10418 3490 12842
3490 10418 12842
8476 5517 7002
7002 5517 8476
5517 7002 8476
232 2434 6899
6899 232 2434
2434 232 6899
1249 8778 13156
8778 1249 13156
13156 1249 8778
3707 2552 13452
2552 3707 13452
13452 2552 3707
12399 5691 10417
5691 10417 12399
10417 5691 12399
718 3454 11189
11189 718 3454
3454 718 11189
12088 9203 12476
9203 12088 12476
12476 9203 12088
9186 2572 6451
6451 2572 9186
2572 6451 9186
14494 7816 13342
7816 13342 14494
13342 7816 14494
1787 5560 6499
5560 1787 6499
6499 1787 5560
13263 7862 12512
7862 12512 13263
12512 7862 13263
3477 1340 13160
1340 3477 13160
13160 1340 3477
1338 2583 10031
10031 1338 2583
2583 1338 10031
6824 1554 6478
1554 6478 6824
6478 1554 6824
1126 6152 6379
6379 1126 6152
6152 1126 6379
11887 6560 7582
7582 6560 11887
6560 7582 11887
1731 4888 8513
8513 1731 4888
4888 1731 8513
10630 4490 7470
4490 7470 10630
7470 4490 10630
6579 4656 8440
8440 4656 6579
4656 6579 8440
8728 6701 9794
9794 6701 8728
6701 8728 9794
13743 11589 13512
11589 13512 13743
13512 11589 13743
1589 8516 9061
8516 1589 9061
9061 1589 8516
377 6657 12696
6657 377 12696
12696 377 6657
1420 1276 6202
1276 1420 6202
6202 1276 1420
9237 6213 12750
12750 6213 9237
6213 9237 12750
6536 2874 14358
2874 6536 14358
14358 2874 6536
4113 7593 12277
12277 4113 7593
7593 4113 12277
8390 2443 5889
5889 2443 8390
2443 5889 8390
3336 3599 7117
7117 3336 3599
3599 3336 7117
8534 4857 8190
4857 8190 8534
8190 4857 8534
14138 9564 14308
14308 9564 14138
9564 14138 14308
8411 2856 10023
2856 8411 10023
10023 2856 8411
7080 1350 12734
12734 1350 7080
1350 7080 12734
1097 4477 4580
4580 1097 4477
4477 1097 4580
10209 9666 13821
9666 10209 13821
13821 9666 10209
11769 583 11753
583 11753 11769
11753 583 11769
7027 696 8965
696 7027 8965
8965 696 7027
13222 5221 6729
6729 5221 13222
5221 6729 13222
6831 4977 8276
4977 6831 8276
8276 4977 6831
13634 10355 12833
10355 12833 13634
12833 10355 13634
14226 4692 10238
4692 10238 14226
10238 4692 14226
11444 8191 11165
8191 11165 11444
11165 8191 11444
2712 2646 8771
8771 2646 2712
2646 2712 8771
8216 1937 4422
1937 4422 8216
4422 1937 8216
13208 3973 10863
10863 3973 13208
3973 10863 13208
5218 1138 11613
1138 5218 11613
11613 1138 5218
4876 5620 14865
5620 4876 14865
14865 4876 5620
6444 2325 12321
12321 2325 6444
2325 6444 12321
2063 5726 13366
5726 2063 13366
13366 2063 5726
8260 8553 14006
8553 8260 14006
14006 8260 8553
14213 68 10753
10753 68 14213
68 10753 14213
13173 1549 7139
7139 1549 13173
1549 7139 13173
2881 1753 12417
12417 1753 2881
1753 2881 12417
726 1779 9946
9946 726 1779
1779 726 9946
2638 4966 8823
8823 2638 4966
4966 2638 8823
1439 288 7859
7859 288 1439
288 1439 7859
9131 3088 14848
3088 9131 14848
14848 3088 9131
160 4021 6163
6163 160 4021
4021 160 6163
14397 2632 14052
2632 14052 14397
14052 2632 14397
10738 2890 6563
6563 2890 10738
2890 6563 10738
1232 1084 3886
1084 1232 3886
3886 1084 1232
12609 4473 5474
5474 4473 12609
4473 5474 12609
14876 3394 9109
9109 3394 14876
3394 9109 14876
8338 2843 5809
2843 5809 8338
5809 2843 8338
2483 10327 14180
10327 2483 14180
14180 2483 10327
974 2442 11710
11710 974 2442
2442 974 11710
179 7975 14026
14026 179 7975
7975 179 14026
4300 7734 10112
7734 4300 10112
10112 4300 7734
2433 822 8786
822 2433 8786
8786 822 2433
1896 11855 14845
14845 1896 11855
11855 1896 14845
2644 4088 11203
11203 2644 4088
4088 2644 11203
10921 2940 14002
2940 10921 14002
14002 2940 10921
8295 7466 11012
7466 8295 11012
11012 7466 8295
7765 9043 10517
9043 7765 10517
10517 7765 9043
2119 2557 7701
2557 2119 7701
7701 2119 2557
6742 8625 13186
13186 6742 8625
8625 6742 13186
4032 6858 9499
9499 4032 6858
6858 4032 9499
3372 1538 12384
1538 3372 12384
12384 1538 3372
6074 1248 11023
1248 6074 11023
11023 1248 6074
10843 6115 10998
6115 10843 10998
10998 6115 10843
1105 6505 8017
8017 1105 6505
6505 1105 8017
1979 10650 14015
14015 1979 10650
10650 1979 14015
4301 1321 13066
13066 1321 4301
1321 4301 13066
3592 4845 12186
4845 3592 12186
12186 3592 4845
13805 9333 14263
14263 9333 13805
9333 13805 14263
8644 2994 12914
2994 8644 12914
12914 2994 8644
7433 9671 14883
14883 7433 9671
9671 7433 14883
7703 5891 6633
6633 5891 7703
5891 6633 7703
3808 2939 8123
2939 3808 8123
8123 2939 3808
12115 7208 11648
11648 7208 12115
7208 11648 12115
12600 624 4972
4972 624 12600
624 4972 12600
6618 9005 10108
10108 6618 9005
9005 6618 10108
5238 4435 11361
4435 5238 11361
11361 4435 5238
12611 737 1143
737 1143 12611
1143 737 12611
5249 2542 11745
2542 5249 11745
11745 2542 5249
42 5658 5781
5781 42 5658
5658 42 5781
7622 2862 4877
2862 4877 7622
4877 2862 7622
10234 4569 9111
9111 4569 10234
4569 9111 10234
13282 6719 7307
7307 6719 13282
6719 7307 13282
1070 2018 6956
2018 1070 6956
6956 1070 2018
12487 3229 9286
9286 3229 12487
3229 9286 12487
355 990 10717
990 355 10717
10717 355 990
4308 5271 14434
14434 4308 5271
5271 4308 14434
9488 1734 8029
1734 8029 9488
8029 1734 9488
9300 1362 2816
1362 2816 9300
2816 1362 9300
4675 5088 7230
7230 4675 5088
5088 4675 7230
10623 1493 6204
1493 6204 10623
6204 1493 10623
14147 8851 12807
8851 12807 14147
12807 8851 14147
10684 10227 13248
10227 10684 13248
13248 10227 10684
1940 2319 12130
2319 1940 12130
12130 1940 2319
14963 2938 6312
6312 2938 14963
2938 6312 14963
2147 6053 14129
6053 2147 14129
14129 2147 6053
1824 3014 8084
3014 1824 8084
8084 1824 3014
10137 2437 2608
2437 2608 10137
2608 2437 10137
12190 10291 13869
10291 12190 13869
13869 10291 12190
10170 2586 5395
5395 2586 10170
2586 5395 10170
11486 2734 5831
2734 5831 11486
5831 2734 11486
57 6557 10082
6557 57 10082
10082 57 6557
14309 3457 3762
3457 3762 14309
3762 3457 14309
12886 10813 13723
13723 10813 12886
10813 12886 13723
5004 2888 14336
14336 2888 5004
2888 5004 14336
9351 3892 10749
10749 3892 9351
3892 9351 10749
3139 1511 11654
1511 3139 11654
11654 1511 3139
5228 8846 14752
14752 5228 8846
8846 5228 14752
1692 3347 4090
3347 1692 4090
4090 1692 3347
5921 4138 4363
4363 4138 5921
4138 4363 5921
4683 3170 11160
11160 3170 4683
3170 4683 11160
1913 7891 10073
7891 1913 10073
10073 1913 7891
9105 403 10443
10443 403 9105
403 9105 10443
13015 2545 3081
3081 2545 13015
2545 3081 13015
420 177 6096
177 420 6096
6096 177 420
6306 3859 7735
3859 6306 7735
7735 3859 6306
8371 8421 9002
9002 8371 8421
8421 8371 9002
5440 5890 8435
5890 5440 8435
8435 5440 5890
6151 1297 5930
5930 1297 6151
1297 5930 6151
13299 5933 9537
5933 9537 13299
9537 5933 13299
3337 1393 3553
3553 1393 3337
1393 3337 3553
3929 5288 6465
5288 3929 6465
6465 3929 5288
902 4440 11762
11762 902 4440
4440 902 11762
2480 1490 2082
1490 2082 2480
2082 1490 2480
10670 11214 14942
11214 10670 14942
14942 10670 11214
8271 947 11732
11732 947 8271
947 8271 11732
3105 4539 5480
4539 3105 5480
5480 3105 4539
4341 8659 11451
8659 4341 11451
11451 4341 8659
2096 533 5420
5420 533 2096
533 2096 5420
882 6658 14042
14042 882 6658
6658 882 14042
1251 71 3108
71 1251 3108
3108 71 1251
11587 4091 5748
5748 4091 11587
4091 5748 11587
11365 2351 2786
2786 2351 11365
2351 2786 11365
13227 1453 12086
12086 1453 13227
1453 12086 13227
9101 4520 5387
5387 4520 9101
4520 5387 9101
10903 3092 6892
6892 3092 10903
3092 6892 10903
647 415 7492
415 647 7492
7492 415 647
13456 5462 10089
10089 5462 13456
5462 10089 13456
14442 1547 2190
1547 2190 14442
2190 1547 14442
9552 8127 10483
8127 9552 10483
10483 8127 9552
1665 304 3768
304 1665 3768
3768 304 1665
12284 10657 13144
13144 10657 12284
10657 12284 13144
14488 9419 14064
14064 9419 14488
9419 14064 14488
14714 5252 12427
5252 12427 14714
12427 5252 14714
5870 10969 13317
10969 5870 13317
13317 5870 10969
4420 7012 12550
7012 4420 12550
12550 4420 7012
7069 1776 7881
7881 1776 7069
1776 7069 7881
10253 7369 11841
11841 7369 10253
7369 10253 11841
11040 6019 8245
6019 8245 11040
8245 6019 11040
6587 2253 12419
12419 2253 6587
2253 6587 12419
4400 4342 10501
4342 4400 10501
10501 4342 4400
9114 235 14764
235 9114 14764
14764 235 9114
15 10784 14658
14658 15 10784
10784 15 14658
2857 4507 12776
4507 2857 12776
12776 2857 4507
9895 3312 13004
3312 9895 13004
13004 3312 9895
3384 7993 8137
7993 3384 8137
8137 3384 7993
9393 183 966
183 966 9393
966 183 9393
2962 1467 11759
11759 1467 2962
1467 2962 11759
219 300 9471
9471 219 300
300 219 9471
1336 8234 14166
8234 1336 14166
14166 1336 8234
11282 3101 5623
3101 5623 11282
5623 3101 11282
10805 6965 8365
6965 8365 10805
8365 6965 10805
6089 8795 8837
8837 6089 8795
8795 6089 8837
10040 10856 14899
14899 10040 10856
10856 10040 14899
8524 3348 6513
3348 6513 8524
6513 3348 8524
9755 903 9029
9029 903 9755
903 9029 9755
5953 851 3289
851 3289 5953
3289 851 5953
8452 13130 14628
13130 8452 14628
14628 8452 13130
12138 4589 8341
4589 8341 12138
8341 4589 12138
14307 504 11017
11017 504 14307
504 11017 14307
4171 602 5062
5062 602 4171
602 4171 5062
8520 1708 2723
2723 1708 8520
1708 2723 8520
10189 6398 8588
8588 6398 10189
6398 8588 10189
14480 1572 5255
1572 5255 14480
5255 1572 14480
157 4190 12856
4190 157 12856
12856 157 4190
8835 4510 6849
4510 6849 8835
6849 4510 8835
11838 7895 10760
10760 7895 11838
7895 10760 11838
1099 7715 13290
13290 1099 7715
7715 1099 13290
1117 4403 8003
8003 1117 4403
4403 1117 8003
3354 24 12612
24 3354 12612
12612 24 3354
13847 6261 14109
14109 6261 13847
6261 13847 14109
4079 850 2931
2931 850 4079
850 2931 4079
8052 1167 14068
14068 1167 8052
1167 8052 14068
840 4771 11456
11456 840 4771
4771 840 11456
13531 4248 5370
4248 5370 13531
5370 4248 13531
9640 525 3815
3815 525 9640
525 3815 9640
9025 1543 6573
1543 6573 9025
6573 1543 9025
4777 7662 10394
10394 4777 7662
7662 4777 10394
11408 7602 11135
7602 11135 11408
11135 7602 11408
4291 11278 12839
12839 4291 11278
11278 4291 12839
5841 6615 6999
6615 5841 6999
6999 5841 6615
10550 4465 9246
4465 9246 10550
9246 4465 10550
11945 8274 12569
12569 8274 11945
8274 11945 12569
5737 7655 14686
7655 5737 14686
14686 5737 7655
3166 5210 12731
12731 3166 5210
5210 3166 12731
1384 2011 2907
2907 1384 2011
2011 1384 2907
11121 3807 12640
12640 3807 11121
3807 11121 12640
14623 7351 13151
7351 13151 14623
13151 7351 14623
1939 9258 9858
9258 1939 9858
9858 1939 9258
6868 9 13616
13616 9 6868
9 6868 13616
6863 459 3546
459 3546 6863
3546 459 6863
4442 2371 8974
8974 2371 4442
2371 4442 8974
10229 953 2273
953 2273 10229
2273 953 10229
3696 514 11550
514 3696 11550
11550 514 3696
13924 3017 5875
5875 3017 13924
3017 5875 13924
4376 10453 13597
13597 4376 10453
10453 4376 13597
13816 9604 13960
13960 9604 13816
9604 13816 13960
5503 4148 9291
4148 5503 9291
9291 4148 5503
4145 404 1836
404 1836 4145
1836 404 4145
9933 2810 11458
2810 9933 11458
11458 2810 9933
12304 4001 6889
6889 4001 12304
4001 6889 12304
3976 1935 4045
1935 3976 4045
4045 1935 3976
12828 7861 13768
7861 12828 13768
13768 7861 12828
12597 2848 13417
2848 12597 13417
13417 2848 12597
2256 6337 7496
7496 2256 6337
6337 2256 7496
6381 6127 12353
6127 6381 12353
12353 6127 6381
14158 7280 11937
7280 11937 14158
11937 7280 14158
5102 12521 14024
14024 5102 12521
12521 5102 14024
4678 1256 11697
11697 1256 4678
1256 4678 11697
14703 1691 11636
1691 11636 14703
11636 1691 14703
3854 4414 12143
4414 3854 12143
12143 3854 4414
12790 7539 8913
8913 7539 12790
7539 8913 12790
9924 1854 6773
6773 1854 9924
1854 6773 9924
13546 741 13792
13792 741 13546
741 13546 13792
3381 5653 12792
12792 3381 5653
5653 3381 12792
7484 3258 3835
3835 3258 7484
3258 3835 7484
2439 1945 8032
1945 2439 8032
8032 1945 2439
3723 1792 2868
2868 1792 3723
1792 2868 3723
14533 4624 7940
7940 4624 14533
4624 7940 14533
12671 6486 8680
6486 8680 12671
8680 6486 12671
6463 2944 8576
8576 2944 6463
2944 6463 8576
7209 4911 12850
12850 4911 7209
4911 7209 12850
1005 2976 7131
7131 1005 2976
2976 1005 7131
2637 253 8386
8386 253 2637
253 2637 8386
10709 1595 11620
11620 1595 10709
1595 10709 11620
11643 4838 8026
8026 4838 11643
4838 8026 11643
517 6847 8181
6847 517 8181
8181 517 6847
13221 7546 13353
7546 13221 13353
13353 7546 13221
6283 6125 13195
13195 6125 6283
6125 6283 13195
4685 11447 11730
11730 4685 11447
11447 4685 11730
4662 4784 8145
4784 4662 8145
8145 4662 4784
14099 1946 12958
1946 12958 14099
12958 1946 14099
1202 4257 13887
13887 1202 4257
4257 1202 13887
11376 4135 6837
6837 4135 11376
4135 6837 11376
1497 5947 14775
5947 1497 14775
14775 1497 5947
7644 1216 2130
1216 2130 7644
2130 1216 7644
4466 852 4361
852 4361 4466
4361 852 4466
12071 7206 8930
7206 8930 12071
8930 7206 12071
4506 5253 11939
11939 4506 5253
5253 4506 11939
1114 875 1471
875 1114 1471
1471 875 1114
3098 5475 10386
10386 3098 5475
5475 3098 10386
880 5637 9601
9601 880 5637
5637 880 9601
7930 11660 14546
11660 7930 14546
14546 7930 11660
13009 2143 14744
2143 13009 14744
14744 2143 13009
8590 1875 5436
1875 5436 8590
5436 1875 8590
12725 3802 13094
13094 3802 12725
3802 12725 13094
12951 11421 14745
14745 11421 12951
11421 12951 14745
5599 3767 10780
10780 3767 5599
3767 5599 10780
6285 207 6145
207 6145 6285
6145 207 6285
10852 11283 14957
11283 10852 14957
14957 10852 11283
7064 3075 8654
3075 7064 8654
8654 3075 7064
13176 175 211
211 175 13176
175 211 13176
14875 12198 13024
13024 12198 14875
12198 13024 14875
12104 1751 12409
1751 12104 12409
12409 1751 12104
7217 5750 6943
6943 5750 7217
5750 6943 7217
7583 9173 13100
13100 7583 9173
9173 7583 13100
118 3593 4735
3593 118 4735
4735 118 3593
14040 5760 13803
5760 13803 14040
13803 5760 14040
11346 7688 10757
7688 10757 11346
10757 7688 11346
10395 1127 10219
1127 10219 10395
10219 1127 10395
10064 8361 13383
13383 8361 10064
8361 10064 13383
13948 10044 14421
14421 10044 13948
10044 13948 14421
11596 2780 8488
2780 8488 11596
8488 2780 11596
14906 5881 13692
5881 13692 14906
13692 5881 14906
1342 2001 5144
2001 1342 5144
5144 1342 2001
13457 3842 11503
3842 11503 13457
11503 3842 13457
5630 854 5478
5478 854 5630
854 5478 5630
12367 3824 14941
14941 3824 12367
3824 12367 14941
12076 1429 4467
1429 4467 12076
4467 1429 12076
13898 2576 4932
4932 2576 13898
2576 4932 13898
10499 17 8833
8833 17 10499
17 8833 10499
7426 4667 14327
4667 7426 14327
14327 4667 7426
10250 2606 13038
13038 2606 10250
2606 10250 13038
8048 1709 6035
6035 1709 8048
1709 6035 8048
10514 1151 7152
1151 7152 10514
7152 1151 10514
2452 3871 5233
3871 2452 5233
5233 2452 3871
1722 11011 14807
14807 1722 11011
11011 1722 14807
1793 625 8981
8981 625 1793
625 1793 8981
12582 2045 7675
2045 7675 12582
7675 2045 12582
8892 1270 6893
6893 1270 8892
1270 6893 8892
3529 2525 11039
2525 3529 11039
11039 2525 3529
8545 789 7808
789 7808 8545
7808 789 8545
12919 193 9996
9996 193 12919
193 9996 12919
7503 3687 6206
6206 3687 7503
3687 6206 7503
14743 4154 12980
12980 4154 14743
4154 12980 14743
5186 9783 10620
10620 5186 9783
9783 5186 10620
9960 2534 11708
2534 9960 11708
11708 2534 9960
2518 6403 9297
9297 2518 6403
6403 2518 9297
3302 13611 14232
14232 3302 13611
13611 3302 14232
14824 2406 6931
6931 2406 14824
2406 6931 14824
11400 2430 13101
2430 11400 13101
13101 2430 11400
10470 9902 11562
11562 9902 10470
9902 10470 11562
2035 1421 10095
1421 2035 10095
10095 1421 2035
5659 1850 4587
4587 1850 5659
1850 4587 5659
9265 9802 14413
9802 9265 14413
14413 9265 9802
13954 260 11415
260 11415 13954
11415 260 13954
8301 5 4673
5 4673 8301
4673 5 8301
13478 6664 14243
6664 13478 14243
14243 6664 13478
5692 7810 12394
7810 5692 12394
12394 5692 7810
180 3922 10138
3922 180 10138
10138 180 3922
3980 8915 13322
13322 3980 8915
8915 3980 13322
8765 1380 9701
1380 8765 9701
9701 1380 8765
12239 6933 14145
14145 6933 12239
6933 12239 14145
4759 9909 14638
14638 4759 9909
9909 4759 14638
10475 10341 11948
11948 10341 10475
