338 354 1428
354 338 1428
1428 338 354
1261 183 217
183 217 1261
217 183 1261
330 287 1239
287 330 1239
1239 287 330
625 298 987
298 625 987
987 298 625
1149 820 1419
1419 820 1149
820 1149 1419
1485 297 1456
1456 297 1485
297 1456 1485
1241 69 888
888 69 1241
69 888 1241
207 18 159
159 18 207
18 159 207
210 162 1396
162 210 1396
1396 162 210
404 584 1071
584 404 1071
1071 404 584
117 696 1340
1340 117 696
696 117 1340
129 68 320
320 68 129
68 129 320
971 231 324
231 324 971
324 231 971
1233 32 1489
32 1233 1489
1489 32 1233
1069 101 1073
101 1069 1073
1073 101 1069
1165 949 1325
1325 949 1165
949 1165 1325
719 405 1028
405 719 1028
1028 405 719
1262 220 887
887 220 1262
220 887 1262
1404 658 1004
1004 658 1404
658 1004 1404
1405 601 795
795 601 1405
601 795 1405
962 332 829
829 332 962
332 829 962
1059 798 933
798 933 1059
933 798 1059
994 804 1403
804 994 1403
1403 804 994
728 59 656
656 59 728
59 656 728
500 553 1107
1107 500 553
553 500 1107
495 726 1036
726 495 1036
1036 495 726
1474 838 1077
838 1077 1474
1077 838 1474
822 551 1300
1300 551 822
551 822 1300
216 13 1072
13 216 1072
1072 13 216
999 62 478
62 478 999
478 62 999
1354 190 1234
1234 190 1354
190 1234 1354
75 469 1079
469 75 1079
1079 75 469
1309 564 626
626 564 1309
564 626 1309
1136 79 527
527 79 1136
79 527 1136
436 96 443
443 96 436
96 436 443
1057 1213 1291
1213 1057 1291
1291 1057 1213
1379 316 648
648 316 1379
316 648 1379
396 352 1438
352 396 1438
1438 352 396
66 757 1412
1412 66 757
757 66 1412
1331 252 427
252 427 1331
427 252 1331
498 3 668
3 498 668
668 3 498
1235 477 1014
1014 477 1235
477 1014 1235
557 562 1388
1388 557 562
562 557 1388
40 511 1128
1128 40 511
511 40 1128
10 645 1436
1436 10 645
645 10 1436
1483 493 939
939 493 1483
493 939 1483
706 229 1351
1351 229 706
229 706 1351
100 136 763
136 100 763
763 100 136
966 307 506
506 307 966
307 506 966
208 699 846
846 208 699
699 208 846
243 513 589
513 243 589
589 243 513
382 1320 1467
1320 382 1467
1467 382 1320
1225 319 915
319 915 1225
915 319 1225
761 560 964
560 761 964
964 560 761
171 1376 1421
1376 171 1421
1421 171 1376
1285 278 980
278 980 1285
980 278 1285
1342 386 814
386 814 1342
814 386 1342
703 530 1139
530 703 1139
1139 530 703
733 630 919
630 733 919
919 630 733
923 387 985
387 923 985
985 387 923
385 686 990
990 385 686
686 385 990
841 978 1040
978 841 1040
1040 841 978
671 45 335
45 335 671
335 45 671
1212 685 1329
685 1212 1329
1329 685 1212
148 550 953
953 148 550
550 148 953
116 827 1338
827 116 1338
1338 116 827
440 293 908
293 440 908
908 293 440
746 70 676
676 70 746
70 676 746
860 570 1172
570 860 1172
1172 570 860
1273 137 1265
1265 137 1273
137 1265 1273
1417 725 743
743 725 1417
725 743 1417
134 1047 1343
1343 134 1047
1047 134 1343
1350 614 717
614 717 1350
717 614 1350
689 1048 1183
1183 689 1048
1048 689 1183
37 1242 1494
1494 37 1242
1242 37 1494
17 1087 1433
1433 17 1087
1087 17 1433
1112 433 807
807 433 1112
433 807 1112
1217 541 1448
1448 541 1217
541 1217 1448
312 86 501
501 86 312
86 312 501
768 515 1363
515 768 1363
1363 515 768
419 651 819
651 419 819
819 419 651
314 1016 1410
1410 314 1016
1016 314 1410
211 83 133
83 133 211
133 83 211
1220 263 358
263 358 1220
358 263 1220
474 1397 1493
1493 474 1397
1397 474 1493
236 422 1134
422 236 1134
1134 236 422
1184 809 1299
809 1184 1299
1299 809 1184
936 1142 1444
1142 936 1444
1444 936 1142
555 593 948
948 555 593
593 555 948
1305 596 831
596 831 1305
831 596 1305
680 789 1032
1032 680 789
789 680 1032
576 737 1289
1289 576 737
737 576 1289
114 499 1205
499 114 1205
1205 114 499
1321 139 1203
139 1203 1321
1203 139 1321
1464 158 1038
158 1038 1464
1038 158 1464
1103 261 805
261 805 1103
805 261 1103
432 806 1005
1005 432 806
806 432 1005
1076 120 507
120 507 1076
507 120 1076
913 50 1386
50 913 1386
1386 50 913
1198 797 1056
797 1056 1198
1056 797 1198
64 294 1092
294 64 1092
1092 64 294
366 173 1335
1335 173 366
173 366 1335
166 315 1312
1312 166 315
315 166 1312
1400 105 799
105 799 1400
799 105 1400
932 847 1108
1108 847 932
847 932 1108
1116 951 1492
951 1116 1492
1492 951 1116
889 547 767
767 547 889
547 767 889
545 237 1358
237 545 1358
1358 237 545
865 327 423
423 327 865
327 423 865
800 531 1407
1407 531 800
531 800 1407
622 438 956
956 438 622
438 622 956
1120 1281 1459
1459 1120 1281
1281 1120 1459
247 749 1098
1098 247 749
749 247 1098
655 458 1374
1374 458 655
458 655 1374
233 218 1369
1369 218 233
218 233 1369
363 552 595
552 363 595
595 363 552
181 1050 1089
1050 181 1089
1089 181 1050
791 249 1085
249 791 1085
1085 249 791
30 1070 1311
1070 30 1311
1311 30 1070
182 34 916
916 34 182
34 182 916
1200 29 909
29 909 1200
909 29 1200
730 1063 1375
1375 730 1063
1063 730 1375
209 476 524
524 209 476
476 209 524
347 267 1158
267 347 1158
1158 267 347
1274 993 1484
1484 993 1274
993 1274 1484
661 937 972
972 661 937
937 661 972
1091 187 784
187 784 1091
784 187 1091
442 47 1237
47 442 1237
1237 47 442
542 156 290
156 290 542
290 156 542
1401 1352 1488
1488 1352 1401
1352 1401 1488
1090 1115 1132
1115 1090 1132
1132 1090 1115
875 750 769
769 750 875
750 769 875
1411 7 31
7 31 1411
31 7 1411
60 157 1186
157 60 1186
1186 60 157
539 627 679
627 539 679
679 539 627
587 431 617
617 431 587
431 587 617
532 779 1457
779 532 1457
1457 532 779
1148 52 775
52 775 1148
775 52 1148
384 1232 1445
1445 384 1232
1232 384 1445
776 870 1029
1029 776 870
870 776 1029
227 654 1154
1154 227 654
654 227 1154
306 340 1344
340 306 1344
1344 306 340
946 186 1175
1175 186 946
186 946 1175
535 226 1174
226 535 1174
1174 226 535
755 345 1250
345 755 1250
1250 345 755
44 279 475
475 44 279
279 44 475
429 1270 1365
1365 429 1270
1270 429 1365
1003 415 989
415 989 1003
989 415 1003
1012 793 901
901 793 1012
793 901 1012
308 526 636
636 308 526
526 308 636
514 113 169
113 169 514
169 113 514
677 33 752
752 33 677
33 677 752
518 533 1199
1199 518 533
533 518 1199
1097 866 1037
1037 866 1097
866 1037 1097
684 376 1360
376 684 1360
1360 376 684
342 1 89
89 1 342
1 89 342
1487 503 1295
503 1295 1487
1295 503 1487
666 1303 1475
1303 666 1475
1475 666 1303
1383 409 488
409 488 1383
488 409 1383
1211 119 1283
119 1211 1283
1283 119 1211
426 944 1001
1001 426 944
944 426 1001
1187 566 1260
566 1187 1260
1260 566 1187
709 480 1080
480 709 1080
1080 480 709
712 353 1247
1247 353 712
353 712 1247
577 619 832
832 577 619
619 577 832
228 525 571
525 228 571
571 228 525
1339 184 621
184 621 1339
621 184 1339
884 291 1347
291 884 1347
1347 291 884
28 323 1170
1170 28 323
323 28 1170
597 644 1141
644 597 1141
1141 597 644
393 1035 1408
1035 393 1408
1408 393 1035
322 25 99
25 99 322
99 25 322
683 38 341
341 38 683
38 341 683
489 837 1208
1208 489 837
837 489 1208
1361 945 1119
945 1119 1361
1119 945 1361
930 716 741
741 716 930
716 741 930
407 266 970
266 407 970
970 266 407
214 95 1473
95 214 1473
1473 95 214
694 1078 1257
1078 694 1257
1257 694 1078
1317 1226 1326
1326 1226 1317
1226 1317 1326
328 107 537
107 328 537
537 107 328
731 976 1462
1462 731 976
976 731 1462
467 16 816
816 16 467
16 467 816
981 817 1194
817 981 1194
1194 817 981
73 224 675
224 73 675
675 73 224
26 903 1125
1125 26 903
903 26 1125
1000 221 581
581 221 1000
221 581 1000
1055 695 1161
1161 695 1055
695 1055 1161
1423 898 1384
1384 898 1423
898 1384 1423
502 12 1190
12 502 1190
1190 12 502
504 49 1491
1491 49 504
49 504 1491
1346 454 840
840 454 1346
454 840 1346
1192 878 929
878 929 1192
929 878 1192
1046 1210 1253
1253 1046 1210
1210 1046 1253
1355 881 1064
881 1064 1355
1064 881 1355
219 802 1008
802 219 1008
1008 219 802
1060 1052 1495
1495 1052 1060
1052 1060 1495
241 147 534
147 241 534
534 147 241
1254 459 1496
1496 459 1254
459 1254 1496
702 77 968
968 77 702
77 702 968
246 239 1023
1023 239 246
239 246 1023
1019 565 1322
1322 565 1019
565 1019 1322
94 255 1127
1127 94 255
255 94 1127
362 715 851
851 362 715
715 362 851
1468 1244 1387
1244 1387 1468
1387 1244 1468
377 304 988
304 377 988
988 304 377
693 1426 1458
1426 693 1458
1458 693 1426
359 864 1463
864 359 1463
1463 359 864
664 522 1251
1251 522 664
522 664 1251
27 339 738
339 27 738
738 27 339
1425 5 1479
5 1425 1479
1479 5 1425
652 1240 1476
1476 652 1240
1240 652 1476
1277 72 1024
1024 72 1277
72 1024 1277
1366 6 1447
1447 6 1366
6 1366 1447
745 130 521
521 130 745
130 521 745
1248 848 1065
848 1065 1248
1065 848 1248
559 482 713
482 559 713
713 482 559
849 434 845
845 434 849
434 845 849
897 1382 1466
1382 897 1466
1466 897 1382
19 364 996
996 19 364
364 19 996
1293 161 197
161 197 1293
197 161 1293
334 135 528
135 334 528
528 135 334
766 904 1123
1123 766 904
904 766 1123
874 165 259
259 165 874
165 259 874
1053 893 925
925 893 1053
893 925 1053
890 1219 1308
1219 890 1308
1308 890 1219
720 641 1245
641 720 1245
1245 641 720
1155 833 1353
833 1155 1353
1353 833 1155
858 372 1026
372 858 1026
1026 372 858
549 940 943
940 549 943
943 549 940
110 1096 1480
1480 110 1096
1096 110 1480
55 792 1337
792 55 1337
1337 55 792
991 313 657
313 657 991
657 313 991
1188 975 1377
1377 975 1188
975 1188 1377
1406 24 122
122 24 1406
24 122 1406
830 250 873
873 250 830
250 830 873
115 611 1324
611 115 1324
1324 115 611
536 333 1043
333 536 1043
1043 333 536
1117 325 1498
1498 325 1117
325 1117 1498
979 697 896
697 896 979
896 697 979
1034 22 1054
1054 22 1034
22 1034 1054
365 886 1162
886 365 1162
1162 365 886
1455 573 961
961 573 1455
573 961 1455
1390 104 643
104 643 1390
643 104 1390
260 808 1418
1418 260 808
808 260 1418
765 91 408
91 408 765
408 91 765
168 894 1017
894 168 1017
1017 168 894
872 508 1031
508 872 1031
1031 508 872
568 14 582
14 568 582
582 14 568
1206 192 479
192 479 1206
479 192 1206
1446 170 282
282 170 1446
170 282 1446
430 1086 1157
1086 430 1157
1157 430 1086
681 705 1450
705 681 1450
1450 681 705
967 310 780
310 780 967
780 310 967
468 238 764
238 468 764
764 238 468
1204 574 721
574 721 1204
721 574 1204
374 57 1449
57 374 1449
1449 57 374
856 722 1030
1030 722 856
722 856 1030
613 1368 1430
1430 613 1368
1368 613 1430
1319 394 983
983 394 1319
394 983 1319
579 337 788
788 337 579
337 579 788
403 160 810
160 403 810
810 160 403
1287 202 914
202 914 1287
914 202 1287
1341 61 1359
61 1341 1359
1359 61 1341
575 1207 1284
1207 575 1284
1284 575 1207
790 891 1156
1156 790 891
891 790 1156
544 88 724
88 544 724
724 88 544
1288 140 1094
140 1094 1288
1094 140 1288
1420 284 642
642 284 1420
284 642 1420
421 193 460
193 421 460
460 193 421
1389 138 1314
138 1314 1389
1314 138 1389
188 111 1068
1068 111 188
111 188 1068
631 149 1160
149 631 1160
1160 149 631
346 465 623
465 346 623
623 346 465
456 253 687
253 456 687
687 253 456
1441 952 1460
1460 952 1441
952 1441 1460
127 303 1018
1018 127 303
303 127 1018
78 106 1009
1009 78 106
106 78 1009
647 58 1272
1272 58 647
58 647 1272
955 242 591
242 591 955
591 242 955
1249 283 782
782 283 1249
283 782 1249
786 8 441
441 8 786
8 441 786
1100 356 701
356 701 1100
701 356 1100
371 292 759
292 371 759
759 292 371
85 826 862
826 85 862
862 85 826
336 251 672
672 251 336
251 336 672
1499 381 1323
1323 381 1499
381 1323 1499
958 97 1151
1151 97 958
97 958 1151
1370 121 1435
1435 121 1370
121 1370 1435
53 496 1167
496 53 1167
1167 53 496
620 56 632
632 56 620
56 620 632
653 876 954
954 653 876
876 653 954
917 1176 1422
1176 917 1422
1422 917 1176
164 585 828
828 164 585
585 164 828
857 883 998
998 857 883
883 857 998
1392 4 1113
4 1113 1392
1113 4 1392
1083 606 1442
606 1083 1442
1442 606 1083
1393 326 1296
326 1296 1393
1296 326 1393
1391 1461 1477
1477 1391 1461
1461 1391 1477
1469 815 1229
1229 815 1469
815 1229 1469
379 616 772
772 379 616
616 379 772
254 93 1380
93 254 1380
1380 93 254
435 974 1282
1282 435 974
974 435 1282
108 567 984
567 108 984
984 108 567
1133 109 1135
109 1133 1135
1135 109 1133
132 1062 1362
1362 132 1062
1062 132 1362
463 191 413
191 413 463
413 191 463
812 486 633
633 486 812
486 633 812
931 637 1268
637 931 1268
1268 637 931
84 276 1307
1307 84 276
276 84 1307
152 538 895
538 152 895
895 152 538
785 1166 1409
1166 785 1409
1409 785 1166
1147 383 756
383 756 1147
756 383 1147
167 758 1402
1402 167 758
758 167 1402
510 185 753
185 510 753
753 185 510
445 350 783
783 350 445
350 445 783
418 51 670
670 51 418
51 418 670
464 1013 1209
1013 464 1209
1209 464 1013
305 450 754
754 305 450
450 305 754
1027 1252 1313
1252 1027 1313
1313 1027 1252
839 299 414
414 299 839
299 414 839
1278 540 803
540 803 1278
803 540 1278
523 288 448
448 288 523
288 448 523
1452 843 1081
1081 843 1452
843 1081 1452
198 39 446
39 198 446
446 39 198
580 143 863
863 143 580
143 580 863
997 205 1336
205 997 1336
1336 205 997
612 390 1131
1131 390 612
390 612 1131
787 163 700
163 700 787
700 163 787
1266 650 663
650 663 1266
663 650 1266
466 1228 1471
1228 466 1471
1471 466 1228
796 146 690
146 690 796
690 146 796
624 112 1159
1159 112 624
112 624 1159
1039 698 1126
1126 698 1039
698 1039 1126
1279 46 331
46 331 1279
331 46 1279
947 485 732
485 732 947
732 485 947
400 199 1453
1453 199 400
199 400 1453
842 452 492
492 452 842
452 492 842
811 151 296
296 151 811
151 296 811
941 204 397
397 204 941
204 397 941
1231 361 634
634 361 1231
361 634 1231
1168 54 1472
54 1168 1472
1472 54 1168
380 691 1301
1301 380 691
691 380 1301
2 548 922
922 2 548
548 2 922
868 855 871
871 855 868
855 868 871
439 569 1084
569 439 1084
1084 439 569
825 615 942
942 615 825
615 825 942
1163 274 649
649 274 1163
274 649 1163
1196 529 1373
529 1196 1373
1373 529 1196
1334 428 1044
1044 428 1334
428 1044 1334
959 275 928
275 928 959
928 275 959
667 203 1451
1451 203 667
203 667 1451
1256 277 604
604 277 1256
277 604 1256
425 367 1482
367 425 1482
1482 367 425
707 212 1111
212 707 1111
1111 212 707
638 196 1500
1500 196 638
196 638 1500
92 15 1294
15 92 1294
1294 15 92
635 213 517
517 213 635
213 517 635
195 823 1378
823 195 1378
1378 195 823
718 375 487
375 487 718
487 375 718
1182 854 1143
1143 854 1182
854 1143 1182
834 1178 1395
1395 834 1178
1178 834 1395
1189 735 778
735 778 1189
778 735 1189
674 142 1102
1102 142 674
142 674 1102
905 175 1416
1416 175 905
175 905 1416
751 35 351
35 351 751
351 35 751
1045 1042 1146
1146 1042 1045
1042 1045 1146
42 453 1177
1177 42 453
453 42 1177
1067 262 973
262 973 1067
973 262 1067
462 222 801
801 222 462
222 462 801
1137 995 1443
995 1137 1443
1443 995 1137
355 678 1304
1304 355 678
678 355 1304
373 986 1061
1061 373 986
986 373 1061
481 869 1058
869 481 1058
1058 481 869
270 1022 1214
1214 270 1022
1022 270 1214
189 451 902
902 189 451
451 189 902
1145 126 1099
126 1099 1145
1099 126 1145
230 41 98
98 41 230
41 98 230
1238 714 1481
714 1238 1481
1481 714 1238
245 248 1280
1280 245 248
248 245 1280
1230 794 1356
1356 794 1230
794 1230 1356
1315 877 1437
1437 877 1315
877 1315 1437
813 63 1271
63 813 1271
1271 63 813
512 71 1049
71 512 1049
1049 71 512
1169 125 950
125 950 1169
950 125 1169
1497 588 1327
1327 588 1497
588 1327 1497
1152 1011 1218
1011 1152 1218
1218 1011 1152
1385 206 899
206 899 1385
899 206 1385
1015 369 410
369 410 1015
410 369 1015
1364 141 1264
141 1264 1364
1264 141 1364
118 660 1415
660 118 1415
1415 118 660
200 1124 1440
1440 200 1124
1124 200 1440
969 123 1138
1138 123 969
123 969 1138
558 853 1298
853 558 1298
1298 558 853
519 457 1367
457 519 1367
1367 457 519
1333 21 736
21 736 1333
736 21 1333
391 483 892
892 391 483
483 391 892
1180 472 1413
1413 472 1180
472 1180 1413
1269 80 774
774 80 1269
80 774 1269
1439 906 920
920 906 1439
906 920 1439
1121 490 734
490 734 1121
734 490 1121
1424 491 1310
1310 491 1424
491 1310 1424
82 103 265
265 82 103
103 82 265
1330 470 744
470 744 1330
744 470 1330
420 692 867
867 420 692
692 420 867
818 244 273
244 273 818
273 244 818
992 87 1290
87 992 1290
1290 87 992
268 357 1275
1275 268 357
357 268 1275
271 144 1173
144 271 1173
1173 144 271
223 416 461
416 223 461
461 223 416
665 594 1041
594 665 1041
1041 594 665
911 921 1255
921 911 1255
1255 911 921
180 497 1066
1066 180 497
497 180 1066
821 399 561
561 399 821
399 561 821
131 592 957
957 131 592
592 131 957
1130 317 1243
1243 317 1130
317 1130 1243
938 605 1372
1372 605 938
605 938 1372
1191 603 965
603 965 1191
965 603 1191
739 398 1181
1181 398 739
398 739 1181
505 318 1432
318 505 1432
1432 318 505
1414 295 1216
1216 295 1414
295 1216 1414
1227 9 174
174 9 1227
9 174 1227
773 879 1221
879 773 1221
1221 773 879
1454 81 1082
81 1082 1454
1082 81 1454
742 153 609
153 609 742
609 153 742
201 924 1470
1470 201 924
924 201 1470
177 572 850
572 177 850
850 177 572
982 155 747
747 155 982
155 747 982
240 710 836
836 240 710
710 240 836
1033 368 1236
1236 368 1033
368 1033 1236
179 178 723
723 178 179
178 179 723
395 234 520
520 234 395
234 395 520
392 824 1093
824 392 1093
1093 392 824
417 711 1276
1276 417 711
711 417 1276
1286 740 861
861 740 1286
740 861 1286
150 48 1431
1431 48 150
48 150 1431
124 598 1202
598 124 1202
1202 124 598
546 578 1486
578 546 1486
1486 546 578
1223 406 1109
1109 406 1223
406 1109 1223
1144 835 1490
1490 835 1144
835 1144 1490
608 412 1371
1371 412 608
412 608 1371
583 43 935
935 43 583
43 583 935
907 777 1465
777 907 1465
1465 777 907
1399 285 1215
285 1215 1399
1215 285 1399
256 1007 1349
1007 256 1349
1349 256 1007
646 1222 1394
1394 646 1222
1222 646 1394
154 281 449
449 154 281
281 154 449
289 859 1332
859 289 1332
1332 289 859
640 844 1106
844 640 1106
1106 640 844
172 311 509
311 172 509
509 172 311
770 762 1316
762 770 1316
1316 762 770
1197 444 1345
1345 444 1197
444 1197 1345
1075 269 1179
269 1075 1179
1179 269 1075
1150 102 1171
1171 102 1150
102 1150 1171
599 586 760
760 586 599
586 599 760
885 628 1259
628 885 1259
1259 628 885
543 602 1074
1074 543 602
602 543 1074
771 926 1114
926 771 1114
1114 771 926
1195 378 669
669 378 1195
378 669 1195
1381 704 963
704 963 1381
963 704 1381
900 36 302
302 36 900
36 302 900
1328 977 1129
977 1129 1328
1129 977 1328
927 235 1302
235 927 1302
1302 235 927
257 23 639
23 257 639
639 23 257
1263 437 1306
1306 437 1263
437 1263 1306
1020 264 1140
264 1020 1140
1140 264 1020
309 145 401
401 145 309
145 309 401
1357 960 1246
960 1246 1357
1246 960 1357
729 11 708
11 708 729
708 11 729
563 90 1318
1318 90 563
90 563 1318
781 662 1105
662 781 1105
1105 662 781
629 516 1297
1297 516 629
516 629 1297
176 727 1025
1025 176 727
727 176 1025
659 1118 1398
1118 659 1398
1398 659 1118
389 329 618
618 329 389
329 389 618
1267 912 1101
912 1101 1267
1101 912 1267
1224 402 1122
1122 402 1224
402 1122 1224
1258 682 1153
1153 682 1258
682 1153 1258
607 673 1434
1434 607 673
673 607 1434
471 286 344
286 344 471
344 286 471
1164 1006 1104
1006 1104 1164
1104 1006 1164
424 76 1292
1292 76 424
76 424 1292
590 74 1201
1201 74 590
74 590 1201
215 349 1002
1002 215 349
349 215 1002
258 300 556
556 258 300
300 258 556
610 388 1478
388 610 1478
1478 388 610
1348 554 688
554 688 1348
688 554 1348
1193 494 852
494 852 1193
852 494 1193
1429 910 934
934 910 1429
910 934 1429
411 343 1110
1110 343 411
343 411 1110
1427 360 1051
360 1051 1427
1051 360 1427
65 194 880
194 65 880
880 65 194
882 455 1021
455 882 1021
1021 455 882
280 447 918
447 280 918
918 280 447
1185 20 321
20 321 1185
321 20 1185
748 301 600
600 301 748
301 600 748
484 67 1095
67 484 1095
1095 67 484
128 370 1088
370 128 1088
1088 128 370
272 225 348
225 272 348
348 225 272
232 473 1010
473 232 1010
1010 232 473
