1007 46 1283
46 1007 1283
1283 46 1007
400 580 1043
580 400 1043
1043 400 580
1073 313 1242
1242 313 1073
313 1073 1242
966 195 345
345 195 966
195 345 966
154 673 761
673 154 761
761 154 673
205 9 339
339 9 205
9 205 339
1252 250 258
250 258 1252
258 250 1252
106 738 1391
738 106 1391
1391 106 738
24 204 1383
1383 24 204
204 24 1383
21 1150 1346
1150 21 1346
1346 21 1150
1379 688 1267
1267 688 1379
688 1267 1379
375 828 1433
828 375 1433
1433 375 828
497 113 1473
113 497 1473
1473 113 497
632 1135 1471
1471 632 1135
1135 632 1471
1111 1066 1469
1469 1066 1111
1066 1111 1469
725 357 619
619 357 725
357 619 725
880 189 1110
1110 189 880
189 880 1110
1154 353 1310
353 1154 1310
1310 353 1154
956 305 324
305 324 956
324 305 956
854 436 1221
436 854 1221
1221 436 854
1460 181 1009
181 1009 1460
1009 181 1460
698 1163 1218
1163 698 1218
1218 698 1163
335 1227 1367
1227 335 1367
1367 335 1227
1397 691 1123
691 1123 1397
1123 691 1397
967 549 1096
549 967 1096
1096 549 967
830 904 1208
1208 830 904
904 830 1208
350 32 812
32 350 812
812 32 350
900 97 713
97 713 900
713 97 900
1461 165 906
906 165 1461
165 906 1461
493 417 974
974 417 493
417 493 974
546 299 1428
1428 299 546
299 546 1428
590 429 431
431 429 590
429 431 590
69 307 1414
1414 69 307
307 69 1414
1061 288 1129
1129 288 1061
288 1061 1129
359 295 1157
1157 295 359
295 359 1157
71 320 1260
1260 71 320
320 71 1260
720 443 1064
1064 443 720
443 720 1064
651 480 1095
1095 480 651
480 651 1095
377 543 1251
543 377 1251
1251 377 543
104 315 1167
315 104 1167
1167 104 315
492 1051 1347
1051 492 1347
1347 492 1051
1496 697 1328
697 1328 1496
1328 697 1496
85 322 671
671 85 322
322 85 671
433 183 860
183 433 860
860 183 433
1382 675 1158
1158 675 1382
675 1158 1382
39 238 607
238 39 607
607 39 238
306 1 1453
1453 1 306
1 306 1453
1003 616 1480
616 1003 1480
1480 616 1003
1068 623 1194
623 1068 1194
1194 623 1068
1113 634 782
634 782 1113
782 634 1113
461 473 559
559 461 473
473 461 559
87 696 1105
1105 87 696
696 87 1105
1102 411 876
411 876 1102
876 411 1102
969 791 1375
1375 791 969
791 969 1375
992 1108 1500
1500 992 1108
1108 992 1500
857 43 984
43 857 984
984 43 857
1081 393 941
393 941 1081
941 393 1081
194 601 1306
601 194 1306
1306 194 601
586 1132 1456
1132 586 1456
1456 586 1132
1337 208 1182
208 1182 1337
1182 208 1337
11 1285 1323
1285 11 1323
1323 11 1285
1290 126 527
527 126 1290
126 527 1290
251 272 1087
1087 251 272
272 251 1087
824 995 1240
995 824 1240
1240 824 995
1243 648 820
820 648 1243
648 820 1243
1341 254 663
663 254 1341
254 663 1341
428 201 894
894 201 428
201 428 894
550 1455 1495
1495 550 1455
1455 550 1495
147 108 386
386 108 147
108 147 386
674 360 501
360 501 674
501 360 674
592 42 510
42 510 592
510 42 592
879 192 766
766 192 879
192 766 879
1411 340 591
340 591 1411
591 340 1411
605 474 793
793 474 605
474 605 793
286 450 859
450 286 859
859 286 450
1305 683 780
683 780 1305
780 683 1305
186 689 758
758 186 689
689 186 758
1357 100 193
193 100 1357
100 193 1357
1434 454 519
519 454 1434
454 519 1434
292 59 1298
59 292 1298
1298 59 292
716 396 740
396 716 740
740 396 716
611 223 1342
223 611 1342
1342 223 611
36 508 1384
1384 36 508
508 36 1384
1246 875 1442
875 1246 1442
1442 875 1246
1169 70 1478
70 1169 1478
1478 70 1169
855 170 1438
170 855 1438
1438 170 855
456 407 579
407 456 579
579 407 456
1014 257 693
257 693 1014
693 257 1014
1257 575 668
575 668 1257
668 575 1257
4 296 1405
296 4 1405
1405 4 296
361 202 404
202 361 404
404 202 361
347 774 1063
774 347 1063
1063 347 774
190 73 687
687 73 190
73 190 687
432 764 1179
764 432 1179
1179 432 764
712 232 1400
1400 232 712
232 712 1400
1300 792 1018
792 1018 1300
1018 792 1300
373 544 1268
1268 373 544
544 373 1268
8 103 958
958 8 103
103 8 958
889 29 421
421 29 889
29 421 889
1413 843 1174
1174 843 1413
843 1174 1413
44 630 1320
1320 44 630
630 44 1320
664 1404 1452
1452 664 1404
1404 664 1452
123 285 1445
1445 123 285
285 123 1445
1489 151 225
151 225 1489
225 151 1489
921 734 1396
734 921 1396
1396 734 921
412 1089 1183
1089 412 1183
1183 412 1089
1331 1065 1088
1065 1088 1331
1088 1065 1331
1475 220 1226
220 1226 1475
1226 220 1475
779 150 1146
1146 150 779
150 779 1146
802 1446 1483
1483 802 1446
1446 802 1483
482 640 1435
640 482 1435
1435 482 640
244 319 539
319 244 539
539 244 319
583 732 1230
732 583 1230
1230 583 732
1280 909 1450
909 1280 1450
1450 909 1280
1463 532 757
757 532 1463
532 757 1463
38 116 833
116 38 833
833 38 116
656 291 903
291 656 903
903 291 656
277 574 1344
574 277 1344
1344 277 574
1220 376 928
376 928 1220
928 376 1220
1321 287 944
944 287 1321
287 944 1321
65 588 1021
588 65 1021
1021 65 588
1075 369 1317
1317 369 1075
369 1075 1317
76 402 570
570 76 402
402 76 570
27 517 1408
517 27 1408
1408 27 517
834 162 318
162 318 834
318 162 834
1039 41 1076
1076 41 1039
41 1039 1076
1299 84 609
84 609 1299
609 84 1299
1253 289 512
512 289 1253
289 512 1253
78 378 1203
378 78 1203
1203 78 378
719 58 1149
1149 58 719
58 719 1149
1417 142 813
813 142 1417
142 813 1417
416 481 703
481 416 703
703 416 481
229 655 1162
1162 229 655
655 229 1162
249 509 554
509 249 554
554 249 509
452 506 1416
506 452 1416
1416 452 506
799 460 600
460 600 799
600 460 799
487 227 1329
1329 227 487
227 487 1329
1225 68 1334
1334 68 1225
68 1225 1334
1030 846 1170
1170 846 1030
846 1030 1170
1210 899 923
899 923 1210
923 899 1210
216 744 1206
1206 216 744
744 216 1206
565 661 845
661 565 845
845 565 661
491 526 1077
1077 491 526
526 491 1077
268 522 1470
522 268 1470
1470 268 522
978 484 1312
1312 484 978
484 978 1312
317 389 1432
1432 317 389
389 317 1432
646 705 1493
705 646 1493
1493 646 705
143 75 1376
1376 75 143
75 143 1376
1291 420 1131
420 1131 1291
1131 420 1291
772 336 1476
1476 336 772
336 772 1476
849 157 1056
157 849 1056
1056 157 849
989 62 1309
62 989 1309
1309 62 989
1172 1196 1366
1196 1172 1366
1366 1172 1196
1443 311 1082
311 1082 1443
1082 311 1443
613 760 1465
1465 613 760
760 613 1465
498 516 1363
516 498 1363
1363 498 516
809 259 733
259 733 809
733 259 809
636 810 1045
810 636 1045
1045 636 810
1120 1059 1213
1059 1120 1213
1213 1059 1120
765 618 1002
1002 618 765
618 765 1002
1358 1040 1211
1211 1040 1358
1040 1211 1358
1289 783 1481
1481 783 1289
783 1289 1481
462 6 891
6 462 891
891 6 462
1482 199 797
797 199 1482
199 797 1482
1229 234 1340
234 1229 1340
1340 234 1229
597 541 1369
1369 541 597
541 597 1369
1222 63 179
179 63 1222
63 179 1222
806 553 927
553 806 927
927 553 806
14 155 1258
155 14 1258
1258 14 155
985 355 883
355 883 985
883 355 985
247 1186 1272
1186 247 1272
1272 247 1186
133 390 934
934 133 390
390 133 934
453 48 346
48 346 453
346 48 453
604 963 1318
1318 604 963
963 604 1318
231 15 169
15 169 231
169 15 231
1301 690 1353
1353 690 1301
690 1301 1353
160 836 1036
836 160 1036
1036 160 836
102 52 366
366 52 102
52 102 366
1197 269 993
269 993 1197
993 269 1197
475 5 173
173 5 475
5 173 475
138 37 684
684 37 138
37 138 684
819 212 821
821 212 819
212 819 821
1141 222 1327
1327 222 1141
222 1141 1327
905 602 867
602 867 905
867 602 905
1274 680 1122
1122 680 1274
680 1122 1274
114 310 312
312 114 310
310 114 312
197 395 1333
395 197 1333
1333 197 395
998 794 827
794 827 998
827 794 998
639 649 1449
1449 639 649
649 639 1449
1256 1248 1273
1273 1248 1256
1248 1256 1273
925 182 666
666 182 925
182 666 925
942 451 743
451 743 942
743 451 942
1037 707 723
707 723 1037
723 707 1037
1069 130 555
130 555 1069
555 130 1069
1189 700 936
936 700 1189
700 936 1189
535 694 699
699 535 694
694 535 699
754 489 569
569 489 754
489 569 754
1012 1374 1386
1386 1012 1374
1374 1012 1386
476 920 972
972 476 920
920 476 972
518 1062 1259
1062 518 1259
1259 518 1062
180 253 742
253 180 742
742 180 253
1451 109 423
109 423 1451
423 109 1451
91 215 665
215 91 665
665 91 215
60 1001 1091
1091 60 1001
1001 60 1091
653 477 1292
1292 477 653
477 653 1292
711 1231 1401
1401 711 1231
1231 711 1401
1236 556 1121
1121 556 1236
556 1121 1236
1474 370 856
856 370 1474
370 856 1474
394 146 695
146 394 695
695 146 394
49 862 863
863 49 862
862 49 863
1216 298 540
540 298 1216
298 540 1216
835 263 1047
1047 263 835
263 835 1047
218 557 954
557 218 954
954 218 557
1265 72 1271
72 1265 1271
1271 72 1265
120 537 1468
537 120 1468
1468 120 537
31 348 1193
348 31 1193
1193 31 348
877 110 1394
1394 110 877
110 877 1394
1184 500 1389
500 1184 1389
1389 500 1184
1232 444 515
515 444 1232
444 515 1232
246 93 1349
93 246 1349
1349 93 246
669 161 1098
1098 161 669
161 669 1098
727 207 321
321 207 727
207 321 727
1330 430 1467
430 1330 1467
1467 430 1330
823 490 502
490 502 823
502 490 823
749 178 913
913 178 749
178 749 913
495 30 1458
30 495 1458
1458 30 495
488 406 1093
406 488 1093
1093 406 488
235 681 914
681 235 914
914 235 681
1302 564 1332
564 1302 1332
1332 564 1302
1418 523 917
523 917 1418
917 523 1418
825 33 1359
33 825 1359
1359 33 825
790 422 994
422 790 994
994 422 790
1180 363 702
363 702 1180
702 363 1180
503 191 507
507 191 503
191 503 507
403 521 1136
1136 403 521
521 403 1136
1373 187 1339
187 1339 1373
1339 187 1373
1124 660 840
840 660 1124
660 840 1124
156 367 472
367 156 472
472 156 367
1492 280 338
338 280 1492
280 338 1492
1303 188 724
188 724 1303
724 188 1303
1079 125 274
125 274 1079
274 125 1079
997 20 1046
1046 20 997
20 997 1046
982 131 871
871 131 982
131 871 982
1296 645 1368
1368 645 1296
645 1296 1368
1410 839 892
839 892 1410
892 839 1410
374 750 1398
750 374 1398
1398 374 750
955 563 884
563 884 955
884 563 955
414 735 1426
735 414 1426
1426 414 735
1319 861 929
861 929 1319
929 861 1319
874 577 776
577 776 874
776 577 874
948 303 1297
1297 303 948
303 948 1297
1351 372 811
372 811 1351
811 372 1351
1462 132 1423
1423 132 1462
132 1423 1462
915 53 1119
53 915 1119
1119 53 915
438 520 826
826 438 520
520 438 826
122 47 817
817 47 122
47 122 817
1430 371 1008
1008 371 1430
371 1008 1430
940 134 952
134 940 952
952 134 940
865 185 706
706 185 865
185 706 865
922 175 584
584 175 922
175 584 922
528 787 937
787 528 937
937 528 787
589 415 536
536 415 589
415 536 589
256 448 1477
1477 256 448
448 256 1477
878 309 1092
309 878 1092
1092 309 878
788 358 864
864 358 788
358 788 864
325 381 587
587 325 381
381 325 587
329 121 167
121 167 329
167 121 329
262 383 1431
383 262 1431
1431 262 383
1324 1100 1409
1409 1100 1324
1100 1324 1409
1224 1115 1387
1387 1115 1224
1115 1224 1387
1419 718 730
718 730 1419
730 718 1419
1187 514 873
514 873 1187
873 514 1187
111 304 897
304 111 897
897 111 304
34 301 895
895 34 301
301 34 895
1390 331 1338
1338 331 1390
331 1338 1390
547 637 837
837 547 637
637 547 837
300 252 434
252 300 434
434 252 300
1388 447 571
571 447 1388
447 571 1388
435 852 919
852 435 919
919 435 852
729 578 1439
1439 578 729
578 729 1439
337 868 1016
868 337 1016
1016 337 868
135 728 1205
728 135 1205
1205 135 728
1479 486 530
486 530 1479
530 486 1479
426 1168 1215
1168 426 1215
1215 426 1168
1381 627 686
627 686 1381
686 627 1381
612 715 1276
1276 612 715
715 612 1276
424 10 1370
1370 10 424
10 424 1370
538 88 831
88 538 831
831 88 538
168 267 1427
267 168 1427
1427 168 267
617 1269 1304
1269 617 1304
1304 617 1269
198 177 950
950 177 198
177 198 950
64 643 1343
1343 64 643
643 64 1343
848 265 795
795 265 848
265 795 848
1223 606 1053
1053 606 1223
606 1053 1223
714 77 850
77 714 850
850 77 714
1425 896 1052
896 1052 1425
1052 896 1425
236 40 1017
1017 40 236
40 236 1017
226 800 805
805 226 800
800 226 805
418 1412 1497
1412 418 1497
1497 418 1412
1010 83 385
83 385 1010
385 83 1010
935 581 1022
581 935 1022
1022 581 935
545 624 629
629 545 624
624 545 629
1085 129 807
129 807 1085
807 129 1085
1233 128 1315
128 1233 1315
1315 128 1233
996 943 1137
943 996 1137
1137 943 996
463 531 1385
531 463 1385
1385 463 531
976 172 1293
172 976 1293
1293 172 976
741 221 979
979 221 741
221 741 979
466 57 658
658 57 466
57 466 658
264 365 1239
1239 264 365
365 264 1239
1029 662 1200
662 1029 1200
1200 662 1029
1424 931 1307
1307 931 1424
931 1307 1424
217 152 271
271 152 217
152 217 271
1316 844 1308
844 1308 1316
1308 844 1316
789 968 1288
968 789 1288
1288 789 968
561 756 1028
756 561 1028
1028 561 756
1234 959 1393
1393 959 1234
959 1234 1393
1263 148 1219
1219 148 1263
148 1219 1263
676 1049 1155
1049 676 1155
1155 676 1049
1161 419 1080
1080 419 1161
419 1080 1161
709 470 1106
1106 470 709
470 709 1106
67 717 1178
1178 67 717
717 67 1178
722 139 814
139 722 814
814 139 722
659 439 1011
439 659 1011
1011 439 659
145 1041 1166
1041 145 1166
1166 145 1041
752 1364 1466
1364 752 1466
1466 752 1364
1286 534 1238
1238 534 1286
534 1238 1286
885 708 1365
708 885 1365
1365 708 885
888 907 1151
1151 888 907
907 888 1151
239 822 1027
1027 239 822
822 239 1027
1035 410 784
410 784 1035
784 410 1035
970 932 1356
1356 932 970
932 970 1356
90 79 341
341 79 90
79 90 341
89 176 275
275 89 176
176 89 275
930 158 437
158 437 930
437 158 930
1440 701 957
701 957 1440
957 701 1440
1295 427 1336
427 1295 1336
1336 427 1295
926 290 628
290 628 926
628 290 926
293 196 1050
196 293 1050
1050 196 293
1078 457 1024
457 1024 1078
1024 457 1078
1264 677 762
677 762 1264
762 677 1264
625 94 334
94 334 625
334 94 625
710 679 1454
679 710 1454
1454 679 710
1228 573 685
685 573 1228
573 685 1228
3 302 1486
302 3 1486
1486 3 302
965 946 1026
1026 946 965
946 965 1026
908 245 829
829 245 908
245 829 908
1147 17 1177
17 1147 1177
1177 17 1147
803 55 962
55 803 962
962 55 803
1361 356 1084
1084 356 1361
356 1084 1361
230 101 459
459 101 230
101 230 459
551 184 870
184 551 870
870 184 551
947 243 1498
243 947 1498
1498 243 947
1074 294 316
316 294 1074
294 316 1074
1025 105 1199
1199 105 1025
105 1025 1199
1380 753 853
753 853 1380
853 753 1380
1128 171 1054
171 1054 1128
1054 171 1128
781 748 1360
748 781 1360
1360 748 781
279 567 1420
567 279 1420
1420 279 567
1143 1262 1278
1262 1143 1278
1278 1143 1262
112 524 576
576 112 524
524 112 576
200 96 1314
96 200 1314
1314 96 200
1057 408 667
408 667 1057
667 408 1057
832 240 1000
240 832 1000
1000 240 832
858 211 1499
211 858 1499
1499 211 858
124 86 1060
86 124 1060
1060 86 124
1048 796 1484
1484 796 1048
796 1048 1484
721 23 1101
1101 23 721
23 721 1101
401 615 999
615 401 999
999 401 615
1214 652 1207
652 1207 1214
1207 652 1214
1140 446 654
446 654 1140
654 446 1140
650 99 1421
99 650 1421
1421 99 650
107 1145 1294
1294 107 1145
1145 107 1294
496 266 641
641 266 496
266 496 641
297 986 1071
1071 297 986
986 297 1071
1142 354 1103
1103 354 1142
354 1103 1142
866 342 672
672 342 866
342 672 866
1188 644 1362
644 1188 1362
1362 644 1188
525 136 1350
136 525 1350
1350 136 525
384 1277 1372
1277 384 1372
1372 384 1277
1255 25 237
237 25 1255
25 237 1255
773 890 924
924 773 890
890 773 924
81 330 1152
1152 81 330
330 81 1152
1033 682 815
682 815 1033
815 682 1033
678 593 1348
1348 593 678
593 678 1348
912 614 1378
1378 614 912
614 912 1378
74 174 953
953 74 174
174 74 953
260 26 35
26 35 260
35 26 260
1287 769 1117
1117 769 1287
769 1117 1287
140 213 323
323 140 213
213 140 323
1116 203 778
203 778 1116
778 203 1116
768 911 1422
911 768 1422
1422 768 911
548 916 1313
1313 548 916
916 548 1313
1447 115 1156
115 1156 1447
1156 115 1447
910 692 1266
1266 692 910
692 910 1266
633 442 798
442 633 798
798 442 633
1139 2 379
2 379 1139
379 2 1139
149 533 1023
1023 149 533
533 149 1023
233 1275 1488
1275 233 1488
1488 233 1275
1185 759 1459
1459 759 1185
759 1185 1459
1044 314 1354
1354 314 1044
314 1044 1354
270 869 886
886 270 869
869 270 886
92 241 1148
1148 92 241
241 92 1148
1181 1235 1261
1261 1181 1235
1235 1181 1261
1058 949 1032
949 1032 1058
1032 949 1058
1249 392 988
392 988 1249
988 392 1249
1175 513 1209
513 1175 1209
1209 513 1175
987 621 1198
1198 621 987
621 987 1198
804 7 391
7 391 804
391 7 804
1250 153 1097
153 1097 1250
1097 153 1250
599 542 777
777 542 599
542 599 777
261 499 657
499 261 657
657 261 499
726 746 938
746 726 938
938 726 746
1326 343 775
343 775 1326
775 343 1326
117 61 273
61 117 273
273 61 117
1311 281 1212
1212 281 1311
281 1212 1311
1355 731 770
770 731 1355
731 770 1355
1325 479 1055
479 1055 1325
1055 479 1325
991 163 1448
1448 163 991
163 991 1448
1015 1005 1345
1005 1015 1345
1345 1005 1015
1133 54 622
622 54 1133
54 622 1133
1237 209 504
209 504 1237
504 209 1237
786 1019 1270
1270 786 1019
1019 786 1270
1006 1004 1109
1004 1006 1109
1109 1004 1006
1083 1202 1415
1202 1083 1415
1415 1083 1202
219 18 413
413 18 219
18 219 413
28 902 1472
1472 28 902
902 28 1472
603 1191 1322
1191 603 1322
1322 603 1191
1494 898 1437
898 1437 1494
1437 898 1494
529 841 975
975 529 841
841 529 975
398 739 1371
1371 398 739
739 398 1371
505 166 362
362 166 505
166 362 505
1171 562 620
562 620 1171
620 562 1171
771 409 964
409 771 964
964 409 771
973 1086 1201
1201 973 1086
1086 973 1201
308 642 1204
642 308 1204
1204 308 642
351 455 818
455 351 818
818 351 455
16 704 1125
1125 16 704
704 16 1125
478 566 785
785 478 566
566 478 785
1284 1134 1403
1134 1284 1403
1403 1134 1284
1457 626 1279
626 1279 1457
1279 626 1457
1176 12 1034
1034 12 1176
12 1034 1176
981 248 485
248 485 981
485 248 981
842 572 1159
572 842 1159
1159 572 842
1153 328 1126
328 1126 1153
1126 328 1153
282 980 1031
1031 282 980
980 282 1031
1244 1190 1441
1190 1244 1441
1441 1190 1244
608 467 1090
1090 467 608
467 608 1090
960 278 1020
278 960 1020
1020 278 960
119 468 1013
468 119 1013
1013 119 468
1485 399 1144
1144 399 1485
399 1144 1485
1392 1130 1281
1130 1281 1392
1281 1130 1392
1436 1164 1173
1173 1164 1436
1164 1173 1436
382 1217 1429
1217 382 1429
1429 382 1217
276 206 838
206 276 838
838 206 276
45 1138 1247
1138 45 1247
1247 45 1138
808 214 1491
214 808 1491
1491 214 808
1038 458 471
471 458 1038
458 471 1038
1282 22 635
635 22 1282
22 635 1282
1099 332 387
387 332 1099
332 387 1099
445 66 1254
1254 66 445
66 445 1254
851 388 983
388 851 983
983 388 851
596 464 939
464 596 939
939 464 596
647 13 352
13 352 647
352 13 647
1114 441 1072
1072 441 1114
441 1072 1114
558 745 755
745 558 755
755 558 745
333 397 893
893 333 397
397 333 893
1094 127 1127
127 1094 1127
1127 127 1094
767 255 364
255 364 767
364 255 767
1335 228 552
228 552 1335
552 228 1335
380 95 164
95 164 380
164 95 380
595 283 1042
1042 283 595
283 595 1042
511 51 1165
51 511 1165
1165 51 511
137 847 1192
1192 137 847
847 137 1192
141 638 901
638 141 901
901 141 638
1070 50 1490
1490 50 1070
50 1070 1490
1399 631 945
631 945 1399
945 631 1399
349 465 751
751 349 465
465 349 751
1407 1352 1444
1444 1352 1407
1352 1407 1444
737 469 1112
1112 469 737
469 737 1112
971 326 1118
1118 326 971
326 971 1118
1377 1104 1487
1104 1377 1487
1487 1104 1377
1245 159 990
990 159 1245
159 990 1245
582 598 801
598 582 801
801 582 598
1406 881 1395
881 1395 1406
1395 881 1406
405 494 1402
494 405 1402
1402 405 494
144 951 1241
951 144 1241
1241 144 951
816 449 1107
449 816 1107
1107 449 816
763 118 1464
1464 118 763
118 763 1464
1067 327 610
610 327 1067
327 610 1067
882 98 736
98 736 882
736 98 882
887 56 344
56 344 887
344 56 887
440 425 585
425 440 585
585 425 440
918 568 1160
568 918 1160
1160 568 918
210 242 977
242 210 977
977 210 242
747 82 670
82 670 747
670 82 747
933 872 961
872 933 961
961 872 933
224 80 594
80 224 594
594 80 224
19 284 483
483 19 284
284 19 483
1195 368 560
368 560 1195
560 368 1195
