950 652 886
652 886 950
886 652 950
572 527 1128
527 572 1128
1128 527 572
768 714 1454
1454 714 768
714 768 1454
1418 186 345
345 186 1418
186 345 1418
259 106 1117
1117 106 259
106 259 1117
175 220 688
220 175 688
688 175 220
1126 488 629
488 629 1126
629 488 1126
775 351 870
870 351 775
351 775 870
979 788 1131
1131 788 979
788 979 1131
625 419 746
746 419 625
419 625 746
999 5 475
475 5 999
5 475 999
140 617 916
916 140 617
617 140 916
655 3 915
915 3 655
3 655 915
1107 22 1111
1111 22 1107
22 1107 1111
25 753 901
901 25 753
753 25 901
1390 378 1037
1037 378 1390
378 1037 1390
596 448 654
654 448 596
448 596 654
1080 98 865
98 865 1080
865 98 1080
904 284 643
643 284 904
284 643 904
1130 109 480
480 109 1130
109 480 1130
137 129 586
586 129 137
129 137 586
386 1090 1412
1090 386 1412
1412 386 1090
1098 144 1380
144 1098 1380
1380 144 1098
1267 371 666
666 371 1267
371 666 1267
882 864 1203
1203 864 882
864 882 1203
875 537 677
537 677 875
677 537 875
770 63 161
63 161 770
161 63 770
818 1186 1346
1346 818 1186
1186 818 1346
364 375 506
506 364 375
375 364 506
1452 316 630
630 316 1452
316 630 1452
382 550 1051
550 382 1051
1051 382 550
549 535 690
690 535 549
535 549 690
884 388 1289
388 884 1289
1289 388 884
602 651 1415
651 602 1415
1415 602 651
1331 706 1476
1476 706 1331
706 1331 1476
702 704 1026
704 702 1026
1026 702 704
1342 580 945
945 580 1342
580 945 1342
115 518 1199
1199 115 518
518 115 1199
1270 348 1354
348 1270 1354
1354 348 1270
1029 141 678
678 141 1029
141 678 1029
807 954 1312
954 807 1312
1312 807 954
1353 1100 1254
1100 1254 1353
1254 1100 1353
444 102 1396
1396 102 444
102 444 1396
896 383 604
383 604 896
604 383 896
74 245 1392
245 74 1392
1392 74 245
229 69 1383
69 229 1383
1383 69 229
459 478 1333
1333 459 478
478 459 1333
1236 230 574
574 230 1236
230 574 1236
337 91 747
747 91 337
91 337 747
734 16 1141
16 734 1141
1141 16 734
754 130 312
130 312 754
312 130 754
1025 1194 1482
1482 1025 1194
1194 1025 1482
1245 253 759
759 253 1245
253 759 1245
1136 398 440
398 440 1136
440 398 1136
1324 1066 1377
1377 1066 1324
1066 1324 1377
1367 1313 1423
1313 1367 1423
1423 1313 1367
992 750 1332
1332 750 992
750 992 1332
1491 696 830
696 830 1491
830 696 1491
246 1356 1455
1356 246 1455
1455 246 1356
1071 553 938
553 938 1071
938 553 1071
1032 92 552
552 92 1032
92 552 1032
495 455 908
908 455 495
455 495 908
918 346 1308
1308 346 918
346 918 1308
839 236 1060
236 839 1060
1060 236 839
1063 833 1095
833 1063 1095
1095 833 1063
1110 380 956
380 956 1110
956 380 1110
193 315 1253
1253 193 315
315 193 1253
20 786 1360
1360 20 786
786 20 1360
497 871 1408
871 497 1408
1408 497 871
241 640 1398
640 241 1398
1398 241 640
895 30 99
30 99 895
99 30 895
136 525 922
922 136 525
525 136 922
31 438 1440
438 31 1440
1440 31 438
153 1013 1225
1013 153 1225
1225 153 1013
726 397 520
397 520 726
520 397 726
1163 9 411
411 9 1163
9 411 1163
966 27 126
126 27 966
27 126 966
1409 827 1465
827 1409 1465
1465 827 1409
1120 323 504
504 323 1120
323 504 1120
760 805 1150
805 760 1150
1150 760 805
439 255 1287
255 439 1287
1287 255 439
889 357 453
453 357 889
357 453 889
1441 112 639
112 639 1441
639 112 1441
1273 447 1447
447 1273 1447
1447 447 1273
498 533 685
685 498 533
533 498 685
53 803 1002
1002 53 803
803 53 1002
183 607 1330
1330 183 607
607 183 1330
483 59 757
757 59 483
59 483 757
636 477 744
744 477 636
477 636 744
247 197 693
693 197 247
197 247 693
564 308 831
831 308 564
308 564 831
151 368 1094
368 151 1094
1094 151 368
1298 62 814
814 62 1298
62 814 1298
1275 365 1147
1147 365 1275
365 1147 1275
1155 1260 1297
1297 1155 1260
1260 1155 1297
1262 122 964
964 122 1262
122 964 1262
1005 42 1014
42 1005 1014
1014 42 1005
578 442 962
442 578 962
962 442 578
352 93 203
93 203 352
203 93 352
613 665 1164
1164 613 665
665 613 1164
347 369 1283
1283 347 369
369 347 1283
1121 873 953
953 873 1121
873 953 1121
777 465 985
465 777 985
985 465 777
1343 493 1258
1258 493 1343
493 1258 1343
1124 88 822
88 822 1124
822 88 1124
1070 508 605
605 508 1070
508 605 1070
370 155 403
403 155 370
155 370 403
739 111 1349
1349 111 739
111 739 1349
146 349 994
349 146 994
994 146 349
1134 711 774
711 774 1134
774 711 1134
274 820 1072
1072 274 820
820 274 1072
124 75 547
547 75 124
75 124 547
539 621 821
621 539 821
821 539 621
854 840 850
840 850 854
850 840 854
306 61 603
61 306 603
603 61 306
157 624 943
943 157 624
624 157 943
458 909 996
996 458 909
909 458 996
732 104 1234
1234 104 732
104 732 1234
1217 143 1462
143 1217 1462
1462 143 1217
484 400 1169
400 484 1169
1169 400 484
1011 449 995
449 995 1011
995 449 1011
532 251 881
881 251 532
251 532 881
1500 863 935
935 863 1500
863 935 1500
773 481 649
481 649 773
649 481 773
1105 819 975
975 819 1105
819 975 1105
489 273 1295
1295 273 489
273 489 1295
300 103 799
103 300 799
799 103 300
204 637 776
776 204 637
637 204 776
43 623 835
623 43 835
835 43 623
317 519 1031
519 317 1031
1031 317 519
1125 810 1469
810 1125 1469
1469 810 1125
1219 11 1340
11 1219 1340
1340 11 1219
1235 930 1458
930 1235 1458
1458 930 1235
46 743 1361
743 46 1361
1361 46 743
951 36 1280
1280 36 951
36 951 1280
555 842 1175
1175 555 842
842 555 1175
628 730 1393
730 628 1393
1393 628 730
1425 14 1404
1404 14 1425
14 1404 1425
1315 906 1336
1336 906 1315
906 1315 1336
722 894 1009
1009 722 894
894 722 1009
1335 589 1316
1316 589 1335
589 1316 1335
1268 328 579
579 328 1268
328 579 1268
1449 501 1092
501 1092 1449
1092 501 1449
917 213 668
213 668 917
668 213 917
395 114 238
238 114 395
114 238 395
982 728 1073
728 982 1073
1073 728 982
789 450 1363
450 789 1363
1363 450 789
1351 460 1168
460 1168 1351
1168 460 1351
1264 590 1042
1042 590 1264
590 1042 1264
948 622 1086
622 948 1086
1086 622 948
1030 78 1065
1065 78 1030
78 1030 1065
374 49 656
656 49 374
49 374 656
931 290 1202
1202 290 931
290 931 1202
708 19 83
19 83 708
83 19 708
543 105 563
563 105 543
105 543 563
233 653 752
653 233 752
752 233 653
354 626 1221
626 354 1221
1221 354 626
856 305 1246
1246 305 856
305 856 1246
1114 672 1406
672 1114 1406
1406 672 1114
1348 50 1118
1118 50 1348
50 1118 1348
84 100 697
100 84 697
697 84 100
877 1193 1378
1193 877 1378
1378 877 1193
1242 71 401
71 401 1242
401 71 1242
471 432 832
432 471 832
832 432 471
261 127 1151
127 261 1151
1151 127 261
1388 834 1483
834 1388 1483
1483 834 1388
372 1148 1237
1148 372 1237
1237 372 1148
499 1016 1365
1365 499 1016
1016 499 1365
452 134 147
147 134 452
134 147 452
862 358 1428
1428 358 862
358 862 1428
796 1350 1379
1379 796 1350
1350 796 1379
615 23 313
23 313 615
313 23 615
852 971 1183
1183 852 971
971 852 1183
1027 298 324
324 298 1027
298 324 1027
1475 390 1046
390 1046 1475
1046 390 1475
694 29 418
418 29 694
29 418 694
490 269 1394
269 490 1394
1394 269 490
528 393 944
944 393 528
393 528 944
619 957 1050
957 619 1050
1050 619 957
516 333 756
756 333 516
333 516 756
1435 1181 1376
1376 1181 1435
1181 1376 1435
387 647 1301
1301 387 647
647 387 1301
413 322 1372
1372 322 413
322 413 1372
1422 479 872
872 479 1422
479 872 1422
570 1142 1304
1142 570 1304
1304 570 1142
406 191 1468
191 406 1468
1468 191 406
758 194 1135
194 758 1135
1135 194 758
309 283 366
283 309 366
366 283 309
342 921 1382
921 342 1382
1382 342 921
210 77 631
77 210 631
631 77 210
725 156 412
156 412 725
412 156 725
973 1034 1259
1259 973 1034
1034 973 1259
1434 224 958
958 224 1434
224 958 1434
248 1206 1322
1206 248 1322
1322 248 1206
1485 278 671
671 278 1485
278 671 1485
1205 331 968
331 968 1205
968 331 1205
1137 150 729
150 729 1137
729 150 1137
1481 507 683
507 683 1481
683 507 1481
1023 650 866
866 650 1023
650 866 1023
21 719 791
719 21 791
791 21 719
199 969 1144
1144 199 969
969 199 1144
648 232 1240
1240 232 648
232 648 1240
476 984 1081
984 476 1081
1081 476 984
164 980 1271
1271 164 980
980 164 1271
385 1089 1311
1089 385 1311
1311 385 1089
765 464 1443
1443 464 765
464 765 1443
1319 37 892
892 37 1319
37 892 1319
1381 209 327
327 209 1381
209 327 1381
1302 87 970
970 87 1302
87 970 1302
1323 1033 1334
1033 1323 1334
1334 1033 1323
1154 158 660
660 158 1154
158 660 1154
597 451 1495
451 597 1495
1495 451 597
825 272 1178
272 825 1178
1178 272 825
1410 359 1113
1113 359 1410
359 1113 1410
1278 769 1211
1211 769 1278
769 1211 1278
64 512 983
512 64 983
983 64 512
1085 638 1397
1397 638 1085
638 1085 1397
1263 139 1176
1176 139 1263
139 1176 1263
1496 420 998
998 420 1496
420 998 1496
974 606 1204
606 974 1204
1204 606 974
1499 26 1020
1020 26 1499
26 1020 1499
28 541 1386
1386 28 541
541 28 1386
736 700 1078
700 736 1078
1078 700 736
1228 163 1498
1498 163 1228
163 1228 1498
70 319 1200
1200 70 319
319 70 1200
1093 1184 1261
1184 1093 1261
1261 1093 1184
1088 34 676
676 34 1088
34 676 1088
941 811 1466
1466 811 941
811 941 1466
879 339 1232
339 879 1232
1232 339 879
1373 363 1177
363 1177 1373
1177 363 1373
1160 635 1230
635 1160 1230
1230 635 1160
332 548 1473
548 332 1473
1473 332 548
670 179 1215
179 670 1215
1215 179 670
310 1208 1464
1464 310 1208
1208 310 1464
275 682 942
942 275 682
682 275 942
733 271 1000
271 733 1000
1000 271 733
301 285 664
285 301 664
664 285 301
128 1104 1318
1318 128 1104
1104 128 1318
577 837 1213
837 577 1213
1213 577 837
486 38 1101
1101 38 486
38 486 1101
424 844 967
967 424 844
844 424 967
1084 292 869
869 292 1084
292 869 1084
469 1022 1143
1143 469 1022
1022 469 1143
1001 80 295
295 80 1001
80 295 1001
1243 256 1197
1197 256 1243
256 1197 1243
934 727 1196
727 934 1196
1196 727 934
297 1119 1420
1420 297 1119
1119 297 1420
1056 674 781
781 674 1056
674 781 1056
1174 252 1017
252 1017 1174
1017 252 1174
1344 242 1059
242 1059 1344
1059 242 1344
1329 307 1293
1293 307 1329
307 1293 1329
1436 961 1162
1162 961 1436
961 1162 1436
524 408 1238
408 524 1238
1238 408 524
118 644 1028
1028 118 644
644 118 1028
40 675 1007
1007 40 675
675 40 1007
96 198 391
198 96 391
391 96 198
780 2 772
2 772 780
772 2 780
360 588 947
588 360 947
947 360 588
1338 184 867
867 184 1338
184 867 1338
530 282 1185
282 530 1185
1185 282 530
583 417 1035
1035 417 583
417 583 1035
940 470 1300
1300 470 940
470 940 1300
168 138 591
138 168 591
591 138 168
764 135 1239
135 764 1239
1239 135 764
611 841 1439
841 611 1439
1439 611 841
101 703 1182
1182 101 703
703 101 1182
559 45 1256
45 559 1256
1256 45 559
616 228 566
228 566 616
566 228 616
1419 311 809
809 311 1419
311 809 1419
214 472 1139
472 214 1139
1139 214 472
1145 667 1291
667 1145 1291
1291 667 1145
1362 51 669
51 669 1362
669 51 1362
55 673 952
952 55 673
673 55 952
1438 338 1488
1488 338 1438
338 1438 1488
180 445 1198
1198 180 445
445 180 1198
1472 32 1463
1463 32 1472
32 1463 1472
235 474 804
804 235 474
474 235 804
302 1201 1445
1445 302 1201
1201 302 1445
939 95 219
219 95 939
95 219 939
494 1057 1355
1355 494 1057
1057 494 1355
1385 58 800
800 58 1385
58 800 1385
1106 526 828
526 828 1106
828 526 1106
874 627 1170
1170 627 874
627 874 1170
911 10 1299
10 911 1299
1299 10 911
808 68 81
68 81 808
81 68 808
1407 855 1171
1171 855 1407
855 1171 1407
212 148 1108
148 212 1108
1108 148 212
1127 748 1229
748 1127 1229
1229 748 1127
829 576 792
576 792 829
792 576 829
240 277 1288
277 240 1288
1288 240 277
955 123 1226
123 955 1226
1226 123 955
13 538 1395
1395 13 538
538 13 1395
545 978 1417
1417 545 978
978 545 1417
258 254 963
254 258 963
963 254 258
608 569 853
853 569 608
569 608 853
601 434 679
434 601 679
679 434 601
845 713 1282
713 845 1282
1282 713 845
226 981 1049
1049 226 981
981 226 1049
1285 171 500
171 500 1285
500 171 1285
1414 373 1460
1460 373 1414
373 1414 1460
192 211 509
211 192 509
509 192 211
1480 793 990
990 793 1480
793 990 1480
861 18 293
293 18 861
18 293 861
551 946 1430
946 551 1430
1430 551 946
485 215 355
355 215 485
215 355 485
402 218 318
218 318 402
318 218 402
436 267 1461
1461 267 436
267 436 1461
1426 717 1140
717 1140 1426
1140 717 1426
767 263 1279
1279 263 767
263 767 1279
560 165 1492
165 560 1492
1492 165 560
1389 505 1399
505 1389 1399
1399 505 1389
1470 170 433
170 433 1470
433 170 1470
405 1314 1368
1314 405 1368
1368 405 1314
287 280 1149
1149 280 287
280 287 1149
1400 425 816
816 425 1400
425 816 1400
593 350 913
913 350 593
350 593 913
462 691 1079
1079 462 691
691 462 1079
1087 599 737
737 599 1087
599 737 1087
890 169 410
169 410 890
410 169 890
244 1039 1250
1250 244 1039
1039 244 1250
1296 7 988
7 988 1296
988 7 1296
289 517 614
517 289 614
614 289 517
585 276 325
325 276 585
276 325 585
699 534 785
534 699 785
785 534 699
154 6 847
847 6 154
6 154 847
132 57 1303
1303 57 132
57 132 1303
1490 1180 1218
1218 1180 1490
1180 1218 1490
86 1220 1292
1292 86 1220
1220 86 1292
598 399 1010
1010 399 598
399 598 1010
1416 239 936
239 936 1416
936 239 1416
314 709 1074
1074 314 709
709 314 1074
1306 416 581
416 581 1306
581 416 1306
33 121 131
131 33 121
121 33 131
1053 1156 1326
1326 1053 1156
1156 1053 1326
182 1003 1077
1077 182 1003
1003 182 1077
421 429 817
817 421 429
429 421 817
1247 422 976
976 422 1247
422 976 1247
949 430 1493
430 949 1493
1493 430 949
779 468 761
761 468 779
468 761 779
1450 771 920
771 920 1450
920 771 1450
41 206 223
223 41 206
206 41 223
326 1173 1374
1374 326 1173
1173 326 1374
1223 423 1321
423 1223 1321
1321 423 1223
257 94 1068
94 257 1068
1068 94 257
1222 76 514
514 76 1222
76 514 1222
427 902 1038
1038 427 902
902 427 1038
343 149 710
149 343 710
710 149 343
802 571 1054
1054 571 802
571 802 1054
288 113 216
113 216 288
216 113 288
482 926 997
997 482 926
926 482 997
836 1347 1369
1347 836 1369
1369 836 1347
1459 97 110
110 97 1459
97 110 1459
1345 1320 1328
1320 1328 1345
1328 1320 1345
167 1116 1192
1192 167 1116
1116 167 1192
594 513 712
712 513 594
513 594 712
620 389 556
389 556 620
556 389 620
1172 334 1097
334 1097 1172
1097 334 1172
1411 178 1277
178 1277 1411
1277 178 1411
812 558 868
868 558 812
558 812 868
657 117 893
893 117 657
117 657 893
72 515 544
544 72 515
515 72 544
56 377 1359
1359 56 377
377 56 1359
82 181 815
815 82 181
181 82 815
1099 189 554
189 554 1099
554 189 1099
79 67 843
67 79 843
843 67 79
1019 407 716
716 407 1019
407 716 1019
4 441 646
646 4 441
441 4 646
749 250 1115
250 749 1115
1115 250 749
1427 661 1021
1021 661 1427
661 1021 1427
823 190 923
923 190 823
190 823 923
409 561 857
561 409 857
857 409 561
196 986 1055
1055 196 986
986 196 1055
1310 415 600
415 600 1310
600 415 1310
264 562 658
562 264 658
658 264 562
1456 225 1276
1276 225 1456
225 1276 1456
705 1076 1489
1076 705 1489
1489 705 1076
195 133 1233
1233 133 195
133 195 1233
684 119 1471
1471 119 684
119 684 1471
680 565 723
565 680 723
723 565 680
217 361 927
927 217 361
361 217 927
1040 207 1189
1189 207 1040
207 1040 1189
846 1123 1325
1123 846 1325
1325 846 1123
546 720 1341
720 546 1341
1341 546 720
1281 1 612
1 612 1281
612 1 1281
320 689 1187
689 320 1187
1187 320 689
1432 108 268
108 268 1432
268 108 1432
234 12 731
12 234 731
731 12 234
824 1122 1327
1327 824 1122
1122 824 1327
463 735 1129
735 463 1129
1129 463 735
782 227 1290
227 782 1290
1290 227 782
1069 17 1352
1352 17 1069
17 1069 1352
48 279 1433
279 48 1433
1433 48 279
790 185 924
185 790 924
924 185 790
662 222 294
222 294 662
294 222 662
1405 681 1146
1146 681 1405
681 1146 1405
1227 798 813
798 813 1227
813 798 1227
742 367 1272
367 742 1272
1272 367 742
1153 394 876
394 876 1153
876 394 1153
431 304 1371
1371 304 431
304 431 1371
1045 755 1337
1337 755 1045
755 1045 1337
642 107 1224
107 642 1224
1224 107 642
1041 1061 1487
1487 1041 1061
1061 1041 1487
443 266 707
707 266 443
266 443 707
965 174 396
396 174 965
174 396 965
587 568 899
568 587 899
899 568 587
260 929 1157
929 260 1157
1157 260 929
353 188 1207
1207 188 353
188 353 1207
932 60 738
60 738 932
738 60 932
1467 90 281
281 90 1467
90 281 1467
426 1004 1255
1255 426 1004
1004 426 1255
1212 330 715
715 330 1212
330 715 1212
202 15 1403
15 202 1403
1403 15 202
152 265 1401
265 152 1401
1401 152 265
1058 208 1209
1209 208 1058
208 1058 1209
1102 1339 1442
1339 1102 1442
1442 1102 1339
461 54 376
376 54 461
54 376 461
39 806 1132
806 39 1132
1132 39 806
286 510 1265
1265 286 510
510 286 1265
1216 492 740
492 740 1216
740 492 1216
1286 125 1497
125 1286 1497
1497 125 1286
1370 632 959
632 959 1370
959 632 1370
1015 89 795
89 795 1015
795 89 1015
724 356 573
573 356 724
356 573 724
1152 919 1096
919 1096 1152
1096 919 1152
1165 65 1309
1309 65 1165
65 1165 1309
891 329 1484
329 891 1484
1484 329 891
200 797 903
797 200 903
903 200 797
1133 721 1437
721 1133 1437
1437 721 1133
384 575 659
575 384 659
659 384 575
1249 237 1158
237 1158 1249
1158 237 1249
741 120 336
336 120 741
120 336 741
1048 695 1103
695 1048 1103
1103 695 1048
1358 991 1006
991 1006 1358
1006 991 1358
1044 763 1305
763 1044 1305
1305 763 1044
618 592 1195
592 618 1195
1195 592 618
457 502 1375
502 457 1375
1375 457 502
1444 888 1269
888 1269 1444
1269 888 1444
173 912 1413
912 173 1413
1413 173 912
1457 187 1112
187 1112 1457
1112 187 1457
456 176 937
176 456 937
937 176 456
567 73 1486
1486 73 567
73 567 1486
344 446 910
446 344 910
910 344 446
379 784 1024
1024 379 784
784 379 1024
511 291 496
496 291 511
291 496 511
766 1274 1366
1274 766 1366
1366 766 1274
783 249 907
907 249 783
249 783 907
1317 85 1477
1477 85 1317
85 1317 1477
634 172 1479
172 634 1479
1479 172 634
467 466 1210
1210 466 467
466 467 1210
177 993 1402
1402 177 993
993 177 1402
1357 542 851
851 542 1357
542 851 1357
522 392 914
392 522 914
914 392 522
692 1012 1064
1064 692 1012
1012 692 1064
437 162 1047
1047 162 437
162 437 1047
1494 231 487
231 487 1494
487 231 1494
633 540 701
701 540 633
540 633 701
848 1109 1257
1257 848 1109
1109 848 1257
1190 860 1391
860 1190 1391
1391 860 1190
1018 1083 1231
1083 1018 1231
1231 1018 1083
584 1091 1294
1294 584 1091
1091 584 1294
933 303 1043
303 933 1043
1043 303 933
1451 142 1214
142 1214 1451
1214 142 1451
1167 435 557
435 557 1167
557 435 1167
1252 205 595
205 595 1252
595 205 1252
523 243 838
243 523 838
838 243 523
52 1082 1446
1082 52 1446
1446 52 1082
925 341 826
826 341 925
341 826 925
1424 145 663
145 663 1424
663 145 1424
1067 362 905
905 362 1067
362 905 1067
44 221 1179
221 44 1179
1179 44 221
1474 1166 1453
1453 1166 1474
1166 1453 1474
1384 686 987
686 987 1384
987 686 1384
531 159 762
159 531 762
762 159 531
454 201 887
201 454 887
887 201 454
116 47 1008
1008 47 116
47 116 1008
1241 262 582
262 582 1241
582 262 1241
787 24 340
24 340 787
340 24 787
885 878 1052
1052 878 885
878 885 1052
1159 8 1161
8 1159 1161
1161 8 1159
1062 428 858
858 428 1062
428 858 1062
35 645 977
645 35 977
977 35 645
883 335 1478
335 883 1478
1478 335 883
270 404 641
641 270 404
404 270 641
521 529 897
529 521 897
897 521 529
1248 296 381
381 296 1248
296 381 1248
1387 414 536
536 414 1387
414 536 1387
609 972 1251
1251 609 972
972 609 1251
960 687 1284
1284 687 960
687 960 1284
610 794 1191
1191 610 794
794 610 1191
859 778 1075
1075 778 859
778 859 1075
1429 718 1188
1188 718 1429
718 1188 1429
1266 299 1307
1307 299 1266
299 1266 1307
698 166 1431
166 698 1431
1431 166 698
751 491 503
503 491 751
491 503 751
880 989 1421
1421 880 989
989 880 1421
321 801 1448
801 321 1448
1448 321 801
1244 898 928
898 928 1244
928 898 1244
745 473 849
473 745 849
849 473 745
66 1036 1138
1138 66 1036
1036 66 1138
900 160 1364
1364 160 900
160 900 1364
