60190 138811 144173
144173 60190 138811
138811 60190 144173
89484 54062 110961
54062 89484 110961
110961 54062 89484
19745 69425 145072
145072 19745 69425
69425 19745 145072
28883 50604 147513
50604 28883 147513
147513 28883 50604
78046 75212 133896
133896 75212 78046
75212 78046 133896
133867 16384 54150
16384 54150 133867
54150 16384 133867
20793 36659 143157
143157 20793 36659
36659 20793 143157
79628 41556 112682
112682 41556 79628
41556 79628 112682
33548 101855 109444
109444 33548 101855
101855 33548 109444
74857 13525 146761
13525 74857 146761
146761 13525 74857
93587 47570 129522
47570 93587 129522
129522 47570 93587
23600 25566 146099
25566 23600 146099
146099 23600 25566
119457 64379 122140
64379 119457 122140
122140 64379 119457
44671 20424 83616
20424 44671 83616
83616 20424 44671
34807 74865 99208
99208 34807 74865
74865 34807 99208
114289 37263 67739
37263 67739 114289
67739 37263 114289
142796 8058 135512
8058 135512 142796
135512 8058 142796
84457 10036 22265
10036 22265 84457
22265 10036 84457
97473 14456 60034
60034 14456 97473
14456 60034 97473
37322 69106 125807
125807 37322 69106
69106 37322 125807
87572 31399 90589
90589 31399 87572
31399 87572 90589
9713 1927 23109
23109 1927 9713
1927 9713 23109
111694 44562 129202
129202 44562 111694
44562 111694 129202
67713 53444 56664
56664 53444 67713
53444 56664 67713
65955 54532 149985
54532 65955 149985
149985 54532 65955
60265 28407 121576
28407 60265 121576
121576 28407 60265
52097 10743 55026
55026 10743 52097
10743 52097 55026
144286 23259 41163
23259 41163 144286
41163 23259 144286
29774 127559 142433
127559 29774 142433
142433 29774 127559
11238 54814 74279
54814 11238 74279
74279 11238 54814
86459 75385 125504
75385 86459 125504
125504 75385 86459
68948 71121 92111
71121 68948 92111
92111 68948 71121
89919 21750 88279
21750 88279 89919
88279 21750 89919
96675 16793 71452
71452 16793 96675
16793 71452 96675
119336 45331 107120
45331 107120 119336
107120 45331 119336
43768 25393 111663
111663 25393 43768
25393 43768 111663
111388 106292 133874
106292 111388 133874
133874 106292 111388
2304 18186 24222
24222 2304 18186
18186 2304 24222
77305 8625 64360
8625 64360 77305
64360 8625 77305
58021 78942 133689
78942 58021 133689
133689 58021 78942
116175 6267 32792
6267 32792 116175
32792 6267 116175
126019 43042 75677
75677 43042 126019
43042 75677 126019
68895 102214 128971
102214 68895 128971
128971 68895 102214
141829 28359 90838
28359 90838 141829
90838 28359 141829
107044 136421 136986
136986 107044 136421
136421 107044 136986
112323 13434 83149
83149 13434 112323
13434 83149 112323
139226 41970 120040
120040 41970 139226
41970 120040 139226
30018 46232 138449
138449 30018 46232
46232 30018 138449
140658 77107 110260
77107 110260 140658
110260 77107 140658
27688 69849 148819
148819 27688 69849
69849 27688 148819
41011 52319 85657
85657 41011 52319
52319 41011 85657
24188 93042 146054
146054 24188 93042
93042 24188 146054
86790 56331 109753
56331 86790 109753
109753 56331 86790
135105 107035 138201
138201 107035 135105
107035 135105 138201
38798 3554 138530
138530 3554 38798
3554 38798 138530
140678 25640 131636
25640 131636 140678
131636 25640 140678
89389 100151 121014
121014 89389 100151
100151 89389 121014
31301 27486 94572
27486 31301 94572
94572 27486 31301
95940 10729 134881
10729 95940 134881
134881 10729 95940
63738 23574 66617
66617 23574 63738
23574 63738 66617
53954 100285 105861
100285 53954 105861
105861 53954 100285
131094 62017 92938
92938 62017 131094
62017 92938 131094
2295 66581 97859
66581 2295 97859
97859 2295 66581
57025 22559 122524
122524 22559 57025
22559 57025 122524
85969 47649 98764
47649 85969 98764
98764 47649 85969
90013 5292 81798
81798 5292 90013
5292 81798 90013
67595 19313 136259
136259 19313 67595
19313 67595 136259
33506 3173 37602
37602 3173 33506
3173 33506 37602
143196 20086 97020
20086 97020 143196
97020 20086 143196
130305 7694 142660
142660 7694 130305
7694 130305 142660
135328 31770 121253
31770 121253 135328
121253 31770 135328
16035 26800 42052
26800 16035 42052
42052 16035 26800
53973 50841 67266
50841 53973 67266
67266 50841 53973
32686 63651 127933
127933 32686 63651
63651 32686 127933
50975 74505 102399
102399 50975 74505
74505 50975 102399
146875 52154 70567
52154 70567 146875
70567 52154 146875
119874 87280 89356
89356 87280 119874
87280 89356 119874
106443 12866 20932
12866 20932 106443
20932 12866 106443
130685 43344 64396
64396 43344 130685
43344 64396 130685
97593 28171 92987
92987 28171 97593
28171 92987 97593
87575 29733 50902
29733 50902 87575
50902 29733 87575
27315 105828 119906
105828 27315 119906
119906 27315 105828
36215 22623 111927
111927 22623 36215
22623 36215 111927
8420 37683 145918
37683 8420 145918
145918 8420 37683
44805 4231 10259
4231 10259 44805
10259 4231 44805
130431 66985 122385
122385 66985 130431
66985 122385 130431
37733 67463 141641
141641 37733 67463
67463 37733 141641
32072 32945 125311
32945 32072 125311
125311 32072 32945
97602 6406 132978
132978 6406 97602
6406 97602 132978
137022 114184 143829
143829 114184 137022
114184 137022 143829
15716 76624 141228
76624 15716 141228
141228 15716 76624
148873 14649 33134
33134 14649 148873
14649 33134 148873
104235 14931 59265
59265 14931 104235
14931 59265 104235
104666 318 104164
318 104164 104666
104164 318 104666
141989 8704 64585
8704 64585 141989
64585 8704 141989
28982 46689 149377
46689 28982 149377
149377 28982 46689
45248 71432 142843
71432 45248 142843
142843 45248 71432
95670 85909 86499
85909 86499 95670
86499 85909 95670
14893 23567 26157
23567 14893 26157
26157 14893 23567
76132 32352 128644
32352 76132 128644
128644 32352 76132
92177 10075 26250
26250 10075 92177
10075 26250 92177
81575 31585 36797
31585 36797 81575
36797 31585 81575
64621 58636 123172
123172 58636 64621
58636 64621 123172
16483 40439 64608
64608 16483 40439
40439 16483 64608
132111 9446 108424
108424 9446 132111
9446 108424 132111
68124 4826 52577
52577 4826 68124
4826 52577 68124
130653 75833 147793
75833 130653 147793
147793 75833 130653
47776 12426 26216
12426 26216 47776
26216 12426 47776
7756 5595 91885
5595 7756 91885
91885 5595 7756
68110 103308 132930
132930 68110 103308
103308 68110 132930
62703 88091 115720
115720 62703 88091
88091 62703 115720
148450 12650 56322
56322 12650 148450
12650 56322 148450
138667 1418 102567
102567 1418 138667
1418 102567 138667
621 60828 89184
60828 621 89184
89184 621 60828
13894 9023 32343
9023 13894 32343
32343 9023 13894
16120 111015 125881
111015 16120 125881
125881 16120 111015
34590 57137 100840
57137 34590 100840
100840 34590 57137
144966 21789 93905
93905 21789 144966
21789 93905 144966
138341 15120 133157
133157 15120 138341
15120 133157 138341
119616 44638 142691
142691 44638 119616
44638 119616 142691
125470 94797 98275
94797 98275 125470
98275 94797 125470
131626 20500 94484
20500 94484 131626
94484 20500 131626
112541 26258 103704
26258 103704 112541
103704 26258 112541
34808 115185 118355
118355 34808 115185
115185 34808 118355
73244 35057 99508
35057 73244 99508
99508 35057 73244
109020 55274 63206
55274 63206 109020
63206 55274 109020
83090 22006 117365
117365 22006 83090
22006 83090 117365
118337 105068 142961
105068 118337 142961
142961 105068 118337
99805 51168 75388
51168 75388 99805
75388 51168 99805
94696 23193 84233
23193 84233 94696
84233 23193 94696
124590 107456 137283
107456 124590 137283
137283 107456 124590
147315 76897 127442
76897 127442 147315
127442 76897 147315
31546 20403 84577
84577 20403 31546
20403 31546 84577
126864 27711 36914
27711 36914 126864
36914 27711 126864
66869 57041 99332
57041 66869 99332
99332 57041 66869
13651 7419 105482
105482 7419 13651
7419 13651 105482
23553 78006 94673
94673 23553 78006
78006 23553 94673
125506 41627 76866
76866 41627 125506
41627 76866 125506
141843 39279 123984
39279 123984 141843
123984 39279 141843
52049 15753 24311
15753 24311 52049
24311 15753 52049
57637 27201 35534
27201 35534 57637
35534 27201 57637
100572 69424 108252
69424 100572 108252
108252 69424 100572
147086 19700 125013
19700 125013 147086
125013 19700 147086
53633 114133 120335
120335 53633 114133
114133 53633 120335
148482 118757 130819
130819 118757 148482
118757 130819 148482
120980 45128 100418
100418 45128 120980
45128 100418 120980
64661 108211 109453
108211 64661 109453
109453 64661 108211
64217 16888 21984
16888 21984 64217
21984 16888 64217
22523 50775 83275
50775 22523 83275
83275 22523 50775
146545 99702 118253
118253 99702 146545
99702 118253 146545
13518 98593 146891
98593 13518 146891
146891 13518 98593
82022 58119 94926
94926 58119 82022
58119 82022 94926
100546 57323 124688
57323 100546 124688
124688 57323 100546
36668 132186 137901
132186 36668 137901
137901 36668 132186
27495 45142 127501
45142 27495 127501
127501 27495 45142
39583 79836 126300
126300 39583 79836
79836 39583 126300
109754 60408 120503
60408 109754 120503
120503 60408 109754
56753 8575 12389
8575 12389 56753
12389 8575 56753
6324 35482 104800
104800 6324 35482
35482 6324 104800
79337 70055 127145
70055 79337 127145
127145 70055 79337
91947 24236 107735
107735 24236 91947
24236 91947 107735
119410 48110 78735
78735 48110 119410
48110 78735 119410
8260 34483 148438
34483 8260 148438
148438 8260 34483
14743 62779 131554
131554 14743 62779
62779 14743 131554
89504 65232 84839
84839 65232 89504
65232 84839 89504
64522 61764 101090
61764 64522 101090
101090 61764 64522
102302 34152 72750
34152 72750 102302
72750 34152 102302
139028 22291 95821
22291 95821 139028
95821 22291 139028
126583 106855 112214
112214 106855 126583
106855 112214 126583
43227 38782 98442
98442 38782 43227
38782 43227 98442
16153 67685 129492
67685 16153 129492
129492 16153 67685
100791 53355 132998
132998 53355 100791
53355 100791 132998
102282 24279 25805
24279 25805 102282
25805 24279 102282
5009 9871 119913
9871 5009 119913
119913 5009 9871
81841 40294 124116
124116 40294 81841
40294 81841 124116
88704 31398 93903
93903 31398 88704
31398 88704 93903
43092 36916 146801
36916 43092 146801
146801 36916 43092
24928 28043 44634
44634 24928 28043
28043 24928 44634
145321 15744 141272
15744 141272 145321
141272 15744 145321
144623 60835 86684
86684 60835 144623
60835 86684 144623
126945 70656 144787
70656 126945 144787
144787 70656 126945
52612 15585 84500
15585 52612 84500
84500 15585 52612
7507 69312 124799
124799 7507 69312
69312 7507 124799
108140 62100 96987
96987 62100 108140
62100 96987 108140
89092 91427 108672
108672 89092 91427
91427 89092 108672
126145 113178 123830
113178 123830 126145
123830 113178 126145
145757 13718 83125
13718 83125 145757
83125 13718 145757
55512 8347 115866
8347 55512 115866
115866 8347 55512
67038 12915 149340
12915 67038 149340
149340 12915 67038
68165 94039 109687
109687 68165 94039
94039 68165 109687
149745 121989 128224
128224 121989 149745
121989 128224 149745
142548 71091 126286
71091 126286 142548
126286 71091 142548
119282 60183 103311
60183 103311 119282
103311 60183 119282
79319 62952 76714
76714 62952 79319
62952 76714 79319
9 14962 89471
89471 9 14962
14962 9 89471
95277 33463 45785
33463 45785 95277
45785 33463 95277
47736 103812 133443
103812 47736 133443
133443 47736 103812
128203 35377 86125
35377 86125 128203
86125 35377 128203
4936 98558 122124
122124 4936 98558
98558 4936 122124
132136 17348 119810
119810 17348 132136
17348 119810 132136
77782 62384 95178
95178 62384 77782
62384 77782 95178
18481 19823 35961
19823 18481 35961
35961 18481 19823
40994 67549 79248
79248 40994 67549
67549 40994 79248
76948 59541 126751
59541 76948 126751
126751 59541 76948
65 15074 80258
15074 65 80258
80258 65 15074
13917 145 127656
145 13917 127656
127656 145 13917
59587 26355 44745
44745 26355 59587
26355 44745 59587
111988 52756 88689
52756 88689 111988
88689 52756 111988
145210 20781 130546
130546 20781 145210
20781 130546 145210
15093 88068 135394
88068 15093 135394
135394 15093 88068
135453 215 121996
215 121996 135453
121996 215 135453
97653 38440 87147
38440 87147 97653
87147 38440 97653
84404 9880 62096
62096 9880 84404
9880 62096 84404
48429 9178 80357
80357 9178 48429
9178 48429 80357
6412 128709 140346
128709 6412 140346
140346 6412 128709
78798 11690 77401
77401 11690 78798
11690 77401 78798
145428 66184 109960
66184 109960 145428
109960 66184 145428
67414 51383 63959
51383 63959 67414
63959 51383 67414
135952 72709 75724
75724 72709 135952
72709 75724 135952
109198 21656 111059
21656 109198 111059
111059 21656 109198
74873 56689 134994
56689 74873 134994
134994 56689 74873
115707 31165 36497
36497 31165 115707
31165 36497 115707
13247 847 112116
112116 847 13247
847 13247 112116
129434 26744 135496
135496 26744 129434
26744 129434 135496
132980 5668 69379
69379 5668 132980
5668 69379 132980
38873 56462 64601
56462 38873 64601
64601 38873 56462
69143 15195 40800
40800 15195 69143
15195 40800 69143
103602 83044 86123
83044 86123 103602
86123 83044 103602
120953 84748 91955
84748 91955 120953
91955 84748 120953
83801 64025 124792
124792 64025 83801
64025 83801 124792
72913 24070 40375
40375 24070 72913
24070 40375 72913
25195 36680 57856
36680 25195 57856
57856 25195 36680
71661 44857 105873
105873 44857 71661
44857 71661 105873
69159 1252 71808
1252 69159 71808
71808 1252 69159
17146 32928 139514
139514 17146 32928
32928 17146 139514
55556 71046 86326
86326 55556 71046
71046 55556 86326
6336 6687 114402
6687 6336 114402
114402 6336 6687
126253 25488 47132
47132 25488 126253
25488 47132 126253
100386 25826 36405
36405 25826 100386
25826 36405 100386
63288 81528 109910
109910 63288 81528
81528 63288 109910
17240 19544 61389
19544 17240 61389
61389 17240 19544
111975 8677 109845
109845 8677 111975
8677 109845 111975
141739 60971 118885
118885 60971 141739
60971 118885 141739
18862 46185 92002
46185 18862 92002
92002 18862 46185
122583 20943 90551
20943 90551 122583
90551 20943 122583
12258 12565 68684
68684 12258 12565
12565 12258 68684
63599 127072 129922
129922 63599 127072
127072 63599 129922
59926 65517 90919
65517 59926 90919
90919 59926 65517
18686 72609 136418
136418 18686 72609
72609 18686 136418
124807 50089 123740
50089 123740 124807
123740 50089 124807
75679 2210 23265
2210 23265 75679
23265 2210 75679
20032 26051 112752
26051 20032 112752
112752 20032 26051
70323 84208 114167
84208 70323 114167
114167 70323 84208
1898 70849 119157
70849 1898 119157
119157 1898 70849
128333 984 81021
984 81021 128333
81021 984 128333
104944 98273 145549
98273 104944 145549
145549 98273 104944
61725 75823 81970
81970 61725 75823
75823 61725 81970
54990 9457 140492
140492 9457 54990
9457 54990 140492
27330 44071 83929
44071 27330 83929
83929 27330 44071
50890 124193 149248
124193 50890 149248
149248 50890 124193
24748 108709 131096
131096 24748 108709
108709 24748 131096
46494 48061 132366
48061 46494 132366
132366 46494 48061
7788 58826 143004
143004 7788 58826
58826 7788 143004
28137 5393 103026
5393 28137 103026
103026 5393 28137
126328 50911 77733
50911 77733 126328
77733 50911 126328
107942 83664 125024
83664 107942 125024
125024 83664 107942
115487 27428 138746
27428 115487 138746
138746 27428 115487
72631 75191 98139
75191 72631 98139
98139 72631 75191
135526 26568 106710
106710 26568 135526
26568 106710 135526
24644 24275 147297
147297 24275 24644
24275 24644 147297
148690 22917 130433
22917 130433 148690
130433 22917 148690
118674 145307 145867
145307 118674 145867
145867 118674 145307
64530 116628 129372
129372 64530 116628
116628 64530 129372
98873 107789 148342
148342 98873 107789
107789 98873 148342
113762 83507 87961
87961 83507 113762
83507 87961 113762
128473 70064 99183
99183 70064 128473
70064 99183 128473
48968 29943 58342
58342 29943 48968
29943 48968 58342
118991 72281 109230
72281 109230 118991
109230 72281 118991
71083 48657 77689
77689 48657 71083
48657 71083 77689
25161 86246 101081
86246 25161 101081
101081 25161 86246
39876 739 48782
739 39876 48782
48782 739 39876
94057 8186 126611
8186 94057 126611
126611 8186 94057
112095 141597 141663
141597 112095 141663
141663 112095 141597
21843 22427 144825
144825 21843 22427
22427 21843 144825
68537 10685 141523
10685 68537 141523
141523 10685 68537
46011 16349 97755
97755 16349 46011
16349 46011 97755
62399 46042 63475
63475 46042 62399
46042 62399 63475
38912 30873 140288
140288 30873 38912
30873 38912 140288
3155 46938 82443
46938 3155 82443
82443 3155 46938
96226 47148 60758
60758 47148 96226
47148 60758 96226
147391 22876 79729
79729 22876 147391
22876 79729 147391
134821 4909 82772
82772 4909 134821
4909 82772 134821
27164 11090 112896
112896 11090 27164
11090 27164 112896
103828 104927 134390
134390 103828 104927
104927 103828 134390
55529 436 31969
436 31969 55529
31969 436 55529
83153 27137 41138
27137 41138 83153
41138 27137 83153
83548 85651 139333
139333 83548 85651
85651 83548 139333
105961 19846 85736
19846 85736 105961
85736 19846 105961
51765 18741 71707
18741 51765 71707
71707 18741 51765
6972 56949 141415
141415 6972 56949
56949 6972 141415
108887 52637 78648
78648 52637 108887
52637 78648 108887
116206 123720 134386
134386 116206 123720
123720 116206 134386
117089 26501 51866
26501 51866 117089
51866 26501 117089
3063 84406 148308
148308 3063 84406
84406 3063 148308
147989 72797 96842
72797 96842 147989
96842 72797 147989
100724 49323 79463
79463 49323 100724
49323 79463 100724
128499 39970 96046
96046 39970 128499
39970 96046 128499
106259 21012 119154
21012 106259 119154
119154 21012 106259
15025 46509 128385
46509 15025 128385
128385 15025 46509
12967 67292 142528
67292 12967 142528
142528 12967 67292
10589 28181 43893
43893 10589 28181
28181 10589 43893
54151 13825 17603
13825 17603 54151
17603 13825 54151
142981 10448 22436
22436 10448 142981
10448 22436 142981
68600 8391 74161
8391 68600 74161
74161 8391 68600
69370 3602 114142
3602 69370 114142
114142 3602 69370
128089 107610 139322
139322 107610 128089
107610 128089 139322
110022 1240 94850
1240 94850 110022
94850 1240 110022
89432 1342 71009
71009 1342 89432
1342 71009 89432
63239 43546 82854
43546 63239 82854
82854 43546 63239
143910 35474 101517
35474 101517 143910
101517 35474 143910
62177 355 149535
149535 355 62177
355 62177 149535
101602 1197 49222
1197 49222 101602
49222 1197 101602
112424 83703 148570
83703 112424 148570
148570 83703 112424
65511 44137 110046
110046 44137 65511
44137 65511 110046
47607 98196 146784
98196 47607 146784
146784 47607 98196
60508 98791 122069
98791 60508 122069
122069 60508 98791
78605 13382 54423
13382 54423 78605
54423 13382 78605
54614 109705 145979
145979 54614 109705
109705 54614 145979
115704 30640 94540
30640 94540 115704
94540 30640 115704
45505 17176 78236
17176 45505 78236
78236 17176 45505
51760 40929 134480
40929 51760 134480
134480 40929 51760
61369 69114 137057
137057 61369 69114
69114 61369 137057
145345 3226 49534
49534 3226 145345
3226 49534 145345
62921 34701 107950
34701 62921 107950
107950 34701 62921
36358 9333 93031
9333 36358 93031
93031 9333 36358
89071 29696 127699
29696 89071 127699
127699 29696 89071
37420 7728 65729
7728 37420 65729
65729 7728 37420
40168 44187 99325
44187 40168 99325
99325 40168 44187
8417 45483 60404
45483 8417 60404
60404 8417 45483
122266 79298 89164
89164 79298 122266
79298 89164 122266
68247 28943 76879
76879 28943 68247
28943 68247 76879
46750 56018 57179
57179 46750 56018
56018 46750 57179
14571 100853 128519
100853 14571 128519
128519 14571 100853
49124 14539 121846
121846 14539 49124
14539 49124 121846
79195 12690 96580
96580 12690 79195
12690 79195 96580
9557 51767 103459
51767 9557 103459
103459 9557 51767
37392 104732 128754
104732 37392 128754
128754 37392 104732
74866 13582 21258
13582 21258 74866
21258 13582 74866
30289 13545 28399
28399 13545 30289
13545 28399 30289
48887 82449 126956
126956 48887 82449
82449 48887 126956
54426 41403 56692
56692 41403 54426
41403 54426 56692
104477 937 52789
52789 937 104477
937 52789 104477
89317 8615 30614
8615 30614 89317
30614 8615 89317
2480 16050 132456
132456 2480 16050
16050 2480 132456
34370 113016 141110
113016 34370 141110
141110 34370 113016
49362 91690 146143
146143 49362 91690
91690 49362 146143
71939 104084 146993
146993 71939 104084
104084 71939 146993
45292 61973 86765
61973 45292 86765
86765 45292 61973
27148 44986 130718
44986 27148 130718
130718 27148 44986
128069 23767 99945
99945 23767 128069
23767 99945 128069
75474 28458 96159
96159 28458 75474
28458 75474 96159
137556 90052 93312
93312 90052 137556
90052 93312 137556
143491 17272 135469
135469 17272 143491
17272 135469 143491
28046 12160 42033
42033 12160 28046
12160 28046 42033
142533 64084 88120
64084 88120 142533
88120 64084 142533
28381 20757 57197
57197 20757 28381
20757 28381 57197
133045 6727 100970
6727 100970 133045
100970 6727 133045
23278 37396 77048
37396 23278 77048
77048 23278 37396
12058 100658 114917
114917 12058 100658
100658 12058 114917
118939 112517 134160
112517 118939 134160
134160 112517 118939
144963 56723 88380
56723 88380 144963
88380 56723 144963
113511 59219 88826
59219 88826 113511
88826 59219 113511
50134 90094 147744
147744 50134 90094
90094 50134 147744
62158 42570 53797
53797 42570 62158
42570 53797 62158
114065 46126 89219
89219 46126 114065
46126 89219 114065
96546 7039 117453
7039 96546 117453
117453 7039 96546
141302 6272 66899
6272 66899 141302
66899 6272 141302
101994 63053 110596
63053 101994 110596
110596 63053 101994
22979 27383 100788
100788 22979 27383
27383 22979 100788
36463 93720 135207
93720 36463 135207
135207 36463 93720
142001 12254 61962
12254 61962 142001
61962 12254 142001
10794 104150 120881
104150 10794 120881
120881 10794 104150
88232 56870 117433
56870 88232 117433
117433 56870 88232
77513 27677 52061
27677 52061 77513
52061 27677 77513
16124 5370 54336
54336 5370 16124
5370 16124 54336
112297 10761 120348
10761 112297 120348
120348 10761 112297
73135 75932 149518
75932 73135 149518
149518 73135 75932
149778 103418 116566
116566 103418 149778
103418 116566 149778
136026 30605 69251
69251 30605 136026
30605 69251 136026
65138 28502 84815
84815 28502 65138
28502 65138 84815
109647 42858 82780
82780 42858 109647
42858 82780 109647
90345 6912 126013
126013 6912 90345
6912 90345 126013
89999 104791 112122
104791 89999 112122
112122 89999 104791
70069 3916 48681
3916 48681 70069
48681 3916 70069
116835 55703 67421
67421 55703 116835
55703 67421 116835
40097 50387 59372
59372 40097 50387
50387 40097 59372
85350 14792 19811
19811 14792 85350
14792 19811 85350
135704 10256 23438
23438 10256 135704
10256 23438 135704
136082 101172 129004
129004 101172 136082
101172 129004 136082
62737 23780 140433
140433 23780 62737
23780 62737 140433
99292 50907 71863
71863 50907 99292
50907 71863 99292
140774 29929 64926
64926 29929 140774
29929 64926 140774
30847 11766 71471
71471 11766 30847
11766 30847 71471
54617 80671 145073
145073 54617 80671
80671 54617 145073
11724 55853 80579
80579 11724 55853
55853 11724 80579
35860 41791 107169
41791 35860 107169
107169 35860 41791
6663 43351 77904
77904 6663 43351
43351 6663 77904
61263 23511 66932
66932 23511 61263
23511 61263 66932
113222 64670 111964
64670 111964 113222
111964 64670 113222
6195 76526 88136
76526 6195 88136
88136 6195 76526
81175 45735 84395
84395 45735 81175
45735 81175 84395
32386 36283 70423
70423 32386 36283
36283 32386 70423
121282 71505 83780
71505 83780 121282
83780 71505 121282
93174 42082 74516
42082 74516 93174
74516 42082 93174
116894 20427 61597
61597 20427 116894
20427 61597 116894
79700 84219 94078
94078 79700 84219
84219 79700 94078
76960 51554 66367
66367 51554 76960
51554 66367 76960
128740 3472 134182
3472 128740 134182
134182 3472 128740
27247 9126 49163
49163 9126 27247
9126 27247 49163
140323 88298 96100
96100 88298 140323
88298 96100 140323
106689 32168 149892
32168 106689 149892
149892 32168 106689
51980 42129 89598
89598 42129 51980
42129 51980 89598
121438 3320 67067
3320 67067 121438
67067 3320 121438
75944 63054 89715
63054 75944 89715
89715 63054 75944
124819 42000 102412
42000 102412 124819
102412 42000 124819
51895 11609 56912
11609 51895 56912
56912 11609 51895
6857 46129 50147
46129 6857 50147
50147 6857 46129
31492 46215 120532
46215 31492 120532
120532 31492 46215
136881 22439 95419
22439 95419 136881
95419 22439 136881
73662 18860 136138
136138 18860 73662
18860 73662 136138
77909 47740 128981
47740 77909 128981
128981 47740 77909
31344 99831 121995
121995 31344 99831
99831 31344 121995
115776 14729 78613
78613 14729 115776
14729 78613 115776
110989 59235 84131
59235 84131 110989
84131 59235 110989
106669 30790 115976
115976 30790 106669
30790 106669 115976
9717 40112 78131
78131 9717 40112
40112 9717 78131
53284 71595 95245
95245 53284 71595
71595 53284 95245
78734 106531 142392
106531 78734 142392
142392 78734 106531
5774 16336 114021
16336 5774 114021
114021 5774 16336
139849 53597 122159
53597 122159 139849
122159 53597 139849
82659 55493 127166
127166 55493 82659
55493 82659 127166
21280 50631 110018
50631 21280 110018
110018 21280 50631
83429 65457 146528
146528 65457 83429
65457 83429 146528
35143 40656 82359
40656 35143 82359
82359 35143 40656
89054 77054 123280
77054 89054 123280
123280 77054 89054
136516 65009 85840
85840 65009 136516
65009 85840 136516
113381 43238 83979
83979 43238 113381
43238 83979 113381
30711 15146 91426
91426 15146 30711
15146 30711 91426
60662 39276 104660
104660 39276 60662
39276 60662 104660
108523 19287 33847
33847 19287 108523
19287 33847 108523
101547 20023 142441
142441 20023 101547
20023 101547 142441
58854 51437 128055
51437 58854 128055
128055 51437 58854
128154 33328 57338
33328 57338 128154
57338 33328 128154
144005 29073 142094
142094 29073 144005
29073 142094 144005
31573 69919 101265
69919 31573 101265
101265 31573 69919
131682 40189 80233
40189 80233 131682
80233 40189 131682
14842 1525 52363
52363 1525 14842
1525 14842 52363
97435 65998 114766
65998 97435 114766
114766 65998 97435
86522 62378 116474
116474 62378 86522
62378 86522 116474
44298 92619 94601
94601 44298 92619
92619 44298 94601
45647 74729 78520
78520 45647 74729
74729 45647 78520
148172 68943 122762
68943 122762 148172
122762 68943 148172
34544 39014 69940
39014 34544 69940
69940 34544 39014
31115 67223 95185
95185 31115 67223
67223 31115 95185
131556 94840 126535
94840 126535 131556
126535 94840 131556
7200 67332 86354
67332 7200 86354
86354 7200 67332
38368 93565 96892
96892 38368 93565
93565 38368 96892
120917 62982 82318
82318 62982 120917
62982 82318 120917
63046 113573 116346
113573 63046 116346
116346 63046 113573
45334 5037 50168
50168 5037 45334
5037 45334 50168
11659 96594 116327
96594 11659 116327
116327 11659 96594
61861 8813 72782
72782 8813 61861
8813 61861 72782
126499 11557 47057
11557 47057 126499
47057 11557 126499
146192 88630 125954
125954 88630 146192
88630 125954 146192
83143 16922 50401
16922 50401 83143
50401 16922 83143
137128 65042 104443
65042 104443 137128
104443 65042 137128
64019 60814 141714
141714 60814 64019
60814 64019 141714
115373 37036 85540
37036 85540 115373
85540 37036 115373
71814 45383 125291
45383 71814 125291
125291 45383 71814
141794 64575 83494
64575 83494 141794
83494 64575 141794
82235 2288 90746
90746 2288 82235
2288 82235 90746
91641 104539 126609
104539 91641 126609
126609 91641 104539
58013 127266 147339
127266 58013 147339
147339 58013 127266
105910 34605 144226
144226 34605 105910
34605 105910 144226
61078 69769 116089
116089 61078 69769
69769 61078 116089
7990 84410 107346
107346 7990 84410
84410 7990 107346
63582 60450 147652
60450 63582 147652
147652 60450 63582
1237 35846 81433
35846 1237 81433
81433 1237 35846
32551 80350 117728
80350 32551 117728
117728 32551 80350
41119 93895 126076
126076 41119 93895
93895 41119 126076
77247 29438 143512
29438 77247 143512
143512 29438 77247
86966 141554 143547
143547 86966 141554
141554 86966 143547
139647 94148 140427
140427 94148 139647
94148 139647 140427
12862 73837 133938
133938 12862 73837
73837 12862 133938
3688 31318 48678
48678 3688 31318
31318 3688 48678
92089 43077 104315
43077 92089 104315
104315 43077 92089
88355 13955 70438
70438 13955 88355
13955 70438 88355
72173 117096 149097
117096 72173 149097
149097 72173 117096
17249 72008 145154
145154 17249 72008
72008 17249 145154
24706 23730 130421
130421 23730 24706
23730 24706 130421
14186 89284 138788
89284 14186 138788
138788 14186 89284
83650 60424 117547
117547 60424 83650
60424 83650 117547
114674 5552 42571
42571 5552 114674
5552 42571 114674
15872 55279 65187
55279 15872 65187
65187 15872 55279
18109 11504 14461
11504 14461 18109
14461 11504 18109
139963 88899 141582
88899 139963 141582
141582 88899 139963
50487 48816 132053
132053 48816 50487
48816 50487 132053
120502 29762 40954
29762 40954 120502
40954 29762 120502
39659 58547 59516
58547 39659 59516
59516 39659 58547
12394 74526 102931
102931 12394 74526
74526 12394 102931
87507 24523 142008
142008 24523 87507
24523 87507 142008
18898 137924 149293
137924 18898 149293
149293 18898 137924
90506 55829 113017
113017 55829 90506
55829 90506 113017
78044 82879 142223
82879 78044 142223
142223 78044 82879
20062 52988 143190
143190 20062 52988
52988 20062 143190
17714 117399 131563
131563 17714 117399
117399 17714 131563
60355 8253 61338
8253 60355 61338
61338 8253 60355
3578 40037 130277
40037 3578 130277
130277 3578 40037
13516 8546 18957
8546 13516 18957
18957 8546 13516
60644 2764 67774
67774 2764 60644
2764 60644 67774
99395 63609 104047
63609 99395 104047
104047 63609 99395
76834 4938 139701
4938 76834 139701
139701 4938 76834
94387 58044 88468
88468 58044 94387
58044 88468 94387
35486 52138 118815
118815 35486 52138
52138 35486 118815
11668 75175 148001
75175 11668 148001
148001 11668 75175
14498 19381 62125
62125 14498 19381
19381 14498 62125
103726 43820 72065
72065 43820 103726
43820 72065 103726
121436 84142 142668
84142 121436 142668
142668 84142 121436
77599 18288 129394
129394 18288 77599
18288 77599 129394
33643 136918 142657
136918 33643 142657
142657 33643 136918
113633 50439 149819
50439 113633 149819
149819 50439 113633
139297 55895 109434
55895 109434 139297
109434 55895 139297
69804 13375 97042
13375 69804 97042
97042 13375 69804
3575 131099 139018
139018 3575 131099
131099 3575 139018
131505 6990 75674
75674 6990 131505
6990 75674 131505
111486 87101 147358
147358 87101 111486
87101 111486 147358
48562 14021 60618
14021 48562 60618
60618 14021 48562
70088 35604 121785
121785 35604 70088
35604 70088 121785
126515 22023 128424
128424 22023 126515
22023 126515 128424
115426 72071 88940
72071 88940 115426
88940 72071 115426
16347 46916 105994
105994 16347 46916
46916 16347 105994
37691 29054 68377
29054 37691 68377
68377 29054 37691
36375 110801 142606
110801 36375 142606
142606 36375 110801
144177 67759 103517
103517 67759 144177
67759 103517 144177
64507 5571 12758
12758 5571 64507
5571 12758 64507
22424 41062 133453
133453 22424 41062
41062 22424 133453
6010 76944 134008
76944 6010 134008
134008 6010 76944
116015 3161 56586
56586 3161 116015
3161 56586 116015
86933 75675 112091
112091 75675 86933
75675 86933 112091
144451 106574 129821
129821 106574 144451
106574 129821 144451
128653 44275 96163
44275 96163 128653
96163 44275 128653
125253 44567 122952
44567 122952 125253
122952 44567 125253
133133 22507 137077
22507 133133 137077
137077 22507 133133
27708 8224 116529
116529 8224 27708
8224 27708 116529
16236 9199 56995
9199 16236 56995
56995 9199 16236
37119 39449 82753
82753 37119 39449
39449 37119 82753
113067 85803 87229
85803 87229 113067
87229 85803 113067
122318 5719 43488
43488 5719 122318
5719 43488 122318
2076 57159 58784
58784 2076 57159
57159 2076 58784
144099 69376 108190
69376 108190 144099
108190 69376 144099
129235 42764 130054
42764 129235 130054
130054 42764 129235
40373 13092 23950
23950 13092 40373
13092 23950 40373
1072 17358 81586
17358 1072 81586
81586 1072 17358
72775 50955 142252
142252 50955 72775
50955 72775 142252
96887 107028 111367
107028 96887 111367
111367 96887 107028
46476 110866 138007
138007 46476 110866
110866 46476 138007
22030 96613 149893
96613 22030 149893
149893 22030 96613
49063 37456 101844
101844 37456 49063
37456 49063 101844
48310 80157 92917
92917 48310 80157
80157 48310 92917
61474 45377 146793
146793 45377 61474
45377 61474 146793
47282 12022 131286
131286 12022 47282
12022 47282 131286
107155 15836 18437
15836 18437 107155
18437 15836 107155
83594 18845 62645
62645 18845 83594
18845 62645 83594
72147 68531 125980
68531 72147 125980
125980 68531 72147
37945 11232 130245
130245 11232 37945
11232 37945 130245
30272 56164 117747
117747 30272 56164
56164 30272 117747
78719 26767 27205
27205 26767 78719
26767 27205 78719
76687 47484 144265
144265 47484 76687
47484 76687 144265
116157 101703 146496
101703 116157 146496
146496 101703 116157
48348 47494 111691
47494 48348 111691
111691 47494 48348
44892 46410 119704
46410 44892 119704
119704 44892 46410
131062 15510 146480
146480 15510 131062
15510 131062 146480
128278 50230 85336
85336 50230 128278
50230 85336 128278
80066 45245 142345
142345 45245 80066
45245 80066 142345
131022 12578 135249
135249 12578 131022
12578 131022 135249
103559 57065 124417
57065 103559 124417
124417 57065 103559
108416 6024 47402
6024 47402 108416
47402 6024 108416
66880 51327 113984
51327 66880 113984
113984 51327 66880
135271 56125 111119
56125 111119 135271
111119 56125 135271
58365 24227 78248
78248 24227 58365
24227 58365 78248
141795 10260 92527
92527 10260 141795
10260 92527 141795
100888 46391 73751
46391 73751 100888
73751 46391 100888
44413 1487 96901
96901 1487 44413
1487 44413 96901
19305 68249 95665
68249 19305 95665
95665 19305 68249
34845 25039 98761
25039 34845 98761
98761 25039 34845
144622 17041 18036
18036 17041 144622
17041 18036 144622
109352 7497 113019
113019 7497 109352
7497 109352 113019
55351 71140 126442
126442 55351 71140
71140 55351 126442
96984 124252 148888
148888 96984 124252
124252 96984 148888
142869 45241 64506
45241 64506 142869
64506 45241 142869
27236 58428 96064
58428 27236 96064
96064 27236 58428
7190 36329 121767
121767 7190 36329
36329 7190 121767
43332 24235 52967
24235 43332 52967
52967 24235 43332
142968 26907 82289
82289 26907 142968
26907 82289 142968
1433 92108 136261
136261 1433 92108
92108 1433 136261
76738 90387 110963
90387 76738 110963
110963 76738 90387
103752 1146 35443
1146 35443 103752
35443 1146 103752
74167 60476 118914
60476 74167 118914
118914 60476 74167
137104 50183 54928
50183 54928 137104
54928 50183 137104
98718 23076 49712
23076 49712 98718
49712 23076 98718
56028 99471 104696
99471 56028 104696
104696 56028 99471
4810 1689 58242
1689 4810 58242
58242 1689 4810
28634 28396 100475
100475 28396 28634
28396 28634 100475
34003 11194 123336
123336 11194 34003
11194 34003 123336
106961 26232 28886
28886 26232 106961
26232 28886 106961
25382 30833 115640
30833 25382 115640
115640 25382 30833
91050 70803 142265
70803 91050 142265
142265 70803 91050
130787 21270 99531
21270 99531 130787
99531 21270 130787
90769 8511 102269
8511 90769 102269
102269 8511 90769
37943 41032 109133
109133 37943 41032
41032 37943 109133
71706 56632 86977
86977 56632 71706
56632 71706 86977
39614 10538 29193
10538 29193 39614
29193 10538 39614
16134 25244 126181
126181 16134 25244
25244 16134 126181
9291 31038 105234
105234 9291 31038
31038 9291 105234
105977 108463 126868
108463 105977 126868
126868 105977 108463
28899 2331 44870
44870 2331 28899
2331 28899 44870
135140 59627 110053
110053 59627 135140
59627 110053 135140
26895 41070 117212
117212 26895 41070
41070 26895 117212
149814 121182 145565
145565 121182 149814
121182 145565 149814
101498 80484 82216
80484 82216 101498
82216 80484 101498
112811 4644 111489
4644 111489 112811
111489 4644 112811
5609 92233 122177
92233 5609 122177
122177 5609 92233
127028 117031 144773
144773 117031 127028
117031 127028 144773
9403 73746 121679
121679 9403 73746
73746 9403 121679
26911 30840 45625
45625 26911 30840
30840 26911 45625
68227 48127 50454
48127 50454 68227
50454 48127 68227
76399 43493 149112
149112 43493 76399
43493 76399 149112
67244 101138 134289
134289 67244 101138
101138 67244 134289
81741 6955 126293
126293 6955 81741
6955 81741 126293
28812 33993 58378
58378 28812 33993
33993 28812 58378
4945 54863 132620
132620 4945 54863
54863 4945 132620
27333 81077 97847
81077 27333 97847
97847 27333 81077
144854 123715 138408
138408 123715 144854
123715 138408 144854
19099 30245 141277
30245 19099 141277
141277 19099 30245
48057 8841 75732
75732 8841 48057
8841 48057 75732
21248 38841 143691
143691 21248 38841
38841 21248 143691
9692 31642 117468
31642 9692 117468
117468 9692 31642
60724 73259 122542
122542 60724 73259
73259 60724 122542
108511 26692 44155
44155 26692 108511
26692 44155 108511
1190 33292 113064
113064 1190 33292
33292 1190 113064
121160 11206 40582
11206 40582 121160
40582 11206 121160
40220 28919 53853
53853 28919 40220
28919 40220 53853
60342 96608 111806
111806 60342 96608
96608 60342 111806
81249 127281 145276
127281 81249 145276
145276 81249 127281
126968 80852 126455
126455 80852 126968
80852 126455 126968
43417 9804 86648
86648 9804 43417
9804 43417 86648
99719 87888 91515
91515 87888 99719
87888 91515 99719
146094 20780 109571
20780 109571 146094
109571 20780 146094
20582 57689 125371
57689 20582 125371
125371 20582 57689
94588 17384 121902
17384 94588 121902
121902 17384 94588
77479 136382 145108
136382 77479 145108
145108 77479 136382
105795 59176 108175
59176 105795 108175
108175 59176 105795
119639 40110 89522
89522 40110 119639
40110 89522 119639
29162 33760 124271
33760 29162 124271
124271 29162 33760
55447 16405 76533
76533 16405 55447
16405 55447 76533
51924 20117 41982
20117 41982 51924
41982 20117 51924
92933 14964 49724
14964 49724 92933
49724 14964 92933
118316 37941 126177
126177 37941 118316
37941 118316 126177
66380 873 138022
873 66380 138022
138022 873 66380
94814 32068 35542
35542 32068 94814
32068 35542 94814
77999 74602 84271
84271 74602 77999
74602 77999 84271
100617 2238 54333
54333 2238 100617
2238 54333 100617
87580 109976 130772
109976 87580 130772
130772 87580 109976
85147 38612 59445
38612 59445 85147
59445 38612 85147
142453 109994 111713
111713 109994 142453
109994 111713 142453
9539 144312 144532
144532 9539 144312
144312 9539 144532
18046 5164 7961
5164 7961 18046
7961 5164 18046
71437 6280 69772
6280 69772 71437
69772 6280 71437
95046 66058 145554
66058 95046 145554
145554 66058 95046
32851 83608 119994
119994 32851 83608
83608 32851 119994
28196 76555 130040
130040 28196 76555
76555 28196 130040
67842 65473 94038
65473 67842 94038
94038 65473 67842
115247 15094 141073
15094 115247 141073
141073 15094 115247
57997 26887 50844
50844 26887 57997
26887 50844 57997
138931 4946 113215
113215 4946 138931
4946 113215 138931
102933 87167 108230
87167 102933 108230
108230 87167 102933
95550 5004 16082
16082 5004 95550
5004 16082 95550
97411 11406 40961
40961 11406 97411
11406 40961 97411
22850 73745 75991
75991 22850 73745
73745 22850 75991
69676 1969 58197
1969 58197 69676
58197 1969 69676
66699 94565 130439
94565 66699 130439
130439 66699 94565
76423 6530 30103
30103 6530 76423
6530 30103 76423
23888 107994 124358
107994 23888 124358
124358 23888 107994
15443 27907 62210
27907 15443 62210
62210 15443 27907
10622 117127 122246
117127 10622 122246
122246 10622 117127
137351 34654 80520
34654 80520 137351
80520 34654 137351
22213 41217 112917
41217 22213 112917
112917 22213 41217
96115 69867 83651
83651 69867 96115
69867 83651 96115
48526 41377 46252
41377 46252 48526
46252 41377 48526
57319 28846 65795
28846 57319 65795
65795 28846 57319
16963 10333 128884
128884 10333 16963
10333 16963 128884
69782 60429 108935
60429 69782 108935
108935 60429 69782
7413 5214 100503
5214 7413 100503
100503 5214 7413
121770 37044 136970
37044 121770 136970
136970 37044 121770
64068 19366 49949
19366 49949 64068
49949 19366 64068
65627 110443 117556
110443 65627 117556
117556 65627 110443
74113 36377 110750
36377 74113 110750
110750 36377 74113
4396 5113 45384
45384 4396 5113
5113 4396 45384
109837 43706 93332
93332 43706 109837
43706 93332 109837
55705 46508 100490
46508 55705 100490
100490 46508 55705
22908 40443 138664
138664 22908 40443
40443 22908 138664
70528 62742 127812
