1087 1449 12532
12532 1087 1449
1449 1087 12532
8009 10906 12210
10906 8009 12210
12210 8009 10906
7296 2094 3322
3322 2094 7296
2094 3322 7296
9542 2653 8596
8596 2653 9542
2653 8596 9542
12489 10482 12442
12442 10482 12489
10482 12442 12489
2431 2697 3063
3063 2431 2697
2697 2431 3063
13465 7199 11293
7199 11293 13465
11293 7199 13465
5850 8629 12987
12987 5850 8629
8629 5850 12987
10041 4412 13838
4412 10041 13838
13838 4412 10041
25 10673 13636
13636 25 10673
10673 25 13636
165 7641 13091
13091 165 7641
7641 165 13091
1372 6526 8676
6526 1372 8676
8676 1372 6526
10510 4887 13120
4887 10510 13120
13120 4887 10510
14987 5686 8999
5686 8999 14987
8999 5686 14987
3186 9301 11869
9301 3186 11869
11869 3186 9301
14179 9867 13702
13702 9867 14179
9867 13702 14179
3402 9613 10175
10175 3402 9613
9613 3402 10175
10817 5996 6680
5996 6680 10817
6680 5996 10817
3168 4462 7061
7061 3168 4462
4462 3168 7061
5595 7864 9756
9756 5595 7864
7864 5595 9756
12795 6289 13600
13600 6289 12795
6289 12795 13600
13690 10005 14547
10005 13690 14547
14547 10005 13690
14798 5296 14914
5296 14798 14914
14914 5296 14798
5769 9438 14861
14861 5769 9438
9438 5769 14861
1568 7667 7837
7837 1568 7667
7667 1568 7837
2333 13808 14175
14175 2333 13808
13808 2333 14175
1050 2777 7182
2777 1050 7182
7182 1050 2777
9569 11307 12345
11307 9569 12345
12345 9569 11307
267 2540 12328
2540 267 12328
12328 267 2540
2263 10462 11795
10462 2263 11795
11795 2263 10462
3220 12122 14730
14730 3220 12122
12122 3220 14730
14880 744 3307
3307 744 14880
744 3307 14880
10361 1524 3320
3320 1524 10361
1524 3320 10361
2275 4550 8805
4550 2275 8805
8805 2275 4550
13453 2570 9056
2570 9056 13453
9056 2570 13453
11903 11384 13749
11384 11903 13749
13749 11384 11903
2059 5982 11308
5982 2059 11308
11308 2059 5982
13152 11583 13285
13285 11583 13152
11583 13152 13285
8790 8436 13193
8436 8790 13193
13193 8436 8790
14052 6814 13520
6814 13520 14052
13520 6814 14052
4335 1656 5445
1656 4335 5445
5445 1656 4335
2041 5784 9555
5784 2041 9555
9555 2041 5784
2443 1412 2503
2503 1412 2443
1412 2443 2503
3764 4758 6059
6059 3764 4758
4758 3764 6059
693 1187 12241
12241 693 1187
1187 693 12241
2345 2888 5204
5204 2345 2888
2888 2345 5204
10617 194 6223
6223 194 10617
194 6223 10617
13936 11804 12656
11804 12656 13936
12656 11804 13936
2111 618 8376
618 2111 8376
8376 618 2111
913 2620 4990
4990 913 2620
2620 913 4990
11748 6185 11940
6185 11748 11940
11940 6185 11748
4597 5677 6099
6099 4597 5677
5677 4597 6099
987 4854 5563
5563 987 4854
4854 987 5563
7299 1835 3628
1835 3628 7299
3628 1835 7299
5948 8358 12960
12960 5948 8358
8358 5948 12960
1530 2257 9989
9989 1530 2257
2257 1530 9989
11747 11428 12084
12084 11428 11747
11428 11747 12084
2438 1176 13906
13906 1176 2438
1176 2438 13906
14814 5460 9577
5460 9577 14814
9577 5460 14814
14388 1730 9710
9710 1730 14388
1730 9710 14388
8345 8160 11055
11055 8160 8345
8160 8345 11055
12399 7351 7880
7880 7351 12399
7351 7880 12399
6637 1577 4348
1577 4348 6637
4348 1577 6637
6433 2944 5553
5553 2944 6433
2944 5553 6433
1045 3883 7038
3883 1045 7038
7038 1045 3883
7370 5944 12445
12445 5944 7370
5944 7370 12445
6261 11705 14858
11705 6261 14858
14858 6261 11705
5476 7776 8116
7776 5476 8116
8116 5476 7776
7632 6918 12189
6918 7632 12189
12189 6918 7632
9024 1225 10539
10539 1225 9024
1225 9024 10539
5679 8819 9650
8819 5679 9650
9650 5679 8819
11740 8166 9137
9137 8166 11740
8166 9137 11740
11386 5879 13961
5879 11386 13961
13961 5879 11386
12260 2409 8195
8195 2409 12260
2409 8195 12260
8242 6025 6816
6816 6025 8242
6025 6816 8242
5157 8660 12407
12407 5157 8660
8660 5157 12407
2908 3327 14544
14544 2908 3327
3327 2908 14544
7637 6850 14126
14126 6850 7637
6850 7637 14126
3984 1881 9853
9853 1881 3984
1881 3984 9853
8408 11938 12007
12007 8408 11938
11938 8408 12007
1148 1528 3612
3612 1148 1528
1528 1148 3612
2332 880 10861
10861 880 2332
880 2332 10861
11400 3878 6775
6775 3878 11400
3878 6775 11400
5527 1222 11020
1222 5527 11020
11020 1222 5527
11235 3736 5999
3736 5999 11235
5999 3736 11235
5481 6528 9669
6528 5481 9669
9669 5481 6528
4086 836 12395
836 4086 12395
12395 836 4086
10373 11114 12893
11114 10373 12893
12893 10373 11114
5413 10472 10526
10472 5413 10526
10526 5413 10472
12596 13530 14477
13530 12596 14477
14477 12596 13530
11928 4119 14846
14846 4119 11928
4119 11928 14846
9406 8972 14437
14437 8972 9406
8972 9406 14437
3070 6238 12003
12003 3070 6238
6238 3070 12003
12017 2935 7564
7564 2935 12017
2935 7564 12017
14666 5752 9249
9249 5752 14666
5752 9249 14666
9492 4010 11485
11485 4010 9492
4010 9492 11485
6902 6486 7050
7050 6486 6902
6486 6902 7050
11140 3451 7317
3451 7317 11140
7317 3451 11140
8635 2760 7597
7597 2760 8635
2760 7597 8635
8760 2961 6324
2961 6324 8760
6324 2961 8760
1068 675 10784
10784 675 1068
675 1068 10784
12273 1057 8593
1057 8593 12273
8593 1057 12273
6740 6980 9424
9424 6740 6980
6980 6740 9424
2746 14476 14917
14917 2746 14476
14476 2746 14917
3143 8604 9561
8604 3143 9561
9561 3143 8604
9744 7760 9379
7760 9379 9744
9379 7760 9744
2013 5367 14051
5367 2013 14051
14051 2013 5367
5259 4312 12086
12086 4312 5259
4312 5259 12086
11494 12344 13548
13548 11494 12344
12344 11494 13548
8034 142 14809
142 8034 14809
14809 142 8034
9822 501 715
501 715 9822
715 501 9822
9202 2924 13535
2924 9202 13535
13535 2924 9202
9762 5574 14108
5574 9762 14108
14108 5574 9762
10780 2869 3509
3509 2869 10780
2869 3509 10780
17 3228 10640
10640 17 3228
3228 17 10640
14687 1173 5314
1173 5314 14687
5314 1173 14687
10877 4452 11378
11378 4452 10877
4452 10877 11378
13622 3976 13732
13732 3976 13622
3976 13622 13732
6122 10142 11516
10142 6122 11516
11516 6122 10142
10301 390 7795
390 7795 10301
7795 390 10301
7495 5870 14149
5870 7495 14149
14149 5870 7495
7031 5132 6524
5132 6524 7031
6524 5132 7031
8834 7765 10590
7765 8834 10590
10590 7765 8834
1672 361 1658
1658 361 1672
361 1658 1672
2308 2918 7277
2918 2308 7277
7277 2308 2918
3809 1199 2042
2042 1199 3809
1199 2042 3809
218 14660 14766
14660 218 14766
14766 218 14660
9499 9964 10988
10988 9499 9964
9964 9499 10988
7990 7434 14704
7434 7990 14704
14704 7434 7990
6010 8727 14842
14842 6010 8727
8727 6010 14842
1092 2701 8940
8940 1092 2701
2701 1092 8940
4921 1364 10691
10691 1364 4921
1364 4921 10691
5510 1683 9358
1683 5510 9358
9358 1683 5510
10792 9970 13544
9970 10792 13544
13544 9970 10792
3316 6529 7744
6529 3316 7744
7744 3316 6529
14202 4254 4519
4519 4254 14202
4254 4519 14202
10288 3349 11192
3349 10288 11192
11192 3349 10288
3964 3321 3443
3443 3321 3964
3321 3443 3964
14144 7178 12102
7178 12102 14144
12102 7178 14144
12844 864 1767
864 1767 12844
1767 864 12844
6443 5508 6151
6151 5508 6443
5508 6151 6443
8494 3851 7069
3851 7069 8494
7069 3851 8494
13189 6565 13348
6565 13189 13348
13348 6565 13189
2062 719 7429
719 2062 7429
7429 719 2062
6934 5397 14030
5397 6934 14030
14030 5397 6934
11827 5734 7400
5734 7400 11827
7400 5734 11827
2971 6102 7109
6102 2971 7109
7109 2971 6102
3871 8450 9824
8450 3871 9824
9824 3871 8450
10529 2117 8130
8130 2117 10529
2117 8130 10529
4863 2004 14379
2004 4863 14379
14379 2004 4863
4148 4070 10171
4070 4148 10171
10171 4070 4148
4332 1731 8265
8265 1731 4332
1731 4332 8265
5557 9149 11027
9149 5557 11027
11027 5557 9149
348 138 2793
2793 138 348
138 348 2793
12754 7762 11882
11882 7762 12754
7762 11882 12754
7045 2741 4071
4071 2741 7045
2741 4071 7045
14121 9923 10733
9923 10733 14121
10733 9923 14121
14293 2313 11312
11312 2313 14293
2313 11312 14293
11462 990 1256
990 1256 11462
1256 990 11462
11770 5615 9887
5615 9887 11770
9887 5615 11770
2121 1676 11706
11706 1676 2121
1676 2121 11706
1032 5717 11191
11191 1032 5717
5717 1032 11191
9699 1918 8868
1918 8868 9699
8868 1918 9699
14912 3808 7788
3808 7788 14912
7788 3808 14912
1498 3751 13501
13501 1498 3751
3751 1498 13501
8043 6378 8475
8475 6378 8043
6378 8043 8475
11787 3092 14579
3092 11787 14579
14579 3092 11787
5964 2381 7432
2381 5964 7432
7432 2381 5964
4510 4965 8839
8839 4510 4965
4965 4510 8839
12886 1070 3571
1070 3571 12886
3571 1070 12886
12663 1771 7219
1771 7219 12663
7219 1771 12663
3654 2601 10647
10647 2601 3654
2601 3654 10647
731 2156 6056
2156 731 6056
6056 731 2156
8062 7469 11256
7469 8062 11256
11256 7469 8062
6755 7799 11737
11737 6755 7799
7799 6755 11737
5612 271 9974
271 5612 9974
9974 271 5612
13406 3578 13185
3578 13185 13406
13185 3578 13406
1906 7980 10320
7980 1906 10320
10320 1906 7980
1367 13071 14519
14519 1367 13071
13071 1367 14519
763 4932 8214
8214 763 4932
4932 763 8214
1921 10317 11598
11598 1921 10317
10317 1921 11598
11725 7265 11964
11964 7265 11725
7265 11725 11964
11707 9803 13142
9803 11707 13142
13142 9803 11707
51 2754 10702
10702 51 2754
2754 51 10702
6567 9842 10300
9842 6567 10300
10300 6567 9842
6757 855 11778
11778 855 6757
855 6757 11778
5723 1135 4076
4076 1135 5723
1135 4076 5723
13705 10067 12343
10067 12343 13705
12343 10067 13705
4210 4322 11857
11857 4210 4322
4322 4210 11857
5543 2017 2677
2677 2017 5543
2017 2677 5543
14325 1914 5285
5285 1914 14325
1914 5285 14325
9568 337 7614
337 7614 9568
7614 337 9568
12584 7909 9184
7909 9184 12584
9184 7909 12584
4781 112 9847
112 4781 9847
9847 112 4781
9346 5370 9070
5370 9070 9346
9070 5370 9346
10717 364 4989
364 4989 10717
4989 364 10717
4400 9207 14576
9207 4400 14576
14576 4400 9207
6047 907 10344
907 6047 10344
10344 907 6047
9940 6262 14303
6262 9940 14303
14303 6262 9940
7534 5407 14371
14371 5407 7534
5407 7534 14371
120 1438 8512
1438 120 8512
8512 120 1438
827 4764 7768
7768 827 4764
4764 827 7768
14463 13224 13932
13224 13932 14463
13932 13224 14463
8433 12973 14085
12973 8433 14085
14085 8433 12973
3864 5315 12689
5315 3864 12689
12689 3864 5315
12141 11351 14758
11351 12141 14758
14758 11351 12141
10383 46 8853
8853 46 10383
46 8853 10383
2709 5362 7714
7714 2709 5362
5362 2709 7714
8518 5805 9540
5805 8518 9540
9540 5805 8518
12286 6129 14685
6129 12286 14685
14685 6129 12286
6389 12916 14403
14403 6389 12916
12916 6389 14403
4793 9396 14082
9396 4793 14082
14082 4793 9396
14527 2146 4081
4081 2146 14527
2146 4081 14527
12108 2232 10581
10581 2232 12108
2232 10581 12108
4220 6403 11530
6403 4220 11530
11530 4220 6403
9838 1576 11961
11961 1576 9838
1576 9838 11961
10946 728 12849
728 10946 12849
12849 728 10946
5584 6346 10200
6346 5584 10200
10200 5584 6346
14339 1935 8061
8061 1935 14339
1935 8061 14339
8837 2133 12807
2133 8837 12807
12807 2133 8837
13619 2589 13686
13686 2589 13619
2589 13619 13686
2694 9919 10204
10204 2694 9919
9919 2694 10204
10937 10335 11612
10335 10937 11612
11612 10335 10937
12950 7066 14029
14029 7066 12950
7066 12950 14029
14258 12384 14107
12384 14107 14258
14107 12384 14258
1782 6182 12269
6182 1782 12269
12269 1782 6182
11793 2691 10765
2691 10765 11793
10765 2691 11793
11272 10405 10852
10852 10405 11272
10405 10852 11272
10889 7648 13435
13435 7648 10889
7648 10889 13435
7213 1911 6731
1911 6731 7213
6731 1911 7213
13567 507 13232
13232 507 13567
507 13232 13567
14560 4164 10656
10656 4164 14560
4164 10656 14560
10031 13267 13715
13267 10031 13715
13715 10031 13267
9580 4464 13963
4464 9580 13963
13963 4464 9580
14078 2205 9495
9495 2205 14078
2205 9495 14078
4486 5404 7249
5404 4486 7249
7249 4486 5404
1706 3994 5103
3994 1706 5103
5103 1706 3994
9997 2457 4916
2457 4916 9997
4916 2457 9997
3003 5931 13740
13740 3003 5931
5931 3003 13740
14324 5786 13648
5786 13648 14324
13648 5786 14324
831 959 9299
9299 831 959
959 831 9299
5801 7381 12899
7381 5801 12899
12899 5801 7381
14661 3193 4619
4619 3193 14661
3193 4619 14661
127 3251 6747
3251 127 6747
6747 127 3251
7612 9845 11334
9845 7612 11334
11334 7612 9845
10019 13508 13899
13508 10019 13899
13899 10019 13508
7989 3310 5691
5691 3310 7989
3310 5691 7989
2666 4582 9479
9479 2666 4582
4582 2666 9479
12333 861 7981
7981 861 12333
861 7981 12333
3131 5133 8939
8939 3131 5133
5133 3131 8939
9230 600 3386
600 3386 9230
3386 600 9230
1868 6575 7134
7134 1868 6575
6575 1868 7134
14939 8113 9731
9731 8113 14939
8113 9731 14939
10776 3922 13844
13844 3922 10776
3922 10776 13844
2187 12338 13958
12338 2187 13958
13958 2187 12338
4987 753 14756
753 4987 14756
14756 753 4987
2655 6240 8862
6240 2655 8862
8862 2655 6240
7543 6089 14296
14296 6089 7543
6089 7543 14296
1965 6559 10410
6559 1965 10410
10410 1965 6559
12633 7770 13522
13522 7770 12633
7770 12633 13522
7132 6222 10917
10917 6222 7132
6222 7132 10917
11993 141 13710
141 11993 13710
13710 141 11993
10039 5848 14170
5848 10039 14170
14170 5848 10039
13656 3460 12285
12285 3460 13656
3460 12285 13656
4816 7508 9836
9836 4816 7508
7508 4816 9836
8583 5903 13127
5903 8583 13127
13127 5903 8583
5119 7046 13674
7046 5119 13674
13674 5119 7046
9289 4410 10903
10903 4410 9289
4410 9289 10903
9888 6767 7443
7443 6767 9888
6767 7443 9888
11046 1013 14081
1013 11046 14081
14081 1013 11046
4218 4349 5562
4349 4218 5562
5562 4218 4349
10314 3765 6686
3765 6686 10314
6686 3765 10314
6862 11468 13013
13013 6862 11468
11468 6862 13013
9751 8307 8845
8307 8845 9751
8845 8307 9751
3142 3785 8276
8276 3142 3785
3785 3142 8276
3128 14373 14852
14373 3128 14852
14852 3128 14373
10262 9921 14272
14272 9921 10262
9921 10262 14272
4558 2310 3109
2310 3109 4558
3109 2310 4558
11451 4445 7305
7305 4445 11451
4445 7305 11451
13397 5489 11709
11709 5489 13397
5489 11709 13397
3719 4199 11653
11653 3719 4199
4199 3719 11653
11826 1340 8472
1340 8472 11826
8472 1340 11826
3875 2 14397
2 3875 14397
14397 2 3875
1640 8852 11639
8852 1640 11639
11639 1640 8852
8871 9512 13089
9512 8871 13089
13089 8871 9512
6487 3855 10139
3855 6487 10139
10139 3855 6487
5165 3044 4843
4843 3044 5165
3044 4843 5165
11934 1910 6978
1910 6978 11934
6978 1910 11934
6900 1909 11548
11548 1909 6900
1909 6900 11548
12782 2479 5001
2479 5001 12782
5001 2479 12782
7325 4160 10928
10928 4160 7325
4160 7325 10928
3669 3831 4294
4294 3669 3831
3831 3669 4294
967 233 2808
2808 233 967
233 967 2808
13413 5057 6211
6211 5057 13413
5057 6211 13413
14040 523 3892
523 3892 14040
3892 523 14040
11800 12177 13632
13632 11800 12177
12177 11800 13632
13196 5228 11126
11126 5228 13196
5228 11126 13196
14817 4432 13796
4432 13796 14817
13796 4432 14817
13354 3777 12162
12162 3777 13354
3777 12162 13354
8292 2731 13037
13037 2731 8292
2731 8292 13037
3820 1719 13988
13988 1719 3820
1719 3820 13988
2881 2867 14856
2867 2881 14856
14856 2867 2881
11576 2645 5630
5630 2645 11576
2645 5630 11576
11982 9347 10259
10259 9347 11982
9347 10259 11982
7732 1281 1347
1347 1281 7732
1281 1347 7732
740 10804 11166
11166 740 10804
10804 740 11166
7515 6929 8177
6929 7515 8177
8177 6929 7515
12788 1102 7997
7997 1102 12788
1102 7997 12788
5127 6870 9768
6870 5127 9768
9768 5127 6870
6147 10653 12010
10653 6147 12010
12010 6147 10653
6203 3607 14308
3607 6203 14308
14308 3607 6203
10800 12702 12751
12751 10800 12702
12702 10800 12751
1094 10164 11497
11497 1094 10164
10164 1094 11497
5097 3825 14828
3825 5097 14828
14828 3825 5097
12012 9158 13595
13595 9158 12012
9158 12012 13595
1083 3532 13504
13504 1083 3532
3532 1083 13504
1554 4480 4673
4673 1554 4480
4480 1554 4673
7194 10543 11958
11958 7194 10543
10543 7194 11958
2392 4028 14629
4028 2392 14629
14629 2392 4028
673 1307 3723
1307 673 3723
3723 673 1307
13627 7418 12430
7418 12430 13627
12430 7418 13627
13030 960 4438
4438 960 13030
960 4438 13030
7530 8908 10310
10310 7530 8908
8908 7530 10310
3170 5017 7886
7886 3170 5017
5017 3170 7886
7542 1698 2148
1698 2148 7542
2148 1698 7542
11521 2001 2512
2512 2001 11521
2001 2512 11521
5350 4508 4875
4508 4875 5350
4875 4508 5350
8870 6130 14838
6130 8870 14838
14838 6130 8870
1478 802 9673
802 1478 9673
9673 802 1478
14948 543 2199
543 2199 14948
2199 543 14948
5950 6250 9372
6250 5950 9372
9372 5950 6250
9746 6634 11347
6634 9746 11347
11347 6634 9746
905 971 6653
6653 905 971
971 905 6653
9037 2311 3966
2311 3966 9037
3966 2311 9037
14596 10725 14502
10725 14502 14596
14502 10725 14596
10409 5987 13486
13486 5987 10409
5987 10409 13486
12295 636 4925
4925 636 12295
636 4925 12295
3062 9083 14348
9083 3062 14348
14348 3062 9083
7772 8038 14259
14259 7772 8038
8038 7772 14259
14889 2107 12137
2107 12137 14889
12137 2107 14889
10708 2797 9443
9443 2797 10708
2797 9443 10708
6049 5462 8047
5462 6049 8047
8047 5462 6049
3943 1721 7822
1721 3943 7822
7822 1721 3943
1989 2699 9857
2699 1989 9857
9857 1989 2699
2856 4228 8687
8687 2856 4228
4228 2856 8687
8026 262 7849
7849 262 8026
262 7849 8026
9825 10821 10924
10821 9825 10924
10924 9825 10821
9312 2294 3849
3849 2294 9312
2294 3849 9312
3589 6714 13157
6714 3589 13157
13157 3589 6714
5778 13552 13657
13552 5778 13657
13657 5778 13552
2585 4476 9102
4476 2585 9102
9102 2585 4476
8471 12352 14679
12352 8471 14679
14679 8471 12352
11018 12403 12741
12741 11018 12403
12403 11018 12741
1000 1990 8081
8081 1000 1990
1990 1000 8081
10508 177 12424
177 10508 12424
12424 177 10508
14286 11647 11728
11728 11647 14286
11647 11728 14286
12037 771 12436
12436 771 12037
771 12037 12436
10236 6424 9585
9585 6424 10236
6424 9585 10236
12481 1613 5908
1613 5908 12481
5908 1613 12481
8221 16 13106
16 8221 13106
13106 16 8221
10541 575 4205
575 4205 10541
4205 575 10541
1694 4581 13234
4581 1694 13234
13234 1694 4581
10724 160 8468
8468 160 10724
160 8468 10724
13878 1827 5242
5242 1827 13878
1827 5242 13878
9450 2330 11101
11101 2330 9450
2330 9450 11101
2143 1908 8929
1908 2143 8929
8929 1908 2143
3456 6170 12466
6170 3456 12466
12466 3456 6170
13540 478 14619
478 13540 14619
14619 478 13540
8900 945 13630
945 8900 13630
13630 945 8900
7266 1014 6738
6738 1014 7266
1014 6738 7266
12574 6976 11105
11105 6976 12574
6976 11105 12574
9506 3343 14282
3343 9506 14282
14282 3343 9506
5422 4621 8106
8106 4621 5422
4621 5422 8106
202 3541 7967
7967 202 3541
3541 202 7967
5307 4669 6604
6604 4669 5307
4669 5307 6604
3985 1200 12684
1200 3985 12684
12684 1200 3985
3414 2063 12491
2063 3414 12491
12491 2063 3414
1966 3614 3658
3658 1966 3614
3614 1966 3658
3382 2023 6210
2023 3382 6210
6210 2023 3382
211 1502 13877
1502 211 13877
13877 211 1502
8644 1097 12976
12976 1097 8644
1097 8644 12976
652 2319 5444
5444 652 2319
2319 652 5444
4090 10996 13389
10996 4090 13389
13389 4090 10996
14644 435 11084
435 11084 14644
11084 435 14644
12926 149 11833
11833 149 12926
149 11833 12926
2845 9944 12636
9944 2845 12636
12636 2845 9944
2734 6380 10154
6380 2734 10154
10154 2734 6380
246 10180 14323
14323 246 10180
10180 246 14323
10923 889 12799
12799 889 10923
889 10923 12799
10095 11287 13466
13466 10095 11287
11287 10095 13466
5605 1091 4568
1091 4568 5605
4568 1091 5605
8024 2078 7147
7147 2078 8024
2078 7147 8024
5636 6921 8319
8319 5636 6921
6921 5636 8319
8334 1076 5725
5725 1076 8334
1076 5725 8334
9161 6985 14863
6985 9161 14863
14863 6985 9161
13675 10295 10354
10354 10295 13675
10295 10354 13675
4234 7528 9080
7528 4234 9080
9080 4234 7528
1085 4407 10337
4407 1085 10337
10337 1085 4407
7212 561 12625
12625 561 7212
561 7212 12625
10289 3428 3446
3446 3428 10289
3428 3446 10289
13221 6330 9583
6330 9583 13221
9583 6330 13221
11099 586 7995
7995 586 11099
586 7995 11099
968 8006 10665
8006 968 10665
10665 968 8006
7842 3280 14647
14647 3280 7842
3280 7842 14647
7398 6591 12530
12530 6591 7398
6591 7398 12530
7551 3860 8836
3860 7551 8836
8836 3860 7551
2433 7532 8584
8584 2433 7532
7532 2433 8584
4973 4468 14602
14602 4468 4973
4468 4973 14602
10753 5809 12722
12722 5809 10753
5809 10753 12722
4698 12679 13992
12679 4698 13992
13992 4698 12679
9491 2878 5626
5626 2878 9491
2878 5626 9491
1174 4784 5426
5426 1174 4784
4784 1174 5426
9103 3311 3339
3311 3339 9103
3339 3311 9103
838 3006 8102
8102 838 3006
3006 838 8102
9268 814 7068
7068 814 9268
814 7068 9268
8764 6068 10015
6068 8764 10015
10015 6068 8764
12691 1011 1834
1011 1834 12691
1834 1011 12691
3948 424 7049
424 3948 7049
7049 424 3948
11500 13046 13926
13926 11500 13046
13046 11500 13926
7817 5609 13459
5609 7817 13459
13459 5609 7817
9494 5528 10341
5528 9494 10341
10341 5528 9494
2239 2461 12391
12391 2239 2461
2461 2239 12391
7796 9310 9963
9310 7796 9963
9963 7796 9310
6830 466 1131
466 1131 6830
1131 466 6830
5149 10172 10625
10172 5149 10625
10625 5149 10172
2226 5955 13428
5955 2226 13428
13428 2226 5955
9260 4730 6483
6483 4730 9260
4730 6483 9260
12434 7445 14405
14405 7445 12434
7445 12434 14405
414 3257 13355
13355 414 3257
3257 414 13355
5865 11418 13610
11418 5865 13610
13610 5865 11418
6291 4378 11713
4378 6291 11713
11713 4378 6291
10467 3718 14124
3718 10467 14124
14124 3718 10467
8394 9748 13154
13154 8394 9748
9748 8394 13154
6131 1897 13851
13851 1897 6131
1897 6131 13851
464 632 7278
7278 464 632
632 464 7278
795 9490 10820
9490 795 10820
10820 795 9490
1077 4613 12526
12526 1077 4613
4613 1077 12526
1 5417 8403
8403 1 5417
5417 1 8403
4763 7250 10491
10491 4763 7250
7250 4763 10491
2607 4121 11184
11184 2607 4121
4121 2607 11184
9418 12730 14785
14785 9418 12730
12730 9418 14785
7264 1025 11567
1025 7264 11567
11567 1025 7264
691 2458 9046
2458 691 9046
9046 691 2458
14399 7993 9716
9716 7993 14399
7993 9716 14399
13869 93 1160
93 1160 13869
1160 93 13869
1109 152 10682
10682 152 1109
152 1109 10682
8736 829 1650
829 1650 8736
1650 829 8736
5365 9848 11822
9848 5365 11822
11822 5365 9848
3203 493 5546
493 3203 5546
5546 493 3203
3992 1839 12842
12842 1839 3992
1839 3992 12842
10195 2594 14909
14909 2594 10195
2594 10195 14909
6342 1325 3940
1325 3940 6342
3940 1325 6342
12831 2318 6431
2318 6431 12831
6431 2318 12831
5666 11442 14372
11442 5666 14372
14372 5666 11442
1693 7954 8048
8048 1693 7954
7954 1693 8048
8154 2405 10167
2405 8154 10167
10167 2405 8154
1309 9198 11817
9198 1309 11817
11817 1309 9198
10568 4204 8008
8008 4204 10568
4204 8008 10568
2095 2099 2872
2872 2095 2099
2099 2095 2872
13970 7885 12982
7885 12982 13970
12982 7885 13970
7975 7845 11035
7845 7975 11035
11035 7845 7975
9121 13277 13678
13277 9121 13678
13678 9121 13277
467 5858 9431
9431 467 5858
5858 467 9431
1785 1775 4855
4855 1775 1785
1775 1785 4855
11034 3054 9066
9066 3054 11034
3054 9066 11034
2031 9390 12114
9390 2031 12114
12114 2031 9390
11273 1444 12490
12490 1444 11273
1444 11273 12490
3508 3648 4654
3648 3508 4654
4654 3508 3648
6417 2171 9975
9975 2171 6417
2171 6417 9975
9110 5148 14867
14867 5148 9110
5148 9110 14867
6614 4174 5719
5719 4174 6614
4174 5719 6614
6496 3154 11242
3154 6496 11242
11242 3154 6496
1669 1865 6677
1865 1669 6677
6677 1669 1865
3962 1363 8342
1363 3962 8342
8342 1363 3962
8060 3776 7246
3776 7246 8060
7246 3776 8060
10105 797 13421
797 10105 13421
13421 797 10105
2008 1858 12342
12342 1858 2008
1858 2008 12342
2820 1106 14343
14343 1106 2820
1106 2820 14343
5594 416 11047
416 5594 11047
11047 416 5594
2297 14216 14742
14216 2297 14742
14742 2297 14216
11876 3547 4219
4219 3547 11876
3547 4219 11876
7835 7979 11283
11283 7835 7979
7979 7835 11283
14472 3767 11106
3767 11106 14472
11106 3767 14472
4304 1380 3234
3234 1380 4304
1380 3234 4304
5923 4184 13296
4184 5923 13296
13296 4184 5923
11317 4727 8510
8510 4727 11317
4727 8510 11317
4523 12229 12804
12804 4523 12229
12229 4523 12804
4509 143 8698
8698 143 4509
143 4509 8698
4567 6983 11331
6983 4567 11331
11331 4567 6983
9059 841 5689
841 5689 9059
5689 841 9059
8409 1315 10565
1315 8409 10565
10565 1315 8409
39 8168 8264
8264 39 8168
8168 39 8264
1401 1084 11422
11422 1084 1401
1084 1401 11422
1732 4574 7479
7479 1732 4574
4574 1732 7479
1586 5332 11304
11304 1586 5332
5332 1586 11304
3036 3969 4014
4014 3036 3969
3969 3036 4014
7708 22 8608
8608 22 7708
22 7708 8608
10575 13325 14550
14550 10575 13325
13325 10575 14550
741 12423 13176
13176 741 12423
12423 741 13176
2800 472 11416
11416 472 2800
472 2800 11416
2631 8612 14079
14079 2631 8612
8612 2631 14079
12710 7692 10138
10138 7692 12710
7692 10138 12710
14851 11112 11660
11660 11112 14851
11112 11660 14851
9881 9166 13072
13072 9166 9881
9166 9881 13072
9674 196 9810
196 9674 9810
9810 196 9674
13081 1605 11362
11362 1605 13081
1605 11362 13081
10641 6846 14673
14673 6846 10641
6846 10641 14673
6418 3622 8262
3622 6418 8262
8262 3622 6418
9124 6903 8014
6903 8014 9124
8014 6903 9124
3798 1847 10202
10202 1847 3798
1847 3798 10202
2162 2604 6553
6553 2162 2604
2604 2162 6553
4239 9805 14250
14250 4239 9805
9805 4239 14250
2909 4686 12595
4686 2909 12595
12595 2909 4686
11375 2365 10818
10818 2365 11375
2365 10818 11375
12548 2581 5072
5072 2581 12548
2581 5072 12548
174 6542 9423
9423 174 6542
6542 174 9423
1353 10786 14799
14799 1353 10786
10786 1353 14799
4037 1069 13140
13140 1069 4037
1069 4037 13140
11590 3263 9016
3263 9016 11590
9016 3263 11590
5549 11050 14488
14488 5549 11050
11050 5549 14488
3368 11271 13436
13436 3368 11271
11271 3368 13436
6952 410 10522
10522 410 6952
410 6952 10522
6702 5079 6689
6689 5079 6702
5079 6689 6702
1800 454 9345
454 1800 9345
9345 454 1800
4429 1562 5431
1562 4429 5431
5431 1562 4429
6678 1339 9755
9755 1339 6678
1339 6678 9755
12881 4811 6088
6088 4811 12881
4811 6088 12881
13458 3619 9791
3619 9791 13458
9791 3619 13458
1051 2953 6480
2953 1051 6480
6480 1051 2953
7240 2402 11727
11727 2402 7240
2402 7240 11727
5684 6154 7680
7680 5684 6154
6154 5684 7680
1492 7472 11679
7472 1492 11679
11679 1492 7472
822 2134 11395
11395 822 2134
2134 822 11395
13288 6278 12908
12908 6278 13288
6278 12908 13288
10151 780 11921
11921 780 10151
780 10151 11921
135 2583 6034
2583 135 6034
6034 135 2583
12217 6054 12331
12331 6054 12217
6054 12217 12331
12897 6957 12435
12435 6957 12897
6957 12435 12897
8678 10143 11825
10143 8678 11825
11825 8678 10143
4000 1863 9899
9899 1863 4000
1863 4000 9899
2158 11170 12703
11170 2158 12703
12703 2158 11170
12948 2102 3194
2102 3194 12948
3194 2102 12948
8882 544 10605
10605 544 8882
544 8882 10605
5569 975 6008
6008 975 5569
975 5569 6008
7896 2338 11823
11823 2338 7896
2338 7896 11823
14168 47 6696
6696 47 14168
47 6696 14168
6257 3991 13253
3991 6257 13253
13253 3991 6257
1024 11129 11339
11339 1024 11129
11129 1024 11339
5637 5522 9995
5522 5637 9995
9995 5522 5637
10177 8401 9876
8401 9876 10177
9876 8401 10177
11238 4288 14247
14247 4288 11238
4288 11238 14247
14998 3046 10029
10029 3046 14998
3046 10029 14998
5547 2752 9741
9741 2752 5547
2752 5547 9741
4123 4590 7635
7635 4123 4590
4590 4123 7635
14573 3560 8189
3560 8189 14573
8189 3560 14573
12372 5747 8757
8757 5747 12372
5747 8757 12372
2144 124 608
124 608 2144
608 124 2144
1901 6294 7372
7372 1901 6294
6294 1901 7372
6142 11551 12600
11551 6142 12600
12600 6142 11551
4994 10210 13407
13407 4994 10210
10210 4994 13407
2169 3294 12373
3294 2169 12373
12373 2169 3294
5400 6866 8348
6866 5400 8348
8348 5400 6866
10318 8603 8813
8603 8813 10318
8813 8603 10318
6070 10652 11790
10652 6070 11790
11790 6070 10652
7586 12775 13734
12775 7586 13734
13734 7586 12775
4735 6566 12112
12112 4735 6566
6566 4735 12112
7991 2720 12209
2720 7991 12209
12209 2720 7991
13908 2288 12614
2288 12614 13908
12614 2288 13908
12906 2678 11754
2678 11754 12906
11754 2678 12906
1567 752 1708
1708 752 1567
752 1567 1708
9539 3495 8617
3495 8617 9539
8617 3495 9539
10150 11556 13773
13773 10150 11556
11556 10150 13773
5957 6562 10826
6562 5957 10826
10826 5957 6562
13703 5313 9798
9798 5313 13703
5313 9798 13703
5532 6462 10655
10655 5532 6462
6462 5532 10655
11076 110 3874
3874 110 11076
110 3874 11076
14299 8998 11163
8998 11163 14299
11163 8998 14299
7209 5878 6003
5878 6003 7209
6003 5878 7209
10805 4866 13322
13322 4866 10805
4866 10805 13322
5608 2212 10992
10992 2212 5608
2212 5608 10992
11565 6770 7687
6770 7687 11565
7687 6770 11565
18 9639 14514
14514 18 9639
9639 18 14514
14358 9477 14883
9477 14358 14883
14883 9477 14358
14305 8841 13859
13859 8841 14305
8841 13859 14305
6661 11048 11970
11970 6661 11048
11048 6661 11970
5495 646 7162
7162 646 5495
646 5495 7162
8829 8440 9511
8440 8829 9511
9511 8440 8829
13805 11592 13857
13857 11592 13805
11592 13805 13857
6829 5661 12120
5661 6829 12120
12120 5661 6829
5646 1789 9571
9571 1789 5646
1789 5646 9571
11786 11971 12802
11971 11786 12802
12802 11786 11971
3515 13118 14193
13118 3515 14193
14193 3515 13118
1490 10443 13059
10443 1490 13059
13059 1490 10443
3990 7187 12961
7187 3990 12961
12961 3990 7187
2862 11330 11562
11562 2862 11330
11330 2862 11562
8099 4578 5707
5707 4578 8099
4578 5707 8099
3885 2174 11627
2174 3885 11627
11627 2174 3885
3710 7126 11563
7126 3710 11563
11563 3710 7126
12276 4186 6011
6011 4186 12276
4186 6011 12276
5787 2490 8141
8141 2490 5787
2490 5787 8141
2488 3861 14186
14186 2488 3861
3861 2488 14186
2724 6014 8768
6014 2724 8768
8768 2724 6014
6356 1626 3890
1626 3890 6356
3890 1626 6356
8197 7267 9526
9526 7267 8197
7267 8197 9526
1579 819 12327
12327 819 1579
819 1579 12327
7693 4264 14087
14087 4264 7693
4264 7693 14087
10940 1671 6765
6765 1671 10940
1671 6765 10940
12593 10830 13687
13687 10830 12593
10830 12593 13687
10577 8054 14376
8054 10577 14376
14376 8054 10577
8182 1565 11609
1565 8182 11609
11609 1565 8182
1075 2965 3388
3388 1075 2965
2965 1075 3388
5995 11893 13536
13536 5995 11893
11893 5995 13536
8392 8311 9483
8311 8392 9483
9483 8311 8392
2661 7190 7810
7810 2661 7190
7190 2661 7810
11839 3800 14420
14420 3800 11839
3800 11839 14420
9587 9574 14449
14449 9574 9587
9574 9587 14449
1611 7549 14165
7549 1611 14165
14165 1611 7549
3490 927 2452
2452 927 3490
927 2452 3490
8257 3435 6448
3435 6448 8257
6448 3435 8257
2455 9831 14279
14279 2455 9831
9831 2455 14279
2557 3937 4898
4898 2557 3937
3937 2557 4898
6169 5241 10062
10062 5241 6169
5241 6169 10062
6592 12611 13498
13498 6592 12611
12611 6592 13498
11798 7011 14442
7011 11798 14442
14442 7011 11798
14711 4221 4618
4618 4221 14711
4221 4618 14711
5980 4030 13767
4030 5980 13767
13767 4030 5980
12488 2206 14471
14471 2206 12488
2206 12488 14471
4342 5326 12825
12825 4342 5326
5326 4342 12825
10704 4082 7364
7364 4082 10704
4082 7364 10704
5221 10540 10576
10540 5221 10576
10576 5221 10540
12645 5898 10736
10736 5898 12645
5898 10736 12645
12513 1841 14404
14404 1841 12513
1841 12513 14404
11902 2222 13031
2222 11902 13031
13031 2222 11902
1606 3389 6971
6971 1606 3389
3389 1606 6971
11421 7006 14745
14745 7006 11421
7006 11421 14745
11814 686 2414
2414 686 11814
686 2414 11814
190 1144 1627
1627 190 1144
1144 190 1627
7331 327 11350
11350 327 7331
327 7331 11350
14426 7525 13070
7525 13070 14426
13070 7525 14426
6710 10399 12755
10399 6710 12755
12755 6710 10399
215 7662 12279
12279 215 7662
7662 215 12279
6852 479 12813
479 6852 12813
12813 479 6852
6196 639 2732
639 2732 6196
2732 639 6196
11305 4524 6333
4524 6333 11305
6333 4524 11305
3081 2093 10133
10133 2093 3081
2093 3081 10133
3610 3743 4741
4741 3610 3743
3743 3610 4741
10614 7287 10858
7287 10614 10858
10858 7287 10614
4309 2368 13810
2368 4309 13810
13810 2368 4309
14701 11157 12868
11157 12868 14701
12868 11157 14701
6793 3278 12027
3278 6793 12027
12027 3278 6793
12026 4009 7426
7426 4009 12026
4009 7426 12026
1500 2904 4453
4453 1500 2904
2904 1500 4453
8957 1146 9451
9451 1146 8957
1146 8957 9451
6548 2104 5519
5519 2104 6548
2104 5519 6548
11995 8111 10130
10130 8111 11995
8111 10130 11995
5019 2891 11774
11774 2891 5019
2891 5019 11774
4155 4018 13162
4018 4155 13162
13162 4018 4155
4398 8745 9920
9920 4398 8745
8745 4398 9920
6879 7332 8419
8419 6879 7332
7332 6879 8419
3749 7376 12155
7376 3749 12155
12155 3749 7376
11672 1846 4373
4373 1846 11672
1846 4373 11672
2792 2437 6695
2437 2792 6695
6695 2437 2792
5235 11887 12998
12998 5235 11887
11887 5235 12998
5421 9363 11470
11470 5421 9363
9363 5421 11470
7431 1805 13235
1805 7431 13235
13235 1805 7431
12099 11314 12787
11314 12099 12787
12787 11314 12099
4722 8580 9229
8580 4722 9229
9229 4722 8580
9767 11722 13708
13708 9767 11722
11722 9767 13708
2816 7349 13171
7349 2816 13171
13171 2816 7349
8851 5360 8748
8748 5360 8851
5360 8748 8851
1689 7457 10607
10607 1689 7457
7457 1689 10607
12917 2942 8362
2942 8362 12917
8362 2942 12917
6341 1913 14969
14969 1913 6341
1913 6341 14969
12025 590 13837
13837 590 12025
590 12025 13837
9181 882 10052
10052 882 9181
882 9181 10052
2136 7293 11460
7293 2136 11460
11460 2136 7293
8399 5205 5366
5205 5366 8399
5366 5205 8399
3422 5159 6811
6811 3422 5159
5159 3422 6811
13096 2390 5344
2390 5344 13096
5344 2390 13096
10066 4382 7904
7904 4382 10066
4382 7904 10066
331 645 11875
645 331 11875
11875 331 645
7020 5211 9085
9085 5211 7020
5211 7020 9085
4195 906 5918
5918 906 4195
906 4195 5918
683 3674 11862
3674 683 11862
11862 683 3674
2811 8241 14815
8241 2811 14815
14815 2811 8241
11768 3846 9772
9772 3846 11768
3846 9772 11768
10479 5199 6865
6865 5199 10479
5199 6865 10479
3114 10428 13282
13282 3114 10428
10428 3114 13282
13531 8997 10904
8997 10904 13531
10904 8997 13531
12743 11372 14263
11372 12743 14263
14263 11372 12743
11977 10347 14821
10347 11977 14821
14821 10347 11977
1739 4292 14486
4292 1739 14486
14486 1739 4292
8171 2708 9875
2708 8171 9875
9875 2708 8171
1399 3715 11195
11195 1399 3715
3715 1399 11195
5429 4396 7017
4396 5429 7017
7017 4396 5429
13860 9695 9796
9796 9695 13860
9695 9796 13860
11979 3996 12145
3996 11979 12145
12145 3996 11979
13087 1696 11210
1696 11210 13087
11210 1696 13087
12121 5857 5952
5952 5857 12121
5857 5952 12121
14952 9981 13200
13200 9981 14952
9981 13200 14952
12309 5054 6329
6329 5054 12309
5054 6329 12309
7000 422 7899
7899 422 7000
422 7000 7899
8794 5311 14204
5311 8794 14204
14204 5311 8794
1282 1877 9035
1877 1282 9035
9035 1282 1877
12264 2344 2715
2344 2715 12264
2715 2344 12264
1912 1447 2561
2561 1447 1912
1447 1912 2561
14605 10762 14146
14146 10762 14605
10762 14146 14605
369 4414 14306
4414 369 14306
14306 369 4414
4448 11316 11855
11855 4448 11316
11316 4448 11855
11635 7130 9682
7130 9682 11635
9682 7130 11635
13134 3390 6136
3390 6136 13134
6136 3390 13134
7436 7185 10891
7185 7436 10891
10891 7185 7436
6091 1717 14557
14557 1717 6091
1717 6091 14557
9388 1898 5440
5440 1898 9388
1898 5440 9388
8811 1254 4838
4838 1254 8811
1254 4838 8811
2328 6469 11851
6469 2328 11851
11851 2328 6469
2719 4324 10723
10723 2719 4324
4324 2719 10723
12885 3215 7602
7602 3215 12885
3215 7602 12885
13352 1807 7735
7735 1807 13352
1807 7735 13352
672 6128 14006
14006 672 6128
6128 672 14006
13784 458 11809
11809 458 13784
458 11809 13784
1065 903 10474
903 1065 10474
10474 903 1065
8832 13022 14899
13022 8832 14899
14899 8832 13022
11832 4826 13862
13862 4826 11832
4826 11832 13862
12075 2835 7301
7301 2835 12075
2835 7301 12075
14736 3439 8503
3439 8503 14736
8503 3439 14736
615 5135 14014
5135 615 14014
14014 615 5135
13647 7247 9671
7247 9671 13647
9671 7247 13647
701 7313 10060
10060 701 7313
7313 701 10060
10006 1250 6856
6856 1250 10006
1250 6856 10006
13986 5121 11519
5121 11519 13986
11519 5121 13986
11159 3872 11329
3872 11159 11329
11329 3872 11159
3108 4055 14845
14845 3108 4055
4055 3108 14845
14443 1041 5163
1041 5163 14443
5163 1041 14443
10782 2823 12626
2823 10782 12626
12626 2823 10782
11452 409 5699
409 5699 11452
5699 409 11452
6232 843 13993
13993 843 6232
843 6232 13993
12151 4397 7873
7873 4397 12151
4397 7873 12151
2441 3703 10080
3703 2441 10080
10080 2441 3703
7197 87 5334
5334 87 7197
87 5334 7197
7184 8329 14378
8329 7184 14378
14378 7184 8329
6764 8445 12179
12179 6764 8445
8445 6764 12179
8036 1048 14957
14957 1048 8036
1048 8036 14957
12602 1925 5953
5953 1925 12602
1925 5953 12602
1759 3972 9837
3972 1759 9837
9837 1759 3972
4157 5970 12336
12336 4157 5970
5970 4157 12336
876 6871 9432
6871 876 9432
9432 876 6871
1526 5087 9061
9061 1526 5087
5087 1526 9061
3919 2445 12878
12878 2445 3919
2445 3919 12878
3731 12963 14524
12963 3731 14524
14524 3731 12963
9104 2112 5571
5571 2112 9104
2112 5571 9104
12213 9784 10048
9784 10048 12213
10048 9784 12213
13405 4194 10626
4194 10626 13405
10626 4194 13405
550 7085 9073
9073 550 7085
7085 550 9073
14002 12325 14065
12325 14002 14065
14065 12325 14002
9212 2286 6081
2286 6081 9212
6081 2286 9212
4106 2278 12729
12729 2278 4106
2278 4106 12729
6861 1494 9986
1494 6861 9986
9986 1494 6861
12051 5882 12441
12441 5882 12051
5882 12051 12441
14184 4281 7563
7563 4281 14184
4281 7563 14184
10435 1233 6657
6657 1233 10435
1233 6657 10435
4367 7430 14656
7430 4367 14656
14656 4367 7430
2170 3337 8513
3337 2170 8513
8513 2170 3337
10844 6115 7146
7146 6115 10844
6115 7146 10844
8533 5774 7131
5774 7131 8533
7131 5774 8533
4454 7722 10763
7722 4454 10763
10763 4454 7722
6578 8206 9752
8206 6578 9752
9752 6578 8206
5505 3975 8650
8650 3975 5505
3975 5505 8650
12240 1038 9788
9788 1038 12240
1038 9788 12240
10816 1232 3276
1232 3276 10816
3276 1232 10816
4703 1276 4319
1276 4319 4703
4319 1276 4703
3944 4091 9481
9481 3944 4091
4091 3944 9481
13593 6639 7454
7454 6639 13593
6639 7454 13593
4216 5415 6023
5415 4216 6023
6023 4216 5415
4897 4588 6779
6779 4588 4897
4588 4897 6779
12419 1007 14188
1007 12419 14188
14188 1007 12419
11366 4718 9689
9689 4718 11366
4718 9689 11366
171 1468 8098
8098 171 1468
1468 171 8098
11040 3160 9829
3160 9829 11040
9829 3160 11040
11193 545 13689
13689 545 11193
545 11193 13689
1967 36 7974
36 1967 7974
7974 36 1967
3625 5940 12031
12031 3625 5940
5940 3625 12031
4376 7968 11611
7968 4376 11611
11611 4376 7968
6867 200 14935
200 6867 14935
14935 200 6867
3557 1550 12572
1550 3557 12572
12572 1550 3557
7273 5319 13960
13960 5319 7273
5319 7273 13960
6563 11332 12211
11332 6563 12211
12211 6563 11332
13791 5263 9601
9601 5263 13791
5263 9601 13791
5860 4667 5033
5033 4667 5860
4667 5033 5860
11010 1675 3916
3916 1675 11010
1675 3916 11010
12725 1952 4896
4896 1952 12725
1952 4896 12725
8243 11278 14805
14805 8243 11278
11278 8243 14805
3116 2383 13939
13939 2383 3116
2383 3116 13939
2733 4599 13392
4599 2733 13392
13392 2733 4599
8380 4223 4743
4743 4223 8380
4223 4743 8380
3457 8616 9367
8616 3457 9367
9367 3457 8616
13349 4928 9175
9175 4928 13349
4928 9175 13349
11649 2470 13100
2470 11649 13100
13100 2470 11649
14800 5076 6848
6848 5076 14800
5076 6848 14800
1755 1142 11987
1142 1755 11987
11987 1142 1755
4919 5392 11782
11782 4919 5392
5392 4919 11782
13126 6670 10214
6670 10214 13126
10214 6670 13126
6026 7141 8125
7141 6026 8125
8125 6026 7141
973 7644 8524
8524 973 7644
7644 973 8524
7920 2081 7142
7142 2081 7920
2081 7142 7920
5892 1327 7488
7488 1327 5892
1327 5892 7488
9053 2228 10551
2228 9053 10551
10551 2228 9053
4170 7115 12444
12444 4170 7115
7115 4170 12444
2548 315 5006
315 2548 5006
5006 315 2548
3973 12579 13153
12579 3973 13153
13153 3973 12579
5668 3901 8429
3901 5668 8429
8429 3901 5668
1788 1638 5023
1638 1788 5023
5023 1638 1788
3536 6693 12748
12748 3536 6693
6693 3536 12748
5175 3043 14657
14657 3043 5175
3043 5175 14657
3931 6482 7053
6482 3931 7053
7053 3931 6482
1434 1158 13158
13158 1158 1434
1158 1434 13158
4585 8840 13846
8840 4585 13846
13846 4585 8840
6178 12314 14123
12314 6178 14123
14123 6178 12314
4611 5503 10380
5503 4611 10380
10380 4611 5503
5744 471 5659
471 5659 5744
5659 471 5744
9678 4310 7615
4310 7615 9678
7615 4310 9678
318 2516 10181
2516 318 10181
10181 318 2516
4757 3970 8649
8649 3970 4757
3970 4757 8649
12955 1284 2796
2796 1284 12955
1284 2796 12955
4984 7090 8248
7090 4984 8248
8248 4984 7090
2894 378 4354
4354 378 2894
378 2894 4354
2934 9733 11668
9733 2934 11668
11668 2934 9733
8774 4198 7334
4198 7334 8774
7334 4198 8774
3403 7452 8886
7452 3403 8886
8886 3403 7452
13760 11264 12531
11264 12531 13760
12531 11264 13760
14407 9998 11448
9998 11448 14407
11448 9998 14407
9420 5355 6395
5355 6395 9420
6395 5355 9420
12117 12565 13581
12565 12117 13581
13581 12117 12565
14094 5883 11750
5883 11750 14094
11750 5883 14094
8476 2248 6067
2248 6067 8476
6067 2248 8476
4422 2671 5131
5131 2671 4422
2671 4422 5131
6327 1103 1943
1103 1943 6327
1943 1103 6327
614 12261 12986
12261 614 12986
12986 614 12261
8258 2189 7282
7282 2189 8258
2189 7282 8258
12425 4158 11320
11320 4158 12425
4158 11320 12425
2879 9371 10915
10915 2879 9371
9371 2879 10915
12989 2803 13121
2803 12989 13121
13121 2803 12989
12943 43 2335
43 2335 12943
2335 43 12943
5230 1392 8304
1392 5230 8304
