849 214 1016
1016 214 849
214 849 1016
1189 121 1071
1071 121 1189
121 1071 1189
1084 360 798
360 798 1084
798 360 1084
115 560 808
808 115 560
560 115 808
562 1044 1083
1083 562 1044
1044 562 1083
1119 829 1238
829 1119 1238
1238 829 1119
447 998 1013
998 447 1013
1013 447 998
788 182 1361
1361 182 788
182 788 1361
1396 272 1251
1251 272 1396
272 1251 1396
619 372 1156
1156 372 619
372 619 1156
1226 180 215
180 215 1226
215 180 1226
310 57 564
564 57 310
57 310 564
1165 158 432
432 158 1165
158 432 1165
1338 499 940
940 499 1338
499 940 1338
936 616 814
616 814 936
814 616 936
667 216 1074
1074 216 667
216 667 1074
857 701 1476
1476 701 857
701 857 1476
1130 1046 1363
1046 1130 1363
1363 1046 1130
977 651 685
651 685 977
685 651 977
402 477 883
883 402 477
477 402 883
264 93 287
287 93 264
93 264 287
758 812 963
963 758 812
812 758 963
869 186 200
186 200 869
200 186 869
707 352 1369
352 707 1369
1369 352 707
369 2 803
2 369 803
803 2 369
1145 627 1105
627 1105 1145
1105 627 1145
1368 668 1088
1088 668 1368
668 1088 1368
603 846 955
955 603 846
846 603 955
342 236 1023
1023 236 342
236 342 1023
166 416 589
589 166 416
416 166 589
771 714 1488
1488 714 771
714 771 1488
517 783 832
832 517 783
783 517 832
1408 405 1470
405 1408 1470
1470 405 1408
1391 618 898
618 898 1391
898 618 1391
188 596 1475
596 188 1475
1475 188 596
863 277 1111
277 863 1111
1111 277 863
1103 21 292
292 21 1103
21 292 1103
153 17 1127
1127 17 153
17 153 1127
167 518 1384
518 167 1384
1384 167 518
1110 1065 1364
1364 1065 1110
1065 1110 1364
358 336 1117
1117 336 358
336 358 1117
1304 773 914
773 914 1304
914 773 1304
54 245 708
708 54 245
245 54 708
430 459 1035
1035 430 459
459 430 1035
790 780 959
780 790 959
959 780 790
984 144 847
144 847 984
847 144 984
98 902 1263
902 98 1263
1263 98 902
604 1224 1483
1483 604 1224
1224 604 1483
1202 807 1036
1036 807 1202
807 1036 1202
1312 42 1151
1151 42 1312
42 1151 1312
877 124 782
782 124 877
124 782 877
1054 278 425
425 278 1054
278 425 1054
1431 1166 1410
1166 1410 1431
1410 1166 1431
64 61 270
270 61 64
61 64 270
496 409 753
753 409 496
409 496 753
78 1192 1445
1192 78 1445
1445 78 1192
1232 36 923
923 36 1232
36 923 1232
1028 401 757
401 757 1028
757 401 1028
1206 694 1290
1290 694 1206
694 1206 1290
1149 915 1094
915 1094 1149
1094 915 1149
739 163 789
163 739 789
789 163 739
797 211 1085
211 797 1085
1085 211 797
440 579 873
579 440 873
873 440 579
1404 503 1121
1121 503 1404
503 1121 1404
460 96 280
96 280 460
280 96 460
1313 417 452
452 417 1313
417 452 1313
1397 222 987
222 987 1397
987 222 1397
752 559 1109
559 752 1109
1109 559 752
794 226 769
226 769 794
769 226 794
1283 515 1172
1172 515 1283
515 1172 1283
640 514 730
730 514 640
514 640 730
423 870 1027
870 423 1027
1027 423 870
505 224 997
224 505 997
997 224 505
38 332 872
872 38 332
332 38 872
1204 443 650
443 650 1204
650 443 1204
420 434 943
434 420 943
943 420 434
25 450 732
450 25 732
732 25 450
494 647 1198
647 494 1198
1198 494 647
1104 261 426
261 426 1104
426 261 1104
1148 811 1456
811 1148 1456
1456 811 1148
919 892 1342
892 919 1342
1342 892 919
231 1118 1265
1265 231 1118
1118 231 1265
820 191 325
191 325 820
325 191 820
436 44 546
44 436 546
546 44 436
466 134 954
134 466 954
954 134 466
209 40 462
40 209 462
462 40 209
1047 151 1231
151 1047 1231
1231 151 1047
13 833 1275
833 13 1275
1275 13 833
120 414 556
556 120 414
414 120 556
8 1014 1157
1014 8 1157
1157 8 1014
775 29 623
29 623 775
623 29 775
968 1291 1402
1402 968 1291
1291 968 1402
143 953 967
953 143 967
967 143 953
523 834 1412
834 523 1412
1412 523 834
945 702 1280
1280 702 945
702 945 1280
441 194 1052
194 441 1052
1052 194 441
652 686 1146
1146 652 686
686 652 1146
566 666 1432
666 566 1432
1432 566 666
1066 397 720
397 720 1066
720 397 1066
189 502 594
502 189 594
594 189 502
1193 747 921
747 921 1193
921 747 1193
529 542 1314
542 529 1314
1314 529 542
1049 679 1115
1115 679 1049
679 1049 1115
346 99 796
99 346 796
796 99 346
455 338 495
495 338 455
338 455 495
1008 1268 1430
1430 1008 1268
1268 1008 1430
55 165 600
165 55 600
600 55 165
682 648 1060
1060 648 682
648 682 1060
164 110 996
996 110 164
110 164 996
905 58 909
58 905 909
909 58 905
687 75 1122
1122 75 687
75 687 1122
1169 237 1168
237 1168 1169
1168 237 1169
551 535 1438
535 551 1438
1438 535 551
1069 7 365
365 7 1069
7 365 1069
476 33 218
218 33 476
33 218 476
1134 385 1436
1436 385 1134
385 1134 1436
1341 227 745
745 227 1341
227 745 1341
391 378 697
697 378 391
378 391 697
319 656 1335
656 319 1335
1335 319 656
1306 407 680
680 407 1306
407 680 1306
922 241 1070
1070 241 922
241 922 1070
1405 349 932
932 349 1405
349 932 1405
1182 192 1310
192 1182 1310
1310 192 1182
498 381 487
487 381 498
381 487 498
122 625 1159
1159 122 625
625 122 1159
49 1 113
1 49 113
113 1 49
1325 507 673
507 673 1325
673 507 1325
1162 86 931
931 86 1162
86 931 1162
382 257 1423
257 382 1423
1423 257 382
43 53 1161
53 43 1161
1161 43 53
290 1053 1114
1114 290 1053
1053 290 1114
155 71 539
539 71 155
71 155 539
41 972 1276
1276 41 972
972 41 1276
764 129 1048
1048 129 764
129 764 1048
850 309 543
543 309 850
309 543 850
225 488 1029
1029 225 488
488 225 1029
511 760 946
946 511 760
760 511 946
105 1233 1485
1233 105 1485
1485 105 1233
248 525 1190
525 248 1190
1190 248 525
665 856 976
856 665 976
976 665 856
824 85 256
85 256 824
256 85 824
1424 894 1249
894 1249 1424
1249 894 1424
585 975 980
980 585 975
975 585 980
470 135 754
135 470 754
754 135 470
1434 253 533
253 533 1434
533 253 1434
1100 1311 1365
1365 1100 1311
1311 1100 1365
917 126 913
126 913 917
913 126 917
524 51 629
629 51 524
51 524 629
887 893 896
896 887 893
893 887 896
785 22 584
584 22 785
22 584 785
588 79 1037
79 588 1037
1037 79 588
1401 288 330
330 288 1401
288 330 1401
147 329 1096
1096 147 329
329 147 1096
1181 645 1045
645 1045 1181
1045 645 1181
787 1184 1317
1317 787 1184
1184 787 1317
1480 735 1195
735 1195 1480
1195 735 1480
723 620 866
620 723 866
866 620 723
660 181 205
181 205 660
205 181 660
47 530 904
904 47 530
530 47 904
339 544 800
544 339 800
800 339 544
1337 345 374
345 374 1337
374 345 1337
1382 1178 1415
1415 1178 1382
1178 1382 1415
334 755 1208
755 334 1208
1208 334 755
1376 74 830
74 830 1376
830 74 1376
333 112 363
112 333 363
363 112 333
1440 299 1331
1331 299 1440
299 1331 1440
1061 464 1346
464 1061 1346
1346 464 1061
489 140 1334
1334 140 489
140 489 1334
1091 989 1425
1425 989 1091
989 1091 1425
162 63 469
469 63 162
63 162 469
925 478 1245
478 925 1245
1245 478 925
705 610 1255
610 705 1255
1255 610 705
608 448 740
448 608 740
740 448 608
1063 88 428
88 428 1063
428 88 1063
107 528 1020
528 107 1020
1020 107 528
1294 302 1236
1236 302 1294
302 1236 1294
276 581 1366
581 276 1366
1366 276 581
341 314 1327
1327 314 341
314 341 1327
879 271 1433
1433 271 879
271 879 1433
908 696 983
696 908 983
983 696 908
1455 1128 1437
1128 1437 1455
1437 1128 1455
14 269 298
298 14 269
269 14 298
15 170 1261
170 15 1261
1261 15 170
501 300 1429
1429 300 501
300 501 1429
1446 322 654
322 654 1446
654 322 1446
868 92 805
805 92 868
92 805 868
671 888 1332
1332 671 888
888 671 1332
795 491 1358
1358 491 795
491 795 1358
1113 1126 1160
1160 1113 1126
1126 1113 1160
35 429 1247
429 35 1247
1247 35 429
77 260 659
659 77 260
260 77 659
799 321 1005
321 799 1005
1005 321 799
951 1209 1293
1293 951 1209
1209 951 1293
258 328 1403
1403 258 328
328 258 1403
82 582 1418
582 82 1418
1418 82 582
1267 307 885
885 307 1267
307 885 1267
675 451 1175
451 675 1175
1175 451 675
1474 174 527
527 174 1474
174 527 1474
343 910 1101
1101 343 910
910 343 1101
384 1449 1496
1496 384 1449
1449 384 1496
463 1051 1471
1471 463 1051
1051 463 1471
901 69 1099
69 901 1099
1099 69 901
897 661 718
718 661 897
661 718 897
1223 251 840
251 840 1223
840 251 1223
479 920 1482
1482 479 920
920 479 1482
1200 871 1256
1256 871 1200
871 1200 1256
1390 606 1373
606 1373 1390
1373 606 1390
431 482 1097
1097 431 482
482 431 1097
634 304 335
304 335 634
335 304 634
1356 202 924
924 202 1356
202 924 1356
1106 1076 1199
1199 1076 1106
1076 1106 1199
756 178 776
178 756 776
776 178 756
444 1170 1362
1170 444 1362
1362 444 1170
1375 396 813
813 396 1375
396 813 1375
1012 453 899
899 453 1012
453 899 1012
683 67 154
154 67 683
67 154 683
406 886 956
886 406 956
956 406 886
424 988 1318
988 424 1318
1318 424 988
622 442 512
442 512 622
512 442 622
674 179 435
435 179 674
179 435 674
138 678 1090
678 138 1090
1090 138 678
229 1108 1132
1108 229 1132
1132 229 1108
421 94 415
94 415 421
415 94 421
555 878 933
933 555 878
878 555 933
1073 123 500
500 123 1073
123 500 1073
835 131 375
375 131 835
131 375 835
1258 553 1123
553 1123 1258
1123 553 1258
1059 724 929
724 929 1059
929 724 1059
793 1308 1395
1395 793 1308
1308 793 1395
320 12 526
526 12 320
12 320 526
684 508 1349
508 684 1349
1349 508 684
934 109 942
109 934 942
942 109 934
534 1087 1419
1087 534 1419
1419 534 1087
561 580 1302
1302 561 580
580 561 1302
492 34 204
34 204 492
204 34 492
1316 1067 1219
1219 1067 1316
1067 1219 1316
228 670 966
966 228 670
670 228 966
11 1034 1307
1307 11 1034
1034 11 1307
403 1133 1374
1374 403 1133
1133 403 1374
826 285 1289
285 826 1289
1289 285 826
108 598 1220
1220 108 598
598 108 1220
1158 87 1271
1271 87 1158
87 1158 1271
1348 247 999
247 999 1348
999 247 1348
1025 821 1089
821 1025 1089
1089 821 1025
1259 101 212
101 212 1259
212 101 1259
1248 136 979
979 136 1248
136 979 1248
1321 183 1451
183 1321 1451
1451 183 1321
950 356 497
356 497 950
497 356 950
220 890 1000
890 220 1000
1000 220 890
1246 949 1253
1253 949 1246
949 1246 1253
145 737 1244
737 145 1244
1244 145 737
1274 24 400
400 24 1274
24 400 1274
1353 56 279
279 56 1353
56 279 1353
672 294 699
699 294 672
294 672 699
994 706 867
706 867 994
867 706 994
767 230 262
262 230 767
230 262 767
337 607 1215
1215 337 607
607 337 1215
641 5 521
521 5 641
5 521 641
242 1007 1473
1007 242 1473
1473 242 1007
1142 1015 1098
1098 1015 1142
1015 1098 1142
437 1237 1498
1498 437 1237
1237 437 1498
1286 615 1301
615 1286 1301
1301 615 1286
351 234 1207
1207 234 351
234 351 1207
454 655 691
691 454 655
655 454 691
243 884 1422
884 243 1422
1422 243 884
1387 282 306
306 282 1387
282 306 1387
881 148 481
148 481 881
481 148 881
891 709 1186
709 891 1186
1186 709 891
1225 810 1021
1021 810 1225
810 1021 1225
246 1222 1242
1242 246 1222
1222 246 1242
1371 326 621
621 326 1371
326 621 1371
1453 265 613
613 265 1453
265 613 1453
815 23 586
23 586 815
586 23 815
250 1030 1285
1285 250 1030
1030 250 1285
1009 392 1305
392 1009 1305
1305 392 1009
710 323 862
323 710 862
862 323 710
1055 45 736
45 736 1055
736 45 1055
1435 171 558
171 558 1435
558 171 1435
552 72 1057
72 552 1057
1057 72 552
1212 353 939
939 353 1212
353 939 1212
1336 548 763
763 548 1336
548 763 1336
823 305 354
354 305 823
305 354 823
1389 703 1467
703 1389 1467
1467 703 1389
537 690 742
742 537 690
690 537 742
118 4 918
4 118 918
918 4 118
928 493 614
493 614 928
614 493 928
486 106 1465
1465 106 486
106 486 1465
587 89 311
311 89 587
89 311 587
541 376 1257
1257 376 541
376 541 1257
861 819 1464
819 861 1464
1464 819 861
982 238 591
238 591 982
591 238 982
73 1129 1295
1129 73 1295
1295 73 1129
1082 37 597
597 37 1082
37 597 1082
762 62 1315
1315 62 762
62 762 1315
185 804 1326
804 185 1326
1326 185 804
839 633 1299
633 839 1299
1299 633 839
1282 433 1359
1359 433 1282
433 1282 1359
149 102 128
128 102 149
102 128 149
628 474 744
474 628 744
744 474 628
1380 133 1010
133 1010 1380
1010 133 1380
203 175 249
249 175 203
175 203 249
1272 197 568
197 568 1272
568 197 1272
681 713 1185
713 681 1185
1185 681 713
1457 48 169
48 169 1457
169 48 1457
223 219 991
219 223 991
991 219 223
1287 176 704
704 176 1287
176 704 1287
1441 168 412
168 412 1441
412 168 1441
125 160 1352
1352 125 160
160 125 1352
809 111 1328
111 809 1328
1328 111 809
362 712 1229
1229 362 712
712 362 1229
567 1040 1164
1164 567 1040
1040 567 1164
1411 751 935
751 935 1411
935 751 1411
721 293 1447
293 721 1447
1447 293 721
177 1217 1420
1217 177 1420
1420 177 1217
273 1385 1499
1385 273 1499
1499 273 1385
903 838 1339
838 903 1339
1339 838 903
240 395 1043
1043 240 395
395 240 1043
1173 1205 1296
1296 1173 1205
1205 1173 1296
895 576 1042
576 895 1042
1042 576 895
1357 545 1062
1062 545 1357
545 1062 1357
1254 461 569
569 461 1254
461 569 1254
784 233 601
233 601 784
601 233 784
472 161 344
344 161 472
161 344 472
1300 30 350
350 30 1300
30 350 1300
213 142 578
142 213 578
578 142 213
1323 295 315
315 295 1323
295 315 1323
1038 725 1264
1264 725 1038
725 1038 1264
318 359 1388
359 318 1388
1388 318 359
1006 973 1143
973 1006 1143
1143 973 1006
900 547 889
547 889 900
889 547 900
1466 137 845
137 845 1466
845 137 1466
1426 1131 1141
1141 1131 1426
1131 1141 1426
1147 393 1370
393 1147 1370
1370 393 1147
1462 172 297
297 172 1462
172 297 1462
190 254 743
743 190 254
254 190 743
308 139 969
139 308 969
969 139 308
1196 377 1492
1492 377 1196
377 1196 1492
252 81 411
411 81 252
81 252 411
1273 719 772
719 772 1273
772 719 1273
611 880 1144
880 611 1144
1144 611 880
573 410 1262
410 573 1262
1262 410 573
831 1032 1154
1032 831 1154
1154 831 1032
398 602 612
612 398 602
602 398 612
386 1324 1399
1324 386 1399
1399 386 1324
1383 1279 1303
1279 1303 1383
1303 1279 1383
1444 520 1011
520 1011 1444
1011 520 1444
370 291 912
291 370 912
912 291 370
1500 157 1135
1135 157 1500
157 1135 1500
624 825 1463
1463 624 825
825 624 1463
637 738 1343
1343 637 738
738 637 1343
1351 993 1460
993 1351 1460
1460 993 1351
646 947 1171
947 646 1171
1171 646 947
52 1041 1269
1269 52 1041
1041 52 1269
317 239 960
960 239 317
239 317 960
1416 355 1439
355 1416 1439
1439 355 1416
1022 28 663
28 663 1022
663 28 1022
1377 104 729
729 104 1377
104 729 1377
1125 926 1319
1319 926 1125
926 1125 1319
439 207 465
207 439 465
465 207 439
1024 408 522
408 522 1024
522 408 1024
1260 367 1298
367 1260 1298
1298 367 1260
1002 388 1239
388 1002 1239
1239 388 1002
65 662 677
677 65 662
662 65 677
141 692 1188
1188 141 692
692 141 1188
1003 90 467
467 90 1003
90 467 1003
1211 572 842
572 842 1211
842 572 1211
1452 201 853
853 201 1452
201 853 1452
1330 1288 1409
1409 1288 1330
1288 1330 1409
1407 642 1486
642 1407 1486
1486 642 1407
419 485 728
485 419 728
728 419 485
156 843 1075
1075 156 843
843 156 1075
1152 446 1329
1329 446 1152
446 1152 1329
76 331 715
331 76 715
715 76 331
786 3 1001
3 786 1001
1001 3 786
664 609 1234
1234 609 664
609 664 1234
1194 1039 1093
1039 1093 1194
1093 1039 1194
698 801 1461
801 698 1461
1461 698 801
1155 916 937
916 937 1155
937 916 1155
532 146 779
146 532 779
779 146 532
554 1443 1468
1468 554 1443
1443 554 1468
1107 765 1136
1136 765 1107
765 1107 1136
1191 865 1297
865 1191 1297
1297 865 1191
695 700 1077
1077 695 700
700 695 1077
1428 802 848
848 802 1428
802 848 1428
992 761 1270
1270 761 992
761 992 1270
235 1124 1491
1491 235 1124
1124 235 1491
10 516 1243
516 10 1243
1243 10 516
1252 66 210
210 66 1252
66 210 1252
1309 964 1064
1064 964 1309
964 1064 1309
324 266 1322
1322 266 324
266 324 1322
605 722 1333
1333 605 722
722 605 1333
952 83 296
296 83 952
83 296 952
1345 32 1392
32 1345 1392
1392 32 1345
836 1177 1292
1177 836 1292
1292 836 1177
669 26 259
26 259 669
259 26 669
930 1139 1228
1228 930 1139
1139 930 1228
206 1050 1355
1050 206 1355
1355 206 1050
1406 731 1072
731 1072 1406
1072 731 1406
1487 130 1197
1197 130 1487
130 1197 1487
1201 676 1442
676 1201 1442
1442 676 1201
827 658 962
658 827 962
962 658 827
193 961 985
985 193 961
961 193 985
480 657 750
750 480 657
657 480 750
907 27 368
27 368 907
368 27 907
906 565 1378
565 906 1378
1378 565 906
312 301 1218
1218 301 312
301 312 1218
874 471 571
471 571 874
571 471 874
468 970 1394
970 468 1394
1394 468 970
583 389 1372
1372 389 583
389 583 1372
1448 948 981
981 948 1448
948 981 1448
957 513 855
513 855 957
855 513 957
575 590 1277
1277 575 590
590 575 1277
540 19 198
198 19 540
19 198 540
1210 357 593
357 593 1210
593 357 1210
1278 361 1004
361 1004 1278
1004 361 1278
340 636 1179
1179 340 636
636 340 1179
531 327 366
366 327 531
327 366 531
509 283 927
927 283 509
283 509 927
716 116 438
116 438 716
438 116 716
1493 484 1026
484 1026 1493
1026 484 1493
563 289 791
791 289 563
289 563 791
1393 16 644
16 644 1393
644 16 1393
46 84 816
84 46 816
816 46 84
688 844 1344
1344 688 844
844 688 1344
458 348 1478
348 458 1478
1478 348 458
748 631 1489
631 748 1489
1489 631 748
199 1068 1281
1281 199 1068
1068 199 1281
938 31 1230
31 938 1230
1230 31 938
1187 733 1381
733 1187 1381
1381 733 1187
1078 653 854
854 653 1078
653 854 1078
841 958 1494
958 841 1494
1494 841 958
1472 39 1350
1350 39 1472
39 1350 1472
1153 390 726
726 390 1153
390 726 1153
1477 281 649
281 649 1477
649 281 1477
418 577 1221
577 418 1221
1221 418 577
1018 741 1019
1019 741 1018
741 1018 1019
1340 427 510
427 510 1340
510 427 1340
59 875 971
971 59 875
875 59 971
1240 97 445
445 97 1240
97 445 1240
1354 313 1454
313 1354 1454
1454 313 1354
557 18 639
639 18 557
18 557 639
858 379 504
504 379 858
379 504 858
1116 20 1137
1137 20 1116
20 1116 1137
127 1284 1417
1284 127 1417
1417 127 1284
173 449 864
449 173 864
864 173 449
1176 152 1092
152 1092 1176
1092 152 1176
103 617 828
617 103 828
828 103 617
387 347 404
347 387 404
404 347 387
632 221 727
221 632 727
727 221 632
1413 195 965
965 195 1413
195 965 1413
574 316 383
383 316 574
316 383 574
1484 95 399
95 399 1484
399 95 1484
974 244 1497
1497 244 974
244 974 1497
100 860 1481
860 100 1481
1481 100 860
538 6 1490
6 538 1490
1490 6 538
595 519 837
837 519 595
519 595 837
150 592 1140
1140 150 592
592 150 1140
944 159 1400
159 944 1400
1400 159 944
770 941 1450
941 770 1450
1450 770 941
184 549 1150
1150 184 549
549 184 1150
851 792 1079
1079 792 851
792 851 1079
734 506 630
506 630 734
630 506 734
60 473 746
746 60 473
473 60 746
1427 80 1469
1469 80 1427
80 1427 1469
1058 457 1120
457 1058 1120
1120 457 1058
217 635 778
635 217 778
778 217 635
373 777 818
818 373 777
777 373 818
263 132 911
911 132 263
132 263 911
1183 483 1138
483 1138 1183
1138 483 1183
1080 1112 1379
1379 1080 1112
1112 1080 1379
274 187 768
768 187 274
187 274 768
626 1102 1320
1102 626 1320
1320 626 1102
882 1203 1421
1421 882 1203
1203 882 1421
781 599 1347
599 781 1347
1347 599 781
1167 1017 1241
1241 1017 1167
1017 1167 1241
490 394 643
643 394 490
394 490 643
693 208 1360
208 693 1360
1360 208 693
986 475 1081
475 986 1081
1081 475 986
70 68 1214
68 70 1214
1214 68 70
536 749 1031
749 536 1031
1031 536 749
1495 303 1095
1095 303 1495
303 1095 1495
284 380 1235
380 284 1235
1235 284 380
9 1086 1266
1266 9 1086
1086 9 1266
413 422 456
422 413 456
456 413 422
255 711 759
759 255 711
711 255 759
638 1174 1398
1174 638 1398
1398 638 1174
286 550 1163
1163 286 550
550 286 1163
1367 822 1227
1227 822 1367
822 1227 1367
689 114 1033
114 689 1033
1033 114 689
717 364 852
364 717 852
852 364 717
50 876 990
876 50 990
990 50 876
1216 859 1414
1414 859 1216
859 1216 1414
119 267 774
267 119 774
774 119 267
1386 806 817
806 817 1386
817 806 1386
275 371 1180
371 275 1180
1180 275 371
232 196 1250
196 232 1250
1250 196 232
1459 268 978
268 978 1459
978 268 1459
1458 1213 1479
1213 1458 1479
1479 1213 1458
570 766 1056
1056 570 766
766 570 1056
91 117 995
995 91 117
117 91 995
